#  E (eV)   dos(E)     Int dos(E) EFermi =   -2.151 eV
 -10.000  0.0000E+00  0.0000E+00
  -9.990  0.0000E+00  0.0000E+00
  -9.980  0.0000E+00  0.0000E+00
  -9.970  0.0000E+00  0.0000E+00
  -9.960  0.0000E+00  0.0000E+00
  -9.950  0.0000E+00  0.0000E+00
  -9.940  0.0000E+00  0.0000E+00
  -9.930  0.0000E+00  0.0000E+00
  -9.920  0.0000E+00  0.0000E+00
  -9.910  0.0000E+00  0.0000E+00
  -9.900  0.0000E+00  0.0000E+00
  -9.890  0.0000E+00  0.0000E+00
  -9.880  0.0000E+00  0.0000E+00
  -9.870  0.0000E+00  0.0000E+00
  -9.860  0.0000E+00  0.0000E+00
  -9.850  0.0000E+00  0.0000E+00
  -9.840  0.0000E+00  0.0000E+00
  -9.830  0.0000E+00  0.0000E+00
  -9.820  0.0000E+00  0.0000E+00
  -9.810  0.0000E+00  0.0000E+00
  -9.800  0.0000E+00  0.0000E+00
  -9.790  0.0000E+00  0.0000E+00
  -9.780  0.0000E+00  0.0000E+00
  -9.770  0.0000E+00  0.0000E+00
  -9.760  0.0000E+00  0.0000E+00
  -9.750  0.0000E+00  0.0000E+00
  -9.740  0.0000E+00  0.0000E+00
  -9.730  0.0000E+00  0.0000E+00
  -9.720  0.0000E+00  0.0000E+00
  -9.710  0.0000E+00  0.0000E+00
  -9.700  0.0000E+00  0.0000E+00
  -9.690  0.0000E+00  0.0000E+00
  -9.680  0.0000E+00  0.0000E+00
  -9.670  0.0000E+00  0.0000E+00
  -9.660  0.0000E+00  0.0000E+00
  -9.650  0.0000E+00  0.0000E+00
  -9.640  0.0000E+00  0.0000E+00
  -9.630  0.0000E+00  0.0000E+00
  -9.620  0.0000E+00  0.0000E+00
  -9.610  0.0000E+00  0.0000E+00
  -9.600  0.0000E+00  0.0000E+00
  -9.590  0.0000E+00  0.0000E+00
  -9.580  0.0000E+00  0.0000E+00
  -9.570  0.0000E+00  0.0000E+00
  -9.560  0.0000E+00  0.0000E+00
  -9.550  0.0000E+00  0.0000E+00
  -9.540  0.0000E+00  0.0000E+00
  -9.530  0.0000E+00  0.0000E+00
  -9.520  0.0000E+00  0.0000E+00
  -9.510  0.0000E+00  0.0000E+00
  -9.500  0.0000E+00  0.0000E+00
  -9.490  0.0000E+00  0.0000E+00
  -9.480  0.0000E+00  0.0000E+00
  -9.470  0.0000E+00  0.0000E+00
  -9.460  0.0000E+00  0.0000E+00
  -9.450  0.0000E+00  0.0000E+00
  -9.440  0.0000E+00  0.0000E+00
  -9.430  0.0000E+00  0.0000E+00
  -9.420  0.0000E+00  0.0000E+00
  -9.410  0.0000E+00  0.0000E+00
  -9.400  0.0000E+00  0.0000E+00
  -9.390  0.0000E+00  0.0000E+00
  -9.380  0.0000E+00  0.0000E+00
  -9.370  0.0000E+00  0.0000E+00
  -9.360  0.0000E+00  0.0000E+00
  -9.350  0.0000E+00  0.0000E+00
  -9.340  0.0000E+00  0.0000E+00
  -9.330  0.0000E+00  0.0000E+00
  -9.320  0.0000E+00  0.0000E+00
  -9.310  0.0000E+00  0.0000E+00
  -9.300  0.0000E+00  0.0000E+00
  -9.290  0.0000E+00  0.0000E+00
  -9.280  0.0000E+00  0.0000E+00
  -9.270  0.0000E+00  0.0000E+00
  -9.260  0.0000E+00  0.0000E+00
  -9.250  0.0000E+00  0.0000E+00
  -9.240  0.0000E+00  0.0000E+00
  -9.230  0.0000E+00  0.0000E+00
  -9.220  0.0000E+00  0.0000E+00
  -9.210  0.0000E+00  0.0000E+00
  -9.200  0.0000E+00  0.0000E+00
  -9.190  0.0000E+00  0.0000E+00
  -9.180  0.0000E+00  0.0000E+00
  -9.170  0.0000E+00  0.0000E+00
  -9.160  0.0000E+00  0.0000E+00
  -9.150  0.0000E+00  0.0000E+00
  -9.140  0.0000E+00  0.0000E+00
  -9.130  0.0000E+00  0.0000E+00
  -9.120  0.0000E+00  0.0000E+00
  -9.110  0.0000E+00  0.0000E+00
  -9.100  0.0000E+00  0.0000E+00
  -9.090  0.0000E+00  0.0000E+00
  -9.080  0.0000E+00  0.0000E+00
  -9.070  0.0000E+00  0.0000E+00
  -9.060  0.0000E+00  0.0000E+00
  -9.050  0.0000E+00  0.0000E+00
  -9.040  0.0000E+00  0.0000E+00
  -9.030  0.0000E+00  0.0000E+00
  -9.020  0.0000E+00  0.0000E+00
  -9.010  0.0000E+00  0.0000E+00
  -9.000  0.0000E+00  0.0000E+00
  -8.990  0.0000E+00  0.0000E+00
  -8.980  0.0000E+00  0.0000E+00
  -8.970  0.0000E+00  0.0000E+00
  -8.960  0.0000E+00  0.0000E+00
  -8.950  0.0000E+00  0.0000E+00
  -8.940  0.0000E+00  0.0000E+00
  -8.930  0.0000E+00  0.0000E+00
  -8.920  0.0000E+00  0.0000E+00
  -8.910  0.0000E+00  0.0000E+00
  -8.900  0.0000E+00  0.0000E+00
  -8.890  0.0000E+00  0.0000E+00
  -8.880  0.0000E+00  0.0000E+00
  -8.870  0.0000E+00  0.0000E+00
  -8.860  0.0000E+00  0.0000E+00
  -8.850  0.0000E+00  0.0000E+00
  -8.840  0.0000E+00  0.0000E+00
  -8.830  0.0000E+00  0.0000E+00
  -8.820  0.0000E+00  0.0000E+00
  -8.810  0.0000E+00  0.0000E+00
  -8.800  0.6561E-01  0.3512E-03
  -8.790  0.8773E-01  0.1186E-02
  -8.780  0.8596E-01  0.1975E-02
  -8.770  0.8102E-01  0.2843E-02
  -8.760  0.8458E-01  0.3647E-02
  -8.750  0.8074E-01  0.4521E-02
  -8.740  0.8159E-01  0.5339E-02
  -8.730  0.8603E-01  0.6167E-02
  -8.720  0.8361E-01  0.7040E-02
  -8.710  0.8269E-01  0.7860E-02
  -8.700  0.8387E-01  0.8693E-02
  -8.690  0.8837E-01  0.9550E-02
  -8.680  0.8325E-01  0.1041E-01
  -8.670  0.8333E-01  0.1123E-01
  -8.660  0.8494E-01  0.1207E-01
  -8.650  0.8662E-01  0.1293E-01
  -8.640  0.8457E-01  0.1379E-01
  -8.630  0.8367E-01  0.1463E-01
  -8.620  0.8443E-01  0.1547E-01
  -8.610  0.8606E-01  0.1632E-01
  -8.600  0.8769E-01  0.1719E-01
  -8.590  0.8458E-01  0.1804E-01
  -8.580  0.8458E-01  0.1889E-01
  -8.570  0.8479E-01  0.1974E-01
  -8.560  0.8598E-01  0.2059E-01
  -8.550  0.8751E-01  0.2145E-01
  -8.540  0.1638E+00  0.2298E-01
  -8.530  0.1591E+00  0.2467E-01
  -8.520  0.1765E+00  0.2634E-01
  -8.510  0.1623E+00  0.2802E-01
  -8.500  0.1733E+00  0.2970E-01
  -8.490  0.1687E+00  0.3141E-01
  -8.480  0.1667E+00  0.3309E-01
  -8.470  0.1727E+00  0.3479E-01
  -8.460  0.1657E+00  0.3649E-01
  -8.450  0.1680E+00  0.3815E-01
  -8.440  0.1698E+00  0.3984E-01
  -8.430  0.1739E+00  0.4157E-01
  -8.420  0.1696E+00  0.4328E-01
  -8.410  0.1692E+00  0.4497E-01
  -8.400  0.1705E+00  0.4667E-01
  -8.390  0.1725E+00  0.4838E-01
  -8.380  0.1696E+00  0.5009E-01
  -8.370  0.1699E+00  0.5179E-01
  -8.360  0.1716E+00  0.5349E-01
  -8.350  0.1738E+00  0.5521E-01
  -8.340  0.1738E+00  0.5695E-01
  -8.330  0.1706E+00  0.5867E-01
  -8.320  0.1707E+00  0.6037E-01
  -8.310  0.1711E+00  0.6208E-01
  -8.300  0.1724E+00  0.6380E-01
  -8.290  0.1744E+00  0.6553E-01
  -8.280  0.1741E+00  0.6728E-01
  -8.270  0.1733E+00  0.6901E-01
  -8.260  0.1722E+00  0.7074E-01
  -8.250  0.1724E+00  0.7246E-01
  -8.240  0.1733E+00  0.7419E-01
  -8.230  0.1749E+00  0.7593E-01
  -8.220  0.1749E+00  0.7768E-01
  -8.210  0.1739E+00  0.7943E-01
  -8.200  0.1739E+00  0.8116E-01
  -8.190  0.1754E+00  0.8291E-01
  -8.180  0.1751E+00  0.8466E-01
  -8.170  0.1754E+00  0.8641E-01
  -8.160  0.1758E+00  0.8817E-01
  -8.150  0.1752E+00  0.8993E-01
  -8.140  0.1753E+00  0.9168E-01
  -8.130  0.1756E+00  0.9344E-01
  -8.120  0.1760E+00  0.9519E-01
  -8.110  0.1769E+00  0.9696E-01
  -8.100  0.1782E+00  0.9873E-01
  -8.090  0.1781E+00  0.1005E+00
  -8.080  0.1780E+00  0.1023E+00
  -8.070  0.1765E+00  0.1041E+00
  -8.060  0.1769E+00  0.1058E+00
  -8.050  0.1771E+00  0.1076E+00
  -8.040  0.1780E+00  0.1094E+00
  -8.030  0.1787E+00  0.1112E+00
  -8.020  0.1798E+00  0.1130E+00
  -8.010  0.1810E+00  0.1148E+00
  -8.000  0.1798E+00  0.1166E+00
  -7.990  0.1790E+00  0.1184E+00
  -7.980  0.1789E+00  0.1201E+00
  -7.970  0.1795E+00  0.1219E+00
  -7.960  0.1799E+00  0.1237E+00
  -7.950  0.1804E+00  0.1255E+00
  -7.940  0.1812E+00  0.1273E+00
  -7.930  0.1821E+00  0.1292E+00
  -7.920  0.1835E+00  0.1310E+00
  -7.910  0.1827E+00  0.1328E+00
  -7.900  0.1817E+00  0.1346E+00
  -7.890  0.1814E+00  0.1365E+00
  -7.880  0.1817E+00  0.1383E+00
  -7.870  0.1827E+00  0.1401E+00
  -7.860  0.1833E+00  0.1419E+00
  -7.850  0.1839E+00  0.1438E+00
  -7.840  0.1845E+00  0.1456E+00
  -7.830  0.1851E+00  0.1475E+00
  -7.820  0.1854E+00  0.1493E+00
  -7.810  0.1858E+00  0.1512E+00
  -7.800  0.1851E+00  0.1530E+00
  -7.790  0.1850E+00  0.1549E+00
  -7.780  0.1851E+00  0.1567E+00
  -7.770  0.1855E+00  0.1586E+00
  -7.760  0.1867E+00  0.1604E+00
  -7.750  0.1875E+00  0.1623E+00
  -7.740  0.1882E+00  0.1642E+00
  -7.730  0.1888E+00  0.1661E+00
  -7.720  0.1881E+00  0.1680E+00
  -7.710  0.1888E+00  0.1698E+00
  -7.700  0.1889E+00  0.1717E+00
  -7.690  0.1890E+00  0.1736E+00
  -7.680  0.1892E+00  0.1755E+00
  -7.670  0.1895E+00  0.1774E+00
  -7.660  0.1898E+00  0.1793E+00
  -7.650  0.1910E+00  0.1812E+00
  -7.640  0.1920E+00  0.1831E+00
  -7.630  0.1928E+00  0.1850E+00
  -7.620  0.1923E+00  0.1870E+00
  -7.610  0.1925E+00  0.1889E+00
  -7.600  0.1927E+00  0.1908E+00
  -7.590  0.1933E+00  0.1927E+00
  -7.580  0.1937E+00  0.1947E+00
  -7.570  0.1941E+00  0.1966E+00
  -7.560  0.1945E+00  0.1986E+00
  -7.550  0.1950E+00  0.2005E+00
  -7.540  0.1954E+00  0.2025E+00
  -7.530  0.1968E+00  0.2044E+00
  -7.520  0.1974E+00  0.2064E+00
  -7.510  0.1974E+00  0.2084E+00
  -7.500  0.1978E+00  0.2103E+00
  -7.490  0.1982E+00  0.2123E+00
  -7.480  0.1981E+00  0.2143E+00
  -7.470  0.1990E+00  0.2163E+00
  -7.460  0.1997E+00  0.2183E+00
  -7.450  0.2003E+00  0.2203E+00
  -7.440  0.2009E+00  0.2223E+00
  -7.430  0.2015E+00  0.2243E+00
  -7.420  0.2021E+00  0.2263E+00
  -7.410  0.2032E+00  0.2283E+00
  -7.400  0.2035E+00  0.2304E+00
  -7.390  0.2041E+00  0.2324E+00
  -7.380  0.2047E+00  0.2345E+00
  -7.370  0.2052E+00  0.2365E+00
  -7.360  0.2051E+00  0.2386E+00
  -7.350  0.2061E+00  0.2406E+00
  -7.340  0.2071E+00  0.2427E+00
  -7.330  0.2079E+00  0.2448E+00
  -7.320  0.2086E+00  0.2468E+00
  -7.310  0.2093E+00  0.2489E+00
  -7.300  0.2104E+00  0.2510E+00
  -7.290  0.2110E+00  0.2531E+00
  -7.280  0.2117E+00  0.2553E+00
  -7.270  0.2125E+00  0.2574E+00
  -7.260  0.2133E+00  0.2595E+00
  -7.250  0.2137E+00  0.2616E+00
  -7.240  0.2147E+00  0.2638E+00
  -7.230  0.2156E+00  0.2659E+00
  -7.220  0.2164E+00  0.2681E+00
  -7.210  0.2175E+00  0.2703E+00
  -7.200  0.2184E+00  0.2724E+00
  -7.190  0.2197E+00  0.2746E+00
  -7.180  0.2213E+00  0.2768E+00
  -7.170  0.2219E+00  0.2791E+00
  -7.160  0.2225E+00  0.2813E+00
  -7.150  0.2232E+00  0.2835E+00
  -7.140  0.2244E+00  0.2857E+00
  -7.130  0.2261E+00  0.2880E+00
  -7.120  0.2272E+00  0.2903E+00
  -7.110  0.2283E+00  0.2925E+00
  -7.100  0.2292E+00  0.2948E+00
  -7.090  0.2303E+00  0.2971E+00
  -7.080  0.2325E+00  0.2994E+00
  -7.070  0.2343E+00  0.3018E+00
  -7.060  0.2357E+00  0.3041E+00
  -7.050  0.2369E+00  0.3065E+00
  -7.040  0.6813E+00  0.3103E+00
  -7.030  0.7225E+00  0.3178E+00
  -7.020  0.7424E+00  0.3253E+00
  -7.010  0.7402E+00  0.3328E+00
  -7.000  0.7643E+00  0.3404E+00
  -6.990  0.7682E+00  0.3480E+00
  -6.980  0.7660E+00  0.3557E+00
  -6.970  0.7853E+00  0.3634E+00
  -6.960  0.7741E+00  0.3711E+00
  -6.950  0.7837E+00  0.3790E+00
  -6.940  0.7821E+00  0.3868E+00
  -6.930  0.7989E+00  0.3948E+00
  -6.920  0.7984E+00  0.4027E+00
  -6.910  0.8165E+00  0.4108E+00
  -6.900  0.8091E+00  0.4189E+00
  -6.890  0.8266E+00  0.4271E+00
  -6.880  0.8296E+00  0.4354E+00
  -6.870  0.8355E+00  0.4437E+00
  -6.860  0.8448E+00  0.4521E+00
  -6.850  0.8514E+00  0.4606E+00
  -6.840  0.8762E+00  0.4692E+00
  -6.830  0.8755E+00  0.4780E+00
  -6.820  0.8870E+00  0.4868E+00
  -6.810  0.9008E+00  0.4958E+00
  -6.800  0.9147E+00  0.5049E+00
  -6.790  0.9506E+00  0.5142E+00
  -6.780  0.9599E+00  0.5238E+00
  -6.770  0.9934E+00  0.5335E+00
  -6.760  0.1018E+01  0.5436E+00
  -6.750  0.1065E+01  0.5539E+00
  -6.740  0.1137E+01  0.5650E+00
  -6.730  0.1293E+01  0.5768E+00
  -6.720  0.1495E+01  0.5913E+00
  -6.710  0.1174E+01  0.6042E+00
  -6.700  0.1072E+01  0.6154E+00
  -6.690  0.1008E+01  0.6257E+00
  -6.680  0.9605E+00  0.6356E+00
  -6.670  0.9220E+00  0.6450E+00
  -6.660  0.8910E+00  0.6541E+00
  -6.650  0.8675E+00  0.6629E+00
  -6.640  0.8430E+00  0.6714E+00
  -6.630  0.8239E+00  0.6797E+00
  -6.620  0.8046E+00  0.6879E+00
  -6.610  0.7852E+00  0.6958E+00
  -6.600  0.7715E+00  0.7036E+00
  -6.590  0.7587E+00  0.7113E+00
  -6.580  0.7464E+00  0.7188E+00
  -6.570  0.7342E+00  0.7262E+00
  -6.560  0.7242E+00  0.7335E+00
  -6.550  0.7128E+00  0.7407E+00
  -6.540  0.7008E+00  0.7477E+00
  -6.530  0.6933E+00  0.7547E+00
  -6.520  0.6862E+00  0.7616E+00
  -6.510  0.6782E+00  0.7684E+00
  -6.500  0.6690E+00  0.7752E+00
  -6.490  0.6611E+00  0.7818E+00
  -6.480  0.6540E+00  0.7884E+00
  -6.470  0.6469E+00  0.7949E+00
  -6.460  0.6404E+00  0.8013E+00
  -6.450  0.6355E+00  0.8077E+00
  -6.440  0.6305E+00  0.8140E+00
  -6.430  0.6256E+00  0.8203E+00
  -6.420  0.6191E+00  0.8265E+00
  -6.410  0.6133E+00  0.8327E+00
  -6.400  0.6094E+00  0.8388E+00
  -6.390  0.6058E+00  0.8449E+00
  -6.380  0.6012E+00  0.8509E+00
  -6.370  0.5954E+00  0.8569E+00
  -6.360  0.5914E+00  0.8628E+00
  -6.350  0.5877E+00  0.8687E+00
  -6.340  0.5837E+00  0.8746E+00
  -6.330  0.5808E+00  0.8804E+00
  -6.320  0.5770E+00  0.8862E+00
  -6.310  0.5736E+00  0.8920E+00
  -6.300  0.5712E+00  0.8977E+00
  -6.290  0.5690E+00  0.9034E+00
  -6.280  0.5663E+00  0.9091E+00
  -6.270  0.5625E+00  0.9147E+00
  -6.260  0.5594E+00  0.9203E+00
  -6.250  0.5578E+00  0.9259E+00
  -6.240  0.5552E+00  0.9315E+00
  -6.230  0.5527E+00  0.9370E+00
  -6.220  0.5510E+00  0.9425E+00
  -6.210  0.5478E+00  0.9480E+00
  -6.200  0.5473E+00  0.9535E+00
  -6.190  0.5455E+00  0.9590E+00
  -6.180  0.5450E+00  0.9644E+00
  -6.170  0.5431E+00  0.9698E+00
  -6.160  0.5411E+00  0.9753E+00
  -6.150  0.5392E+00  0.9807E+00
  -6.140  0.5384E+00  0.9861E+00
  -6.130  0.5375E+00  0.9914E+00
  -6.120  0.5370E+00  0.9968E+00
  -6.110  0.5365E+00  0.1002E+01
  -6.100  0.5341E+00  0.1008E+01
  -6.090  0.5359E+00  0.1013E+01
  -6.080  0.5356E+00  0.1018E+01
  -6.070  0.5363E+00  0.1024E+01
  -6.060  0.5361E+00  0.1029E+01
  -6.050  0.5356E+00  0.1034E+01
  -6.040  0.5347E+00  0.1040E+01
  -6.030  0.5346E+00  0.1045E+01
  -6.020  0.5364E+00  0.1050E+01
  -6.010  0.5380E+00  0.1056E+01
  -6.000  0.5402E+00  0.1061E+01
  -5.990  0.5399E+00  0.1067E+01
  -5.980  0.5407E+00  0.1072E+01
  -5.970  0.5451E+00  0.1077E+01
  -5.960  0.5484E+00  0.1083E+01
  -5.950  0.5496E+00  0.1088E+01
  -5.940  0.5525E+00  0.1094E+01
  -5.930  0.5547E+00  0.1099E+01
  -5.920  0.5580E+00  0.1105E+01
  -5.910  0.1120E+01  0.1115E+01
  -5.900  0.1119E+01  0.1126E+01
  -5.890  0.1121E+01  0.1137E+01
  -5.880  0.1185E+01  0.1149E+01
  -5.870  0.1869E+01  0.1162E+01
  -5.860  0.1933E+01  0.1182E+01
  -5.850  0.1966E+01  0.1202E+01
  -5.840  0.2036E+01  0.1222E+01
  -5.830  0.2026E+01  0.1242E+01
  -5.820  0.2090E+01  0.1263E+01
  -5.810  0.2125E+01  0.1284E+01
  -5.800  0.2159E+01  0.1305E+01
  -5.790  0.2237E+01  0.1328E+01
  -5.780  0.2360E+01  0.1350E+01
  -5.770  0.2479E+01  0.1374E+01
  -5.760  0.2780E+01  0.1402E+01
  -5.750  0.2435E+01  0.1427E+01
  -5.740  0.2345E+01  0.1451E+01
  -5.730  0.2311E+01  0.1474E+01
  -5.720  0.2403E+01  0.1498E+01
  -5.710  0.2379E+01  0.1522E+01
  -5.700  0.2191E+01  0.1545E+01
  -5.690  0.2100E+01  0.1566E+01
  -5.680  0.1983E+01  0.1586E+01
  -5.670  0.1979E+01  0.1606E+01
  -5.660  0.1885E+01  0.1626E+01
  -5.650  0.1857E+01  0.1644E+01
  -5.640  0.1836E+01  0.1663E+01
  -5.630  0.1797E+01  0.1681E+01
  -5.620  0.1811E+01  0.1699E+01
  -5.610  0.1791E+01  0.1717E+01
  -5.600  0.1784E+01  0.1735E+01
  -5.590  0.1798E+01  0.1753E+01
  -5.580  0.1775E+01  0.1771E+01
  -5.570  0.1808E+01  0.1789E+01
  -5.560  0.1860E+01  0.1807E+01
  -5.550  0.1862E+01  0.1826E+01
  -5.540  0.1916E+01  0.1844E+01
  -5.530  0.2005E+01  0.1864E+01
  -5.520  0.1958E+01  0.1884E+01
  -5.510  0.1962E+01  0.1903E+01
  -5.500  0.1980E+01  0.1923E+01
  -5.490  0.2044E+01  0.1943E+01
  -5.480  0.2093E+01  0.1964E+01
  -5.470  0.2185E+01  0.1985E+01
  -5.460  0.2373E+01  0.2008E+01
  -5.450  0.2645E+01  0.2033E+01
  -5.440  0.2891E+01  0.2064E+01
  -5.430  0.2406E+01  0.2089E+01
  -5.420  0.2188E+01  0.2112E+01
  -5.410  0.2080E+01  0.2134E+01
  -5.400  0.1981E+01  0.2154E+01
  -5.390  0.1935E+01  0.2173E+01
  -5.380  0.1842E+01  0.2192E+01
  -5.370  0.1795E+01  0.2210E+01
  -5.360  0.1680E+01  0.2228E+01
  -5.350  0.1634E+01  0.2244E+01
  -5.340  0.1605E+01  0.2261E+01
  -5.330  0.1612E+01  0.2277E+01
  -5.320  0.1564E+01  0.2293E+01
  -5.310  0.1555E+01  0.2308E+01
  -5.300  0.1487E+01  0.2324E+01
  -5.290  0.1458E+01  0.2338E+01
  -5.280  0.1450E+01  0.2353E+01
  -5.270  0.1485E+01  0.2367E+01
  -5.260  0.1565E+01  0.2383E+01
  -5.250  0.1507E+01  0.2398E+01
  -5.240  0.1277E+01  0.2411E+01
  -5.230  0.1262E+01  0.2424E+01
  -5.220  0.1289E+01  0.2436E+01
  -5.210  0.1359E+01  0.2450E+01
  -5.200  0.1385E+01  0.2463E+01
  -5.190  0.1345E+01  0.2477E+01
  -5.180  0.1344E+01  0.2491E+01
  -5.170  0.1350E+01  0.2504E+01
  -5.160  0.1344E+01  0.2518E+01
  -5.150  0.1309E+01  0.2531E+01
  -5.140  0.1316E+01  0.2544E+01
  -5.130  0.1332E+01  0.2557E+01
  -5.120  0.1308E+01  0.2570E+01
  -5.110  0.1305E+01  0.2583E+01
  -5.100  0.1321E+01  0.2597E+01
  -5.090  0.1571E+01  0.2611E+01
  -5.080  0.1545E+01  0.2626E+01
  -5.070  0.1578E+01  0.2642E+01
  -5.060  0.1605E+01  0.2658E+01
  -5.050  0.1605E+01  0.2674E+01
  -5.040  0.1634E+01  0.2690E+01
  -5.030  0.1673E+01  0.2706E+01
  -5.020  0.1701E+01  0.2723E+01
  -5.010  0.1782E+01  0.2741E+01
  -5.000  0.1981E+01  0.2759E+01
  -4.990  0.1908E+01  0.2780E+01
  -4.980  0.1771E+01  0.2799E+01
  -4.970  0.1713E+01  0.2816E+01
  -4.960  0.1698E+01  0.2833E+01
  -4.950  0.1707E+01  0.2850E+01
  -4.940  0.1572E+01  0.2867E+01
  -4.930  0.1547E+01  0.2882E+01
  -4.920  0.1524E+01  0.2898E+01
  -4.910  0.1527E+01  0.2913E+01
  -4.900  0.1664E+01  0.2929E+01
  -4.890  0.2067E+01  0.2947E+01
  -4.880  0.1381E+01  0.2964E+01
  -4.870  0.1023E+01  0.2976E+01
  -4.860  0.1727E+01  0.2988E+01
  -4.850  0.1797E+01  0.3005E+01
  -4.840  0.1624E+01  0.3023E+01
  -4.830  0.1583E+01  0.3039E+01
  -4.820  0.1569E+01  0.3055E+01
  -4.810  0.1581E+01  0.3070E+01
  -4.800  0.1588E+01  0.3086E+01
  -4.790  0.1566E+01  0.3102E+01
  -4.780  0.1588E+01  0.3118E+01
  -4.770  0.1633E+01  0.3134E+01
  -4.760  0.1628E+01  0.3150E+01
  -4.750  0.1639E+01  0.3167E+01
  -4.740  0.1673E+01  0.3183E+01
  -4.730  0.1752E+01  0.3200E+01
  -4.720  0.1768E+01  0.3218E+01
  -4.710  0.1875E+01  0.3236E+01
  -4.700  0.5149E+01  0.3258E+01
  -4.690  0.1548E+01  0.3276E+01
  -4.680  0.1709E+01  0.3292E+01
  -4.670  0.1558E+01  0.3308E+01
  -4.660  0.1536E+01  0.3324E+01
  -4.650  0.1509E+01  0.3339E+01
  -4.640  0.1543E+01  0.3354E+01
  -4.630  0.1671E+01  0.3370E+01
  -4.620  0.1614E+01  0.3387E+01
  -4.610  0.1512E+01  0.3402E+01
  -4.600  0.1159E+01  0.3416E+01
  -4.590  0.1057E+01  0.3426E+01
  -4.580  0.1357E+01  0.3438E+01
  -4.570  0.1369E+01  0.3451E+01
  -4.560  0.1726E+01  0.3467E+01
  -4.550  0.1473E+01  0.3483E+01
  -4.540  0.1774E+01  0.3501E+01
  -4.530  0.1573E+01  0.3518E+01
  -4.520  0.1539E+01  0.3533E+01
  -4.510  0.1537E+01  0.3549E+01
  -4.500  0.1587E+01  0.3564E+01
  -4.490  0.2075E+01  0.3581E+01
  -4.480  0.1832E+01  0.3601E+01
  -4.470  0.1699E+01  0.3619E+01
  -4.460  0.1749E+01  0.3636E+01
  -4.450  0.1609E+01  0.3652E+01
  -4.440  0.1488E+01  0.3668E+01
  -4.430  0.1497E+01  0.3683E+01
  -4.420  0.1420E+01  0.3697E+01
  -4.410  0.1515E+01  0.3712E+01
  -4.400  0.1477E+01  0.3727E+01
  -4.390  0.1513E+01  0.3742E+01
  -4.380  0.1516E+01  0.3757E+01
  -4.370  0.1544E+01  0.3772E+01
  -4.360  0.1664E+01  0.3789E+01
  -4.350  0.1606E+01  0.3805E+01
  -4.340  0.1609E+01  0.3821E+01
  -4.330  0.1583E+01  0.3837E+01
  -4.320  0.1602E+01  0.3853E+01
  -4.310  0.1607E+01  0.3869E+01
  -4.300  0.2294E+01  0.3889E+01
  -4.290  0.2459E+01  0.3913E+01
  -4.280  0.2456E+01  0.3937E+01
  -4.270  0.2452E+01  0.3962E+01
  -4.260  0.2476E+01  0.3986E+01
  -4.250  0.2492E+01  0.4011E+01
  -4.240  0.2551E+01  0.4036E+01
  -4.230  0.2626E+01  0.4062E+01
  -4.220  0.2649E+01  0.4089E+01
  -4.210  0.2582E+01  0.4115E+01
  -4.200  0.2504E+01  0.4140E+01
  -4.190  0.2451E+01  0.4165E+01
  -4.180  0.2358E+01  0.4189E+01
  -4.170  0.2561E+01  0.4214E+01
  -4.160  0.2729E+01  0.4240E+01
  -4.150  0.2881E+01  0.4268E+01
  -4.140  0.2939E+01  0.4297E+01
  -4.130  0.2998E+01  0.4327E+01
  -4.120  0.3140E+01  0.4358E+01
  -4.110  0.4184E+01  0.4393E+01
  -4.100  0.2976E+01  0.4431E+01
  -4.090  0.2598E+01  0.4458E+01
  -4.080  0.2388E+01  0.4483E+01
  -4.070  0.2369E+01  0.4507E+01
  -4.060  0.2001E+01  0.4529E+01
  -4.050  0.1779E+01  0.4548E+01
  -4.040  0.1470E+01  0.4564E+01
  -4.030  0.1904E+01  0.4581E+01
  -4.020  0.2040E+01  0.4602E+01
  -4.010  0.1954E+01  0.4621E+01
  -4.000  0.1872E+01  0.4641E+01
  -3.990  0.2263E+01  0.4659E+01
  -3.980  0.4813E+01  0.4697E+01
  -3.970  0.3668E+01  0.4739E+01
  -3.960  0.3596E+01  0.4774E+01
  -3.950  0.3570E+01  0.4811E+01
  -3.940  0.3609E+01  0.4847E+01
  -3.930  0.3541E+01  0.4883E+01
  -3.920  0.3680E+01  0.4919E+01
  -3.910  0.3825E+01  0.4956E+01
  -3.900  0.4161E+01  0.4995E+01
  -3.890  0.4549E+01  0.5038E+01
  -3.880  0.5254E+01  0.5088E+01
  -3.870  0.4355E+01  0.5136E+01
  -3.860  0.4268E+01  0.5184E+01
  -3.850  0.3717E+01  0.5224E+01
  -3.840  0.3457E+01  0.5260E+01
  -3.830  0.3339E+01  0.5294E+01
  -3.820  0.3339E+01  0.5327E+01
  -3.810  0.3290E+01  0.5360E+01
  -3.800  0.3273E+01  0.5393E+01
  -3.790  0.3403E+01  0.5426E+01
  -3.780  0.3563E+01  0.5461E+01
  -3.770  0.4235E+01  0.5500E+01
  -3.760  0.4763E+01  0.5545E+01
  -3.750  0.6641E+01  0.5601E+01
  -3.740  0.1018E+02  0.5675E+01
  -3.730  0.6228E+01  0.5754E+01
  -3.720  0.4984E+01  0.5814E+01
  -3.710  0.4272E+01  0.5859E+01
  -3.700  0.3828E+01  0.5897E+01
  -3.690  0.4357E+01  0.5938E+01
  -3.680  0.4883E+01  0.5984E+01
  -3.670  0.4845E+01  0.6032E+01
  -3.660  0.5172E+01  0.6082E+01
  -3.650  0.4730E+01  0.6135E+01
  -3.640  0.5835E+01  0.6186E+01
  -3.630  0.5738E+01  0.6244E+01
  -3.620  0.8334E+01  0.6318E+01
  -3.610  0.4929E+01  0.6376E+01
  -3.600  0.4159E+01  0.6421E+01
  -3.590  0.3806E+01  0.6461E+01
  -3.580  0.3803E+01  0.6498E+01
  -3.570  0.3510E+01  0.6534E+01
  -3.560  0.3480E+01  0.6569E+01
  -3.550  0.4101E+01  0.6611E+01
  -3.540  0.3881E+01  0.6650E+01
  -3.530  0.3745E+01  0.6688E+01
  -3.520  0.3749E+01  0.6726E+01
  -3.510  0.3332E+01  0.6761E+01
  -3.500  0.3230E+01  0.6794E+01
  -3.490  0.3312E+01  0.6827E+01
  -3.480  0.3634E+01  0.6861E+01
  -3.470  0.2793E+01  0.6893E+01
  -3.460  0.2749E+01  0.6920E+01
  -3.450  0.2286E+01  0.6947E+01
  -3.440  0.2288E+01  0.6968E+01
  -3.430  0.2728E+01  0.6994E+01
  -3.420  0.2277E+01  0.7020E+01
  -3.410  0.2277E+01  0.7041E+01
  -3.400  0.2254E+01  0.7064E+01
  -3.390  0.2328E+01  0.7088E+01
  -3.380  0.2495E+01  0.7112E+01
  -3.370  0.2634E+01  0.7137E+01
  -3.360  0.2911E+01  0.7165E+01
  -3.350  0.4014E+01  0.7198E+01
  -3.340  0.3121E+01  0.7233E+01
  -3.330  0.2769E+01  0.7262E+01
  -3.320  0.2545E+01  0.7290E+01
  -3.310  0.1503E+01  0.7309E+01
  -3.300  0.1459E+01  0.7324E+01
  -3.290  0.1437E+01  0.7338E+01
  -3.280  0.1419E+01  0.7353E+01
  -3.270  0.1437E+01  0.7367E+01
  -3.260  0.1450E+01  0.7381E+01
  -3.250  0.1448E+01  0.7396E+01
  -3.240  0.5021E+01  0.7426E+01
  -3.230  0.3209E+01  0.7462E+01
  -3.220  0.2381E+01  0.7493E+01
  -3.210  0.1932E+01  0.7514E+01
  -3.200  0.1811E+01  0.7533E+01
  -3.190  0.1713E+01  0.7550E+01
  -3.180  0.1647E+01  0.7567E+01
  -3.170  0.1653E+01  0.7583E+01
  -3.160  0.1709E+01  0.7600E+01
  -3.150  0.1794E+01  0.7618E+01
  -3.140  0.1506E+01  0.7634E+01
  -3.130  0.1208E+01  0.7648E+01
  -3.120  0.9753E+00  0.7659E+01
  -3.110  0.1242E+01  0.7669E+01
  -3.100  0.1382E+01  0.7683E+01
  -3.090  0.1539E+01  0.7697E+01
  -3.080  0.1441E+01  0.7713E+01
  -3.070  0.1230E+01  0.7726E+01
  -3.060  0.1201E+01  0.7738E+01
  -3.050  0.1181E+01  0.7750E+01
  -3.040  0.1176E+01  0.7762E+01
  -3.030  0.1176E+01  0.7773E+01
  -3.020  0.1174E+01  0.7785E+01
  -3.010  0.1570E+01  0.7800E+01
  -3.000  0.1449E+01  0.7815E+01
  -2.990  0.1409E+01  0.7830E+01
  -2.980  0.1375E+01  0.7843E+01
  -2.970  0.1368E+01  0.7857E+01
  -2.960  0.1355E+01  0.7871E+01
  -2.950  0.1353E+01  0.7884E+01
  -2.940  0.1343E+01  0.7898E+01
  -2.930  0.1342E+01  0.7911E+01
  -2.920  0.1336E+01  0.7925E+01
  -2.910  0.1338E+01  0.7938E+01
  -2.900  0.1343E+01  0.7951E+01
  -2.890  0.1330E+01  0.7965E+01
  -2.880  0.1325E+01  0.7978E+01
  -2.870  0.1325E+01  0.7991E+01
  -2.860  0.1328E+01  0.8005E+01
  -2.850  0.1326E+01  0.8018E+01
  -2.840  0.1330E+01  0.8031E+01
  -2.830  0.1332E+01  0.8044E+01
  -2.820  0.1326E+01  0.8058E+01
  -2.810  0.1329E+01  0.8071E+01
  -2.800  0.1327E+01  0.8084E+01
  -2.790  0.1332E+01  0.8098E+01
  -2.780  0.1336E+01  0.8111E+01
  -2.770  0.1342E+01  0.8124E+01
  -2.760  0.1373E+01  0.8138E+01
  -2.750  0.1436E+01  0.8152E+01
  -2.740  0.1452E+01  0.8166E+01
  -2.730  0.1517E+01  0.8181E+01
  -2.720  0.1143E+01  0.8194E+01
  -2.710  0.1035E+01  0.8205E+01
  -2.700  0.1078E+01  0.8216E+01
  -2.690  0.1211E+01  0.8227E+01
  -2.680  0.1384E+01  0.8240E+01
  -2.670  0.1574E+01  0.8255E+01
  -2.660  0.1414E+01  0.8270E+01
  -2.650  0.1381E+01  0.8284E+01
  -2.640  0.1365E+01  0.8297E+01
  -2.630  0.1356E+01  0.8311E+01
  -2.620  0.1347E+01  0.8325E+01
  -2.610  0.1349E+01  0.8338E+01
  -2.600  0.1353E+01  0.8352E+01
  -2.590  0.1369E+01  0.8365E+01
  -2.580  0.1369E+01  0.8379E+01
  -2.570  0.1367E+01  0.8393E+01
  -2.560  0.1356E+01  0.8406E+01
  -2.550  0.1350E+01  0.8420E+01
  -2.540  0.1352E+01  0.8433E+01
  -2.530  0.1353E+01  0.8447E+01
  -2.520  0.1353E+01  0.8460E+01
  -2.510  0.1361E+01  0.8474E+01
  -2.500  0.1371E+01  0.8488E+01
  -2.490  0.1384E+01  0.8501E+01
  -2.480  0.1405E+01  0.8515E+01
  -2.470  0.1418E+01  0.8529E+01
  -2.460  0.1397E+01  0.8544E+01
  -2.450  0.1391E+01  0.8557E+01
  -2.440  0.1391E+01  0.8571E+01
  -2.430  0.1391E+01  0.8585E+01
  -2.420  0.1397E+01  0.8599E+01
  -2.410  0.1418E+01  0.8613E+01
  -2.400  0.1423E+01  0.8627E+01
  -2.390  0.1442E+01  0.8642E+01
  -2.380  0.1450E+01  0.8656E+01
  -2.370  0.1449E+01  0.8671E+01
  -2.360  0.1443E+01  0.8685E+01
  -2.350  0.1434E+01  0.8700E+01
  -2.340  0.1436E+01  0.8714E+01
  -2.330  0.1440E+01  0.8728E+01
  -2.320  0.1446E+01  0.8743E+01
  -2.310  0.1465E+01  0.8757E+01
  -2.300  0.1481E+01  0.8772E+01
  -2.290  0.1499E+01  0.8787E+01
  -2.280  0.1502E+01  0.8802E+01
  -2.270  0.1493E+01  0.8817E+01
  -2.260  0.1506E+01  0.8832E+01
  -2.250  0.1497E+01  0.8847E+01
  -2.240  0.1499E+01  0.8862E+01
  -2.230  0.1506E+01  0.8877E+01
  -2.220  0.1525E+01  0.8892E+01
  -2.210  0.1527E+01  0.8907E+01
  -2.200  0.1539E+01  0.8923E+01
  -2.190  0.1547E+01  0.8938E+01
  -2.180  0.1576E+01  0.8954E+01
  -2.170  0.1597E+01  0.8970E+01
  -2.160  0.1604E+01  0.8986E+01
  -2.150  0.1608E+01  0.9002E+01
  -2.140  0.1607E+01  0.9018E+01
  -2.130  0.1623E+01  0.9034E+01
  -2.120  0.1639E+01  0.9051E+01
  -2.110  0.1655E+01  0.9067E+01
  -2.100  0.1691E+01  0.9084E+01
  -2.090  0.1640E+01  0.9100E+01
  -2.080  0.1545E+01  0.9116E+01
  -2.070  0.1575E+01  0.9132E+01
  -2.060  0.1606E+01  0.9148E+01
  -2.050  0.1800E+01  0.9165E+01
  -2.040  0.1493E+01  0.9181E+01
  -2.030  0.1474E+01  0.9196E+01
  -2.020  0.1409E+01  0.9210E+01
  -2.010  0.1715E+01  0.9226E+01
  -2.000  0.1721E+01  0.9243E+01
  -1.990  0.1730E+01  0.9260E+01
  -1.980  0.1735E+01  0.9277E+01
  -1.970  0.1790E+01  0.9295E+01
  -1.960  0.1833E+01  0.9313E+01
  -1.950  0.1900E+01  0.9332E+01
  -1.940  0.1956E+01  0.9351E+01
  -1.930  0.1971E+01  0.9371E+01
  -1.920  0.2007E+01  0.9390E+01
  -1.910  0.2143E+01  0.9411E+01
  -1.900  0.2195E+01  0.9433E+01
  -1.890  0.2308E+01  0.9455E+01
  -1.880  0.2437E+01  0.9479E+01
  -1.870  0.2593E+01  0.9504E+01
  -1.860  0.2806E+01  0.9531E+01
  -1.850  0.3145E+01  0.9560E+01
  -1.840  0.4479E+01  0.9596E+01
  -1.830  0.3672E+01  0.9635E+01
  -1.820  0.2910E+01  0.9664E+01
  -1.810  0.2930E+01  0.9692E+01
  -1.800  0.4940E+01  0.9735E+01
  -1.790  0.4089E+01  0.9778E+01
  -1.780  0.4221E+01  0.9820E+01
  -1.770  0.4560E+01  0.9863E+01
  -1.760  0.1270E+01  0.9912E+01
  -1.750  0.1195E+01  0.9924E+01
  -1.740  0.1146E+01  0.9936E+01
  -1.730  0.1099E+01  0.9947E+01
  -1.720  0.1098E+01  0.9958E+01
  -1.710  0.1246E+01  0.9969E+01
  -1.700  0.1540E+01  0.9983E+01
  -1.690  0.1431E+01  0.9998E+01
  -1.680  0.1494E+01  0.1001E+02
  -1.670  0.1467E+01  0.1003E+02
  -1.660  0.1445E+01  0.1004E+02
  -1.650  0.1505E+01  0.1006E+02
  -1.640  0.1560E+01  0.1007E+02
  -1.630  0.1661E+01  0.1009E+02
  -1.620  0.1767E+01  0.1011E+02
  -1.610  0.2071E+01  0.1012E+02
  -1.600  0.2657E+01  0.1015E+02
  -1.590  0.2002E+01  0.1017E+02
  -1.580  0.1782E+01  0.1019E+02
  -1.570  0.1615E+01  0.1021E+02
  -1.560  0.1601E+01  0.1022E+02
  -1.550  0.1287E+01  0.1024E+02
  -1.540  0.1487E+01  0.1025E+02
  -1.530  0.1667E+01  0.1027E+02
  -1.520  0.1710E+01  0.1028E+02
  -1.510  0.1604E+01  0.1030E+02
  -1.500  0.1564E+01  0.1032E+02
  -1.490  0.1590E+01  0.1033E+02
  -1.480  0.1314E+01  0.1035E+02
  -1.470  0.1322E+01  0.1036E+02
  -1.460  0.1326E+01  0.1038E+02
  -1.450  0.1277E+01  0.1039E+02
  -1.440  0.1264E+01  0.1040E+02
  -1.430  0.1045E+01  0.1041E+02
  -1.420  0.1033E+01  0.1042E+02
  -1.410  0.1419E+01  0.1044E+02
  -1.400  0.1519E+01  0.1045E+02
  -1.390  0.1426E+01  0.1047E+02
  -1.380  0.1325E+01  0.1048E+02
  -1.370  0.1291E+01  0.1049E+02
  -1.360  0.1274E+01  0.1051E+02
  -1.350  0.1275E+01  0.1052E+02
  -1.340  0.1245E+01  0.1053E+02
  -1.330  0.1245E+01  0.1054E+02
  -1.320  0.1237E+01  0.1056E+02
  -1.310  0.1230E+01  0.1057E+02
  -1.300  0.1235E+01  0.1058E+02
  -1.290  0.1209E+01  0.1059E+02
  -1.280  0.1212E+01  0.1060E+02
  -1.270  0.1200E+01  0.1062E+02
  -1.260  0.1195E+01  0.1063E+02
  -1.250  0.1209E+01  0.1064E+02
  -1.240  0.1190E+01  0.1065E+02
  -1.230  0.1190E+01  0.1066E+02
  -1.220  0.1207E+01  0.1068E+02
  -1.210  0.1186E+01  0.1069E+02
  -1.200  0.1190E+01  0.1070E+02
  -1.190  0.1207E+01  0.1071E+02
  -1.180  0.1211E+01  0.1072E+02
  -1.170  0.1231E+01  0.1074E+02
  -1.160  0.1265E+01  0.1075E+02
  -1.150  0.1419E+01  0.1076E+02
  -1.140  0.5060E+00  0.1077E+02
  -1.130  0.1197E+01  0.1078E+02
  -1.120  0.1427E+01  0.1079E+02
  -1.110  0.1639E+01  0.1081E+02
  -1.100  0.4841E+00  0.1082E+02
  -1.090  0.4751E+00  0.1083E+02
  -1.080  0.4681E+00  0.1083E+02
  -1.070  0.4585E+00  0.1084E+02
  -1.060  0.4535E+00  0.1084E+02
  -1.050  0.4507E+00  0.1085E+02
  -1.040  0.5095E+00  0.1085E+02
  -1.030  0.5151E+00  0.1086E+02
  -1.020  0.5011E+00  0.1086E+02
  -1.010  0.5065E+00  0.1087E+02
  -1.000  0.4973E+00  0.1087E+02
  -0.990  0.4921E+00  0.1088E+02
  -0.980  0.4920E+00  0.1088E+02
  -0.970  0.4940E+00  0.1089E+02
  -0.960  0.4899E+00  0.1089E+02
  -0.950  0.4898E+00  0.1090E+02
  -0.940  0.4903E+00  0.1090E+02
  -0.930  0.4925E+00  0.1091E+02
  -0.920  0.4935E+00  0.1091E+02
  -0.910  0.4919E+00  0.1092E+02
  -0.900  0.4881E+00  0.1092E+02
  -0.890  0.4882E+00  0.1093E+02
  -0.880  0.4901E+00  0.1093E+02
  -0.870  0.4927E+00  0.1094E+02
  -0.860  0.4964E+00  0.1094E+02
  -0.850  0.4974E+00  0.1095E+02
  -0.840  0.4975E+00  0.1095E+02
  -0.830  0.4954E+00  0.1096E+02
  -0.820  0.4907E+00  0.1096E+02
  -0.810  0.4905E+00  0.1097E+02
  -0.800  0.4920E+00  0.1097E+02
  -0.790  0.4941E+00  0.1098E+02
  -0.780  0.4940E+00  0.1098E+02
  -0.770  0.4947E+00  0.1098E+02
  -0.760  0.4991E+00  0.1099E+02
  -0.750  0.4929E+00  0.1099E+02
  -0.740  0.4926E+00  0.1100E+02
  -0.730  0.4932E+00  0.1100E+02
  -0.720  0.4938E+00  0.1101E+02
  -0.710  0.4947E+00  0.1101E+02
  -0.700  0.4950E+00  0.1102E+02
  -0.690  0.5091E+00  0.1102E+02
  -0.680  0.4969E+00  0.1103E+02
  -0.670  0.4976E+00  0.1103E+02
  -0.660  0.4992E+00  0.1104E+02
  -0.650  0.5012E+00  0.1104E+02
  -0.640  0.5019E+00  0.1105E+02
  -0.630  0.5177E+00  0.1105E+02
  -0.620  0.4986E+00  0.1106E+02
  -0.610  0.4979E+00  0.1106E+02
  -0.600  0.4978E+00  0.1107E+02
  -0.590  0.4976E+00  0.1107E+02
  -0.580  0.4973E+00  0.1108E+02
  -0.570  0.4961E+00  0.1108E+02
  -0.560  0.5011E+00  0.1109E+02
  -0.550  0.5145E+00  0.1109E+02
  -0.540  0.5107E+00  0.1110E+02
  -0.530  0.5065E+00  0.1110E+02
  -0.520  0.5013E+00  0.1111E+02
  -0.510  0.4998E+00  0.1111E+02
  -0.500  0.5006E+00  0.1112E+02
  -0.490  0.5016E+00  0.1112E+02
  -0.480  0.5026E+00  0.1113E+02
  -0.470  0.5125E+00  0.1113E+02
  -0.460  0.5058E+00  0.1114E+02
  -0.450  0.5042E+00  0.1114E+02
  -0.440  0.5026E+00  0.1115E+02
  -0.430  0.5027E+00  0.1116E+02
  -0.420  0.5140E+00  0.1116E+02
  -0.410  0.5086E+00  0.1117E+02
  -0.400  0.5040E+00  0.1117E+02
  -0.390  0.5144E+00  0.1118E+02
  -0.380  0.5090E+00  0.1118E+02
  -0.370  0.5040E+00  0.1119E+02
  -0.360  0.5109E+00  0.1119E+02
  -0.350  0.5132E+00  0.1120E+02
  -0.340  0.5184E+00  0.1120E+02
  -0.330  0.4855E+00  0.1121E+02
  -0.320  0.4512E+00  0.1121E+02
  -0.310  0.4155E+00  0.1121E+02
  -0.300  0.4149E+00  0.1122E+02
  -0.290  0.4151E+00  0.1122E+02
  -0.280  0.4152E+00  0.1123E+02
  -0.270  0.4153E+00  0.1123E+02
  -0.260  0.4142E+00  0.1124E+02
  -0.250  0.4140E+00  0.1124E+02
  -0.240  0.4140E+00  0.1124E+02
  -0.230  0.4149E+00  0.1125E+02
  -0.220  0.4151E+00  0.1125E+02
  -0.210  0.4154E+00  0.1126E+02
  -0.200  0.4238E+00  0.1126E+02
  -0.190  0.4158E+00  0.1126E+02
  -0.180  0.4162E+00  0.1127E+02
  -0.170  0.4169E+00  0.1127E+02
  -0.160  0.4159E+00  0.1128E+02
  -0.150  0.4160E+00  0.1128E+02
  -0.140  0.4158E+00  0.1129E+02
  -0.130  0.4159E+00  0.1129E+02
  -0.120  0.4164E+00  0.1129E+02
  -0.110  0.4168E+00  0.1130E+02
  -0.100  0.4171E+00  0.1130E+02
  -0.090  0.4172E+00  0.1131E+02
  -0.080  0.4177E+00  0.1131E+02
  -0.070  0.4183E+00  0.1131E+02
  -0.060  0.4187E+00  0.1132E+02
  -0.050  0.4191E+00  0.1132E+02
  -0.040  0.4195E+00  0.1133E+02
  -0.030  0.4245E+00  0.1133E+02
  -0.020  0.4230E+00  0.1134E+02
  -0.010  0.4216E+00  0.1134E+02
   0.000  0.4201E+00  0.1134E+02
   0.010  0.4210E+00  0.1135E+02
   0.020  0.4215E+00  0.1135E+02
   0.030  0.4221E+00  0.1136E+02
   0.040  0.4226E+00  0.1136E+02
   0.050  0.4227E+00  0.1137E+02
   0.060  0.4232E+00  0.1137E+02
   0.070  0.4237E+00  0.1137E+02
   0.080  0.4241E+00  0.1138E+02
   0.090  0.4246E+00  0.1138E+02
   0.100  0.4254E+00  0.1139E+02
   0.110  0.4261E+00  0.1139E+02
   0.120  0.4267E+00  0.1140E+02
   0.130  0.4273E+00  0.1140E+02
   0.140  0.4320E+00  0.1140E+02
   0.150  0.4316E+00  0.1141E+02
   0.160  0.4312E+00  0.1141E+02
   0.170  0.4299E+00  0.1142E+02
   0.180  0.4306E+00  0.1142E+02
   0.190  0.4311E+00  0.1143E+02
   0.200  0.4321E+00  0.1143E+02
   0.210  0.4329E+00  0.1143E+02
   0.220  0.4336E+00  0.1144E+02
   0.230  0.4342E+00  0.1144E+02
   0.240  0.4362E+00  0.1145E+02
   0.250  0.4371E+00  0.1145E+02
   0.260  0.4379E+00  0.1146E+02
   0.270  0.4393E+00  0.1146E+02
   0.280  0.4401E+00  0.1146E+02
   0.290  0.4451E+00  0.1147E+02
   0.300  0.4440E+00  0.1147E+02
   0.310  0.4432E+00  0.1148E+02
   0.320  0.4445E+00  0.1148E+02
   0.330  0.4464E+00  0.1149E+02
   0.340  0.4483E+00  0.1149E+02
   0.350  0.4497E+00  0.1150E+02
   0.360  0.4511E+00  0.1150E+02
   0.370  0.4524E+00  0.1150E+02
   0.380  0.4561E+00  0.1151E+02
   0.390  0.4578E+00  0.1151E+02
   0.400  0.4594E+00  0.1152E+02
   0.410  0.4687E+00  0.1152E+02
   0.420  0.4646E+00  0.1153E+02
   0.430  0.4678E+00  0.1153E+02
   0.440  0.4706E+00  0.1154E+02
   0.450  0.4737E+00  0.1154E+02
   0.460  0.4766E+00  0.1155E+02
   0.470  0.4811E+00  0.1155E+02
   0.480  0.5050E+00  0.1156E+02
   0.490  0.5237E+00  0.1156E+02
   0.500  0.5200E+00  0.1157E+02
   0.510  0.5307E+00  0.1157E+02
   0.520  0.5408E+00  0.1158E+02
   0.530  0.5543E+00  0.1158E+02
   0.540  0.5043E+00  0.1159E+02
   0.550  0.4939E+00  0.1159E+02
   0.560  0.4916E+00  0.1160E+02
   0.570  0.4893E+00  0.1160E+02
   0.580  0.4788E+00  0.1161E+02
   0.590  0.4758E+00  0.1161E+02
   0.600  0.4723E+00  0.1162E+02
   0.610  0.4680E+00  0.1162E+02
   0.620  0.4632E+00  0.1163E+02
   0.630  0.4622E+00  0.1163E+02
   0.640  0.4603E+00  0.1164E+02
   0.650  0.4581E+00  0.1164E+02
   0.660  0.4553E+00  0.1164E+02
   0.670  0.4526E+00  0.1165E+02
   0.680  0.4500E+00  0.1165E+02
   0.690  0.4488E+00  0.1166E+02
   0.700  0.4481E+00  0.1166E+02
   0.710  0.4470E+00  0.1167E+02
   0.720  0.4451E+00  0.1167E+02
   0.730  0.4434E+00  0.1168E+02
   0.740  0.4419E+00  0.1168E+02
   0.750  0.4404E+00  0.1168E+02
   0.760  0.4393E+00  0.1169E+02
   0.770  0.4383E+00  0.1169E+02
   0.780  0.4375E+00  0.1170E+02
   0.790  0.4366E+00  0.1170E+02
   0.800  0.4356E+00  0.1171E+02
   0.810  0.4326E+00  0.1171E+02
   0.820  0.4311E+00  0.1172E+02
   0.830  0.4302E+00  0.1172E+02
   0.840  0.4293E+00  0.1172E+02
   0.850  0.4286E+00  0.1173E+02
   0.860  0.4278E+00  0.1173E+02
   0.870  0.4270E+00  0.1174E+02
   0.880  0.4263E+00  0.1174E+02
   0.890  0.4243E+00  0.1175E+02
   0.900  0.4240E+00  0.1175E+02
   0.910  0.4238E+00  0.1175E+02
   0.920  0.4229E+00  0.1176E+02
   0.930  0.4217E+00  0.1176E+02
   0.940  0.4205E+00  0.1177E+02
   0.950  0.4193E+00  0.1177E+02
   0.960  0.4181E+00  0.1177E+02
   0.970  0.4169E+00  0.1178E+02
   0.980  0.4157E+00  0.1178E+02
   0.990  0.4150E+00  0.1179E+02
   1.000  0.4145E+00  0.1179E+02
   1.010  0.4143E+00  0.1180E+02
   1.020  0.4137E+00  0.1180E+02
   1.030  0.4131E+00  0.1180E+02
   1.040  0.4135E+00  0.1181E+02
   1.050  0.4124E+00  0.1181E+02
   1.060  0.4113E+00  0.1182E+02
   1.070  0.4102E+00  0.1182E+02
   1.080  0.4089E+00  0.1182E+02
   1.090  0.4082E+00  0.1183E+02
   1.100  0.4073E+00  0.1183E+02
   1.110  0.4066E+00  0.1184E+02
   1.120  0.4058E+00  0.1184E+02
   1.130  0.4049E+00  0.1184E+02
   1.140  0.4040E+00  0.1185E+02
   1.150  0.4035E+00  0.1185E+02
   1.160  0.4023E+00  0.1186E+02
   1.170  0.4023E+00  0.1186E+02
   1.180  0.4023E+00  0.1186E+02
   1.190  0.4020E+00  0.1187E+02
   1.200  0.4016E+00  0.1187E+02
   1.210  0.4011E+00  0.1188E+02
   1.220  0.4003E+00  0.1188E+02
   1.230  0.3992E+00  0.1189E+02
   1.240  0.3982E+00  0.1189E+02
   1.250  0.3966E+00  0.1189E+02
   1.260  0.3957E+00  0.1190E+02
   1.270  0.3953E+00  0.1190E+02
   1.280  0.3947E+00  0.1190E+02
   1.290  0.3943E+00  0.1191E+02
   1.300  0.3938E+00  0.1191E+02
   1.310  0.3935E+00  0.1192E+02
   1.320  0.3936E+00  0.1192E+02
   1.330  0.3928E+00  0.1192E+02
   1.340  0.3920E+00  0.1193E+02
   1.350  0.3912E+00  0.1193E+02
   1.360  0.3904E+00  0.1194E+02
   1.370  0.3901E+00  0.1194E+02
   1.380  0.3892E+00  0.1194E+02
   1.390  0.3886E+00  0.1195E+02
   1.400  0.3880E+00  0.1195E+02
   1.410  0.3875E+00  0.1196E+02
   1.420  0.3871E+00  0.1196E+02
   1.430  0.3866E+00  0.1196E+02
   1.440  0.3862E+00  0.1197E+02
   1.450  0.3855E+00  0.1197E+02
   1.460  0.3844E+00  0.1198E+02
   1.470  0.3836E+00  0.1198E+02
   1.480  0.3833E+00  0.1198E+02
   1.490  0.3827E+00  0.1199E+02
   1.500  0.3823E+00  0.1199E+02
   1.510  0.3819E+00  0.1199E+02
   1.520  0.3816E+00  0.1200E+02
   1.530  0.3813E+00  0.1200E+02
   1.540  0.3806E+00  0.1201E+02
   1.550  0.3799E+00  0.1201E+02
   1.560  0.3790E+00  0.1201E+02
   1.570  0.3779E+00  0.1202E+02
   1.580  0.3772E+00  0.1202E+02
   1.590  0.3764E+00  0.1202E+02
   1.600  0.3762E+00  0.1203E+02
   1.610  0.3760E+00  0.1203E+02
   1.620  0.3760E+00  0.1204E+02
   1.630  0.3759E+00  0.1204E+02
   1.640  0.3757E+00  0.1204E+02
   1.650  0.3749E+00  0.1205E+02
   1.660  0.3743E+00  0.1205E+02
   1.670  0.3735E+00  0.1205E+02
   1.680  0.3728E+00  0.1206E+02
   1.690  0.3717E+00  0.1206E+02
   1.700  0.3709E+00  0.1207E+02
   1.710  0.3708E+00  0.1207E+02
   1.720  0.3705E+00  0.1207E+02
   1.730  0.3701E+00  0.1208E+02
   1.740  0.3696E+00  0.1208E+02
   1.750  0.3692E+00  0.1208E+02
   1.760  0.3687E+00  0.1209E+02
   1.770  0.3682E+00  0.1209E+02
   1.780  0.3675E+00  0.1210E+02
   1.790  0.3668E+00  0.1210E+02
   1.800  0.3665E+00  0.1210E+02
   1.810  0.3663E+00  0.1211E+02
   1.820  0.3654E+00  0.1211E+02
   1.830  0.3650E+00  0.1211E+02
   1.840  0.3647E+00  0.1212E+02
   1.850  0.3643E+00  0.1212E+02
   1.860  0.3635E+00  0.1212E+02
   1.870  0.3630E+00  0.1213E+02
   1.880  0.3626E+00  0.1213E+02
   1.890  0.3623E+00  0.1214E+02
   1.900  0.3615E+00  0.1214E+02
   1.910  0.3606E+00  0.1214E+02
   1.920  0.3602E+00  0.1215E+02
   1.930  0.3596E+00  0.1215E+02
   1.940  0.3591E+00  0.1215E+02
   1.950  0.3590E+00  0.1216E+02
   1.960  0.3588E+00  0.1216E+02
   1.970  0.3586E+00  0.1216E+02
   1.980  0.3587E+00  0.1217E+02
   1.990  0.3582E+00  0.1217E+02
   2.000  0.3577E+00  0.1218E+02
   2.010  0.3572E+00  0.1218E+02
   2.020  0.3563E+00  0.1218E+02
   2.030  0.3551E+00  0.1219E+02
   2.040  0.3543E+00  0.1219E+02
   2.050  0.3538E+00  0.1219E+02
   2.060  0.3533E+00  0.1220E+02
   2.070  0.3533E+00  0.1220E+02
   2.080  0.3528E+00  0.1220E+02
   2.090  0.3526E+00  0.1221E+02
   2.100  0.3522E+00  0.1221E+02
   2.110  0.3518E+00  0.1221E+02
   2.120  0.3514E+00  0.1222E+02
   2.130  0.3509E+00  0.1222E+02
   2.140  0.3503E+00  0.1222E+02
   2.150  0.3500E+00  0.1223E+02
   2.160  0.3499E+00  0.1223E+02
   2.170  0.3492E+00  0.1224E+02
   2.180  0.3487E+00  0.1224E+02
   2.190  0.3485E+00  0.1224E+02
   2.200  0.3481E+00  0.1225E+02
   2.210  0.3474E+00  0.1225E+02
   2.220  0.3468E+00  0.1225E+02
   2.230  0.3463E+00  0.1226E+02
   2.240  0.3460E+00  0.1226E+02
   2.250  0.3454E+00  0.1226E+02
   2.260  0.3447E+00  0.1227E+02
   2.270  0.3441E+00  0.1227E+02
   2.280  0.3436E+00  0.1227E+02
   2.290  0.3432E+00  0.1228E+02
   2.300  0.3427E+00  0.1228E+02
   2.310  0.3426E+00  0.1228E+02
   2.320  0.3425E+00  0.1229E+02
   2.330  0.3428E+00  0.1229E+02
   2.340  0.3423E+00  0.1229E+02
   2.350  0.3418E+00  0.1230E+02
   2.360  0.4375E+00  0.1230E+02
   2.370  0.4362E+00  0.1231E+02
   2.380  0.4383E+00  0.1231E+02
   2.390  0.5355E+00  0.1232E+02
   2.400  0.5307E+00  0.1232E+02
   2.410  0.5330E+00  0.1233E+02
   2.420  0.5448E+00  0.1233E+02
   2.430  0.5317E+00  0.1234E+02
   2.440  0.5322E+00  0.1234E+02
   2.450  0.5475E+00  0.1235E+02
   2.460  0.5304E+00  0.1235E+02
   2.470  0.5333E+00  0.1236E+02
   2.480  0.5407E+00  0.1236E+02
   2.490  0.5315E+00  0.1237E+02
   2.500  0.5308E+00  0.1237E+02
   2.510  0.5337E+00  0.1238E+02
   2.520  0.5349E+00  0.1238E+02
   2.530  0.5302E+00  0.1239E+02
   2.540  0.5298E+00  0.1240E+02
   2.550  0.5318E+00  0.1240E+02
   2.560  0.5320E+00  0.1241E+02
   2.570  0.5318E+00  0.1241E+02
   2.580  0.5281E+00  0.1242E+02
   2.590  0.5277E+00  0.1242E+02
   2.600  0.5308E+00  0.1243E+02
   2.610  0.5288E+00  0.1243E+02
   2.620  0.5288E+00  0.1244E+02
   2.630  0.5273E+00  0.1244E+02
   2.640  0.5261E+00  0.1245E+02
   2.650  0.5271E+00  0.1245E+02
   2.660  0.5267E+00  0.1246E+02
   2.670  0.5256E+00  0.1246E+02
   2.680  0.5257E+00  0.1247E+02
   2.690  0.5248E+00  0.1247E+02
   2.700  0.5249E+00  0.1248E+02
   2.710  0.5258E+00  0.1249E+02
   2.720  0.5247E+00  0.1249E+02
   2.730  0.5245E+00  0.1250E+02
   2.740  0.5246E+00  0.1250E+02
   2.750  0.5225E+00  0.1251E+02
   2.760  0.5224E+00  0.1251E+02
   2.770  0.5225E+00  0.1252E+02
   2.780  0.5217E+00  0.1252E+02
   2.790  0.5201E+00  0.1253E+02
   2.800  0.5207E+00  0.1253E+02
   2.810  0.5214E+00  0.1254E+02
   2.820  0.5203E+00  0.1254E+02
   2.830  0.5196E+00  0.1255E+02
   2.840  0.5203E+00  0.1255E+02
   2.850  0.5195E+00  0.1256E+02
   2.860  0.5183E+00  0.1256E+02
   2.870  0.5181E+00  0.1257E+02
   2.880  0.5181E+00  0.1257E+02
   2.890  0.5176E+00  0.1258E+02
   2.900  0.5169E+00  0.1258E+02
   2.910  0.5165E+00  0.1259E+02
   2.920  0.5169E+00  0.1259E+02
   2.930  0.5159E+00  0.1260E+02
   2.940  0.5156E+00  0.1260E+02
   2.950  0.5152E+00  0.1261E+02
   2.960  0.5154E+00  0.1262E+02
   2.970  0.5148E+00  0.1262E+02
   2.980  0.5145E+00  0.1263E+02
   2.990  0.5141E+00  0.1263E+02
   3.000  0.5140E+00  0.1264E+02
   3.010  0.5124E+00  0.1264E+02
   3.020  0.5122E+00  0.1265E+02
   3.030  0.5120E+00  0.1265E+02
   3.040  0.5118E+00  0.1266E+02
   3.050  0.5119E+00  0.1266E+02
   3.060  0.5108E+00  0.1267E+02
   3.070  0.5107E+00  0.1267E+02
   3.080  0.5110E+00  0.1268E+02
   3.090  0.5100E+00  0.1268E+02
   3.100  0.5097E+00  0.1269E+02
   3.110  0.5094E+00  0.1269E+02
   3.120  0.5093E+00  0.1270E+02
   3.130  0.5093E+00  0.1270E+02
   3.140  0.5093E+00  0.1271E+02
   3.150  0.5074E+00  0.1271E+02
   3.160  0.5395E+00  0.1272E+02
   3.170  0.5972E+00  0.1272E+02
   3.180  0.5906E+00  0.1273E+02
   3.190  0.5929E+00  0.1274E+02
   3.200  0.5910E+00  0.1274E+02
   3.210  0.5952E+00  0.1275E+02
   3.220  0.5909E+00  0.1275E+02
   3.230  0.5950E+00  0.1276E+02
   3.240  0.5928E+00  0.1276E+02
   3.250  0.5908E+00  0.1277E+02
   3.260  0.6108E+00  0.1278E+02
   3.270  0.6885E+00  0.1278E+02
   3.280  0.6761E+00  0.1279E+02
   3.290  0.6788E+00  0.1280E+02
   3.300  0.6803E+00  0.1280E+02
   3.310  0.6817E+00  0.1281E+02
   3.320  0.6769E+00  0.1282E+02
   3.330  0.6823E+00  0.1282E+02
   3.340  0.6783E+00  0.1283E+02
   3.350  0.6801E+00  0.1284E+02
   3.360  0.6802E+00  0.1284E+02
   3.370  0.6796E+00  0.1285E+02
   3.380  0.6750E+00  0.1286E+02
   3.390  0.6766E+00  0.1286E+02
   3.400  0.6798E+00  0.1287E+02
   3.410  0.6803E+00  0.1288E+02
   3.420  0.6747E+00  0.1289E+02
   3.430  0.6742E+00  0.1289E+02
   3.440  0.6775E+00  0.1290E+02
   3.450  0.6792E+00  0.1291E+02
   3.460  0.6766E+00  0.1291E+02
   3.470  0.6768E+00  0.1292E+02
   3.480  0.6751E+00  0.1293E+02
   3.490  0.6752E+00  0.1293E+02
   3.500  0.6769E+00  0.1294E+02
   3.510  0.6746E+00  0.1295E+02
   3.520  0.6745E+00  0.1295E+02
   3.530  0.6752E+00  0.1296E+02
   3.540  0.6743E+00  0.1297E+02
   3.550  0.6736E+00  0.1297E+02
   3.560  0.6740E+00  0.1298E+02
   3.570  0.6713E+00  0.1299E+02
   3.580  0.6715E+00  0.1299E+02
   3.590  0.6729E+00  0.1300E+02
   3.600  0.6737E+00  0.1301E+02
   3.610  0.6728E+00  0.1301E+02
   3.620  0.6729E+00  0.1302E+02
   3.630  0.6711E+00  0.1303E+02
   3.640  0.6705E+00  0.1303E+02
   3.650  0.6704E+00  0.1304E+02
   3.660  0.6708E+00  0.1305E+02
   3.670  0.6720E+00  0.1305E+02
   3.680  0.6716E+00  0.1306E+02
   3.690  0.6706E+00  0.1307E+02
   3.700  0.6681E+00  0.1307E+02
   3.710  0.6686E+00  0.1308E+02
   3.720  0.6686E+00  0.1309E+02
   3.730  0.6684E+00  0.1309E+02
   3.740  0.6686E+00  0.1310E+02
   3.750  0.6696E+00  0.1311E+02
   3.760  0.6710E+00  0.1311E+02
   3.770  0.6682E+00  0.1312E+02
   3.780  0.6666E+00  0.1313E+02
   3.790  0.6664E+00  0.1313E+02
   3.800  0.6658E+00  0.1314E+02
   3.810  0.6659E+00  0.1315E+02
   3.820  0.6662E+00  0.1315E+02
   3.830  0.6665E+00  0.1316E+02
   3.840  0.6675E+00  0.1317E+02
   3.850  0.6655E+00  0.1317E+02
   3.860  0.6643E+00  0.1318E+02
   3.870  0.6639E+00  0.1319E+02
   3.880  0.6635E+00  0.1319E+02
   3.890  0.6641E+00  0.1320E+02
   3.900  0.6645E+00  0.1321E+02
   3.910  0.6653E+00  0.1321E+02
   3.920  0.6665E+00  0.1322E+02
   3.930  0.6661E+00  0.1323E+02
   3.940  0.6641E+00  0.1323E+02
   3.950  0.6622E+00  0.1324E+02
   3.960  0.6615E+00  0.1325E+02
   3.970  0.6617E+00  0.1325E+02
   3.980  0.6612E+00  0.1326E+02
   3.990  0.6613E+00  0.1327E+02
   4.000  0.6614E+00  0.1327E+02
   4.010  0.6619E+00  0.1328E+02
   4.020  0.6629E+00  0.1329E+02
   4.030  0.6618E+00  0.1329E+02
   4.040  0.6616E+00  0.1330E+02
   4.050  0.6606E+00  0.1331E+02
   4.060  0.6599E+00  0.1331E+02
   4.070  0.6586E+00  0.1332E+02
   4.080  0.6580E+00  0.1333E+02
   4.090  0.6580E+00  0.1333E+02
   4.100  0.6586E+00  0.1334E+02
   4.110  0.6589E+00  0.1335E+02
   4.120  0.6594E+00  0.1335E+02
   4.130  0.6585E+00  0.1336E+02
   4.140  0.6587E+00  0.1337E+02
   4.150  0.6580E+00  0.1337E+02
   4.160  0.6577E+00  0.1338E+02
   4.170  0.6574E+00  0.1339E+02
   4.180  0.6572E+00  0.1339E+02
   4.190  0.6571E+00  0.1340E+02
   4.200  0.6568E+00  0.1341E+02
   4.210  0.6562E+00  0.1341E+02
   4.220  0.6566E+00  0.1342E+02
   4.230  0.6559E+00  0.1343E+02
   4.240  0.6556E+00  0.1343E+02
   4.250  0.6552E+00  0.1344E+02
   4.260  0.6543E+00  0.1344E+02
   4.270  0.6538E+00  0.1345E+02
   4.280  0.6536E+00  0.1346E+02
   4.290  0.6538E+00  0.1346E+02
   4.300  0.6538E+00  0.1347E+02
   4.310  0.6538E+00  0.1348E+02
   4.320  0.6537E+00  0.1348E+02
   4.330  0.6538E+00  0.1349E+02
   4.340  0.6533E+00  0.1350E+02
   4.350  0.6533E+00  0.1350E+02
   4.360  0.6523E+00  0.1351E+02
   4.370  0.6523E+00  0.1352E+02
   4.380  0.6518E+00  0.1352E+02
   4.390  0.6515E+00  0.1353E+02
   4.400  0.6508E+00  0.1354E+02
   4.410  0.6508E+00  0.1354E+02
   4.420  0.6510E+00  0.1355E+02
   4.430  0.6512E+00  0.1356E+02
   4.440  0.6514E+00  0.1356E+02
   4.450  0.6505E+00  0.1357E+02
   4.460  0.6498E+00  0.1358E+02
   4.470  0.6492E+00  0.1358E+02
   4.480  0.6493E+00  0.1359E+02
   4.490  0.6492E+00  0.1359E+02
   4.500  0.6483E+00  0.1360E+02
   4.510  0.6477E+00  0.1361E+02
   4.520  0.6474E+00  0.1361E+02
   4.530  0.6474E+00  0.1362E+02
   4.540  0.6477E+00  0.1363E+02
   4.550  0.6479E+00  0.1363E+02
   4.560  0.6482E+00  0.1364E+02
   4.570  0.6479E+00  0.1365E+02
   4.580  0.6476E+00  0.1365E+02
   4.590  0.6472E+00  0.1366E+02
   4.600  0.6470E+00  0.1367E+02
   4.610  0.6460E+00  0.1367E+02
   4.620  0.6463E+00  0.1368E+02
   4.630  0.6460E+00  0.1369E+02
   4.640  0.6460E+00  0.1369E+02
   4.650  0.6461E+00  0.1370E+02
   4.660  0.6453E+00  0.1370E+02
   4.670  0.6449E+00  0.1371E+02
   4.680  0.6446E+00  0.1372E+02
   4.690  0.6447E+00  0.1372E+02
   4.700  0.6442E+00  0.1373E+02
   4.710  0.6433E+00  0.1374E+02
   4.720  0.6429E+00  0.1374E+02
   4.730  0.6427E+00  0.1375E+02
   4.740  0.6426E+00  0.1376E+02
   4.750  0.6424E+00  0.1376E+02
   4.760  0.6417E+00  0.1377E+02
   4.770  0.6416E+00  0.1378E+02
   4.780  0.6413E+00  0.1378E+02
   4.790  0.6419E+00  0.1379E+02
   4.800  0.6420E+00  0.1379E+02
   4.810  0.6422E+00  0.1380E+02
   4.820  0.6420E+00  0.1381E+02
   4.830  0.6414E+00  0.1381E+02
   4.840  0.6412E+00  0.1382E+02
   4.850  0.6413E+00  0.1383E+02
   4.860  0.6418E+00  0.1383E+02
   4.870  0.6412E+00  0.1384E+02
   4.880  0.6407E+00  0.1385E+02
   4.890  0.6402E+00  0.1385E+02
   4.900  0.6393E+00  0.1386E+02
   4.910  0.6386E+00  0.1387E+02
   4.920  0.6384E+00  0.1387E+02
   4.930  0.6382E+00  0.1388E+02
   4.940  0.6381E+00  0.1388E+02
   4.950  0.6380E+00  0.1389E+02
   4.960  0.6379E+00  0.1390E+02
   4.970  0.6376E+00  0.1390E+02
   4.980  0.6375E+00  0.1391E+02
   4.990  0.6371E+00  0.1392E+02
   5.000  0.6370E+00  0.1392E+02
   5.010  0.6370E+00  0.1393E+02
   5.020  0.6372E+00  0.1394E+02
   5.030  0.6372E+00  0.1394E+02
   5.040  0.6362E+00  0.1395E+02
   5.050  0.6356E+00  0.1395E+02
   5.060  0.6354E+00  0.1396E+02
   5.070  0.6353E+00  0.1397E+02
   5.080  0.6352E+00  0.1397E+02
   5.090  0.6352E+00  0.1398E+02
   5.100  0.6353E+00  0.1399E+02
   5.110  0.6349E+00  0.1399E+02
   5.120  0.6347E+00  0.1400E+02
   5.130  0.6347E+00  0.1401E+02
   5.140  0.6348E+00  0.1401E+02
   5.150  0.6345E+00  0.1402E+02
   5.160  0.6337E+00  0.1402E+02
   5.170  0.6335E+00  0.1403E+02
   5.180  0.6332E+00  0.1404E+02
   5.190  0.6327E+00  0.1404E+02
   5.200  0.6325E+00  0.1405E+02
   5.210  0.6321E+00  0.1406E+02
   5.220  0.6319E+00  0.1406E+02
   5.230  0.6315E+00  0.1407E+02
   5.240  0.6323E+00  0.1407E+02
   5.250  0.6322E+00  0.1408E+02
   5.260  0.6315E+00  0.1409E+02
   5.270  0.6314E+00  0.1409E+02
   5.280  0.6314E+00  0.1410E+02
   5.290  0.6312E+00  0.1411E+02
   5.300  0.6306E+00  0.1411E+02
   5.310  0.6305E+00  0.1412E+02
   5.320  0.6305E+00  0.1413E+02
   5.330  0.6304E+00  0.1413E+02
   5.340  0.6301E+00  0.1414E+02
   5.350  0.6295E+00  0.1414E+02
   5.360  0.6291E+00  0.1415E+02
   5.370  0.6291E+00  0.1416E+02
   5.380  0.6290E+00  0.1416E+02
   5.390  0.6286E+00  0.1417E+02
   5.400  0.6283E+00  0.1418E+02
   5.410  0.6278E+00  0.1418E+02
   5.420  0.6275E+00  0.1419E+02
   5.430  0.6274E+00  0.1419E+02
   5.440  0.6275E+00  0.1420E+02
   5.450  0.6274E+00  0.1421E+02
   5.460  0.6275E+00  0.1421E+02
   5.470  0.6277E+00  0.1422E+02
   5.480  0.6283E+00  0.1423E+02
   5.490  0.6275E+00  0.1423E+02
   5.500  0.6269E+00  0.1424E+02
   5.510  0.6268E+00  0.1424E+02
   5.520  0.6268E+00  0.1425E+02
   5.530  0.6271E+00  0.1426E+02
   5.540  0.6268E+00  0.1426E+02
   5.550  0.6265E+00  0.1427E+02
   5.560  0.6262E+00  0.1428E+02
   5.570  0.6255E+00  0.1428E+02
   5.580  0.6246E+00  0.1429E+02
   5.590  0.6240E+00  0.1429E+02
   5.600  0.6234E+00  0.1430E+02
   5.610  0.6232E+00  0.1431E+02
   5.620  0.6233E+00  0.1431E+02
   5.630  0.6234E+00  0.1432E+02
   5.640  0.6234E+00  0.1433E+02
   5.650  0.6235E+00  0.1433E+02
   5.660  0.6235E+00  0.1434E+02
   5.670  0.6233E+00  0.1434E+02
   5.680  0.6229E+00  0.1435E+02
   5.690  0.6246E+00  0.1436E+02
   5.700  0.6242E+00  0.1436E+02
   5.710  0.6236E+00  0.1437E+02
   5.720  0.6231E+00  0.1438E+02
   5.730  0.6224E+00  0.1438E+02
   5.740  0.6229E+00  0.1439E+02
   5.750  0.6226E+00  0.1439E+02
   5.760  0.6222E+00  0.1440E+02
   5.770  0.6215E+00  0.1441E+02
   5.780  0.6209E+00  0.1441E+02
   5.790  0.6204E+00  0.1442E+02
   5.800  0.6201E+00  0.1443E+02
   5.810  0.6215E+00  0.1443E+02
   5.820  0.6213E+00  0.1444E+02
   5.830  0.6211E+00  0.1444E+02
   5.840  0.6208E+00  0.1445E+02
   5.850  0.6205E+00  0.1446E+02
   5.860  0.6202E+00  0.1446E+02
   5.870  0.6200E+00  0.1447E+02
   5.880  0.6197E+00  0.1448E+02
   5.890  0.6196E+00  0.1448E+02
   5.900  0.6194E+00  0.1449E+02
   5.910  0.6190E+00  0.1449E+02
   5.920  0.6189E+00  0.1450E+02
   5.930  0.6188E+00  0.1451E+02
   5.940  0.6188E+00  0.1451E+02
   5.950  0.6190E+00  0.1452E+02
   5.960  0.6190E+00  0.1452E+02
   5.970  0.6191E+00  0.1453E+02
   5.980  0.6191E+00  0.1454E+02
   5.990  0.6182E+00  0.1454E+02
   6.000  0.6172E+00  0.1455E+02
   6.010  0.6174E+00  0.1456E+02
   6.020  0.6173E+00  0.1456E+02
   6.030  0.6721E+00  0.1457E+02
   6.040  0.7443E+00  0.1458E+02
   6.050  0.7808E+00  0.1458E+02
   6.060  0.7557E+00  0.1459E+02
   6.070  0.7855E+00  0.1460E+02
   6.080  0.7602E+00  0.1461E+02
   6.090  0.7605E+00  0.1461E+02
   6.100  0.7798E+00  0.1462E+02
   6.110  0.7584E+00  0.1463E+02
   6.120  0.7576E+00  0.1464E+02
   6.130  0.7575E+00  0.1464E+02
   6.140  0.7592E+00  0.1465E+02
   6.150  0.7610E+00  0.1466E+02
   6.160  0.7580E+00  0.1467E+02
   6.170  0.7586E+00  0.1468E+02
   6.180  0.7600E+00  0.1468E+02
   6.190  0.7604E+00  0.1469E+02
   6.200  0.7594E+00  0.1470E+02
   6.210  0.7608E+00  0.1471E+02
   6.220  0.7611E+00  0.1471E+02
   6.230  0.7615E+00  0.1472E+02
   6.240  0.7628E+00  0.1473E+02
   6.250  0.7582E+00  0.1474E+02
   6.260  0.7583E+00  0.1474E+02
   6.270  0.7601E+00  0.1475E+02
   6.280  0.7605E+00  0.1476E+02
   6.290  0.7615E+00  0.1477E+02
   6.300  0.7627E+00  0.1477E+02
   6.310  0.7739E+00  0.1478E+02
   6.320  0.7594E+00  0.1479E+02
   6.330  0.7611E+00  0.1480E+02
   6.340  0.7633E+00  0.1480E+02
   6.350  0.7657E+00  0.1481E+02
   6.360  0.7682E+00  0.1482E+02
   6.370  0.7706E+00  0.1483E+02
   6.380  0.7731E+00  0.1484E+02
   6.390  0.7808E+00  0.1484E+02
   6.400  0.7719E+00  0.1485E+02
   6.410  0.7780E+00  0.1486E+02
   6.420  0.7843E+00  0.1487E+02
   6.430  0.7919E+00  0.1487E+02
   6.440  0.7862E+00  0.1488E+02
   6.450  0.7868E+00  0.1489E+02
   6.460  0.7860E+00  0.1490E+02
   6.470  0.7867E+00  0.1491E+02
   6.480  0.7889E+00  0.1491E+02
   6.490  0.7767E+00  0.1492E+02
   6.500  0.7730E+00  0.1493E+02
   6.510  0.7698E+00  0.1494E+02
   6.520  0.7695E+00  0.1495E+02
   6.530  0.7703E+00  0.1495E+02
   6.540  0.7711E+00  0.1496E+02
   6.550  0.7624E+00  0.1497E+02
   6.560  0.7593E+00  0.1498E+02
   6.570  0.7606E+00  0.1498E+02
   6.580  0.7709E+00  0.1499E+02
   6.590  0.7568E+00  0.1500E+02
   6.600  0.7846E+00  0.1501E+02
   6.610  0.7838E+00  0.1501E+02
   6.620  0.7623E+00  0.1502E+02
   6.630  0.7597E+00  0.1503E+02
   6.640  0.7568E+00  0.1504E+02
   6.650  0.7526E+00  0.1504E+02
   6.660  0.7472E+00  0.1505E+02
   6.670  0.7452E+00  0.1506E+02
   6.680  0.7449E+00  0.1507E+02
   6.690  0.7573E+00  0.1507E+02
   6.700  0.7360E+00  0.1508E+02
   6.710  0.7370E+00  0.1509E+02
   6.720  0.7501E+00  0.1510E+02
   6.730  0.7804E+00  0.1510E+02
   6.740  0.8813E+00  0.1511E+02
   6.750  0.9716E+00  0.1512E+02
   6.760  0.9391E+00  0.1513E+02
   6.770  0.9742E+00  0.1514E+02
   6.780  0.9502E+00  0.1515E+02
   6.790  0.1016E+01  0.1516E+02
   6.800  0.9641E+00  0.1517E+02
   6.810  0.9730E+00  0.1518E+02
   6.820  0.9903E+00  0.1519E+02
   6.830  0.1013E+01  0.1520E+02
   6.840  0.1040E+01  0.1521E+02
   6.850  0.1047E+01  0.1522E+02
   6.860  0.1050E+01  0.1523E+02
   6.870  0.1077E+01  0.1524E+02
   6.880  0.1054E+01  0.1525E+02
   6.890  0.1041E+01  0.1526E+02
   6.900  0.1027E+01  0.1527E+02
   6.910  0.1003E+01  0.1528E+02
   6.920  0.9875E+00  0.1529E+02
   6.930  0.9660E+00  0.1530E+02
   6.940  0.9651E+00  0.1531E+02
   6.950  0.9618E+00  0.1532E+02
   6.960  0.9537E+00  0.1533E+02
   6.970  0.1000E+01  0.1534E+02
   6.980  0.1001E+01  0.1535E+02
   6.990  0.9483E+00  0.1536E+02
   7.000  0.9468E+00  0.1537E+02
   7.010  0.9431E+00  0.1538E+02
   7.020  0.9421E+00  0.1539E+02
   7.030  0.9339E+00  0.1540E+02
   7.040  0.9302E+00  0.1541E+02
   7.050  0.9342E+00  0.1542E+02
   7.060  0.9393E+00  0.1543E+02
   7.070  0.9408E+00  0.1544E+02
   7.080  0.9441E+00  0.1545E+02
   7.090  0.9420E+00  0.1546E+02
   7.100  0.9472E+00  0.1547E+02
   7.110  0.9619E+00  0.1547E+02
   7.120  0.9833E+00  0.1548E+02
   7.130  0.9821E+00  0.1549E+02
   7.140  0.9943E+00  0.1550E+02
   7.150  0.1011E+01  0.1551E+02
   7.160  0.1006E+01  0.1552E+02
   7.170  0.9956E+00  0.1553E+02
   7.180  0.9923E+00  0.1554E+02
   7.190  0.9989E+00  0.1555E+02
   7.200  0.1010E+01  0.1556E+02
   7.210  0.1006E+01  0.1557E+02
   7.220  0.1010E+01  0.1558E+02
   7.230  0.1007E+01  0.1559E+02
   7.240  0.1011E+01  0.1560E+02
   7.250  0.1019E+01  0.1561E+02
   7.260  0.1030E+01  0.1563E+02
   7.270  0.1045E+01  0.1564E+02
   7.280  0.1067E+01  0.1565E+02
   7.290  0.1074E+01  0.1566E+02
   7.300  0.1044E+01  0.1567E+02
   7.310  0.1080E+01  0.1568E+02
   7.320  0.1031E+01  0.1569E+02
   7.330  0.1026E+01  0.1570E+02
   7.340  0.1021E+01  0.1571E+02
   7.350  0.1016E+01  0.1572E+02
   7.360  0.1010E+01  0.1573E+02
   7.370  0.1144E+01  0.1574E+02
   7.380  0.1025E+01  0.1575E+02
   7.390  0.1038E+01  0.1576E+02
   7.400  0.1067E+01  0.1577E+02
   7.410  0.1066E+01  0.1578E+02
   7.420  0.1106E+01  0.1579E+02
   7.430  0.1102E+01  0.1580E+02
   7.440  0.1092E+01  0.1581E+02
   7.450  0.1048E+01  0.1583E+02
   7.460  0.1025E+01  0.1584E+02
   7.470  0.1041E+01  0.1585E+02
   7.480  0.1002E+01  0.1586E+02
   7.490  0.1007E+01  0.1587E+02
   7.500  0.9898E+00  0.1588E+02
   7.510  0.9733E+00  0.1589E+02
   7.520  0.9655E+00  0.1590E+02
   7.530  0.9592E+00  0.1591E+02
   7.540  0.9929E+00  0.1591E+02
   7.550  0.9543E+00  0.1592E+02
   7.560  0.9512E+00  0.1593E+02
   7.570  0.9454E+00  0.1594E+02
   7.580  0.9450E+00  0.1595E+02
   7.590  0.9362E+00  0.1596E+02
   7.600  0.9295E+00  0.1597E+02
   7.610  0.9235E+00  0.1598E+02
   7.620  0.9248E+00  0.1599E+02
   7.630  0.9297E+00  0.1600E+02
   7.640  0.9423E+00  0.1601E+02
   7.650  0.9390E+00  0.1602E+02
   7.660  0.9399E+00  0.1603E+02
   7.670  0.9394E+00  0.1604E+02
   7.680  0.9420E+00  0.1605E+02
   7.690  0.9425E+00  0.1606E+02
   7.700  0.9409E+00  0.1607E+02
   7.710  0.9447E+00  0.1607E+02
   7.720  0.9365E+00  0.1608E+02
   7.730  0.9308E+00  0.1609E+02
   7.740  0.9235E+00  0.1610E+02
   7.750  0.9373E+00  0.1611E+02
   7.760  0.9511E+00  0.1612E+02
   7.770  0.9480E+00  0.1613E+02
   7.780  0.9574E+00  0.1614E+02
   7.790  0.9672E+00  0.1615E+02
   7.800  0.9805E+00  0.1616E+02
   7.810  0.9808E+00  0.1617E+02
   7.820  0.9973E+00  0.1618E+02
   7.830  0.9701E+00  0.1619E+02
   7.840  0.9209E+00  0.1620E+02
   7.850  0.9172E+00  0.1621E+02
   7.860  0.9167E+00  0.1622E+02
   7.870  0.9253E+00  0.1623E+02
   7.880  0.8975E+00  0.1624E+02
   7.890  0.8883E+00  0.1624E+02
   7.900  0.8934E+00  0.1625E+02
   7.910  0.8986E+00  0.1626E+02
   7.920  0.9106E+00  0.1627E+02
   7.930  0.9128E+00  0.1628E+02
   7.940  0.9182E+00  0.1629E+02
   7.950  0.9124E+00  0.1630E+02
   7.960  0.9019E+00  0.1631E+02
   7.970  0.9103E+00  0.1632E+02
   7.980  0.9223E+00  0.1633E+02
   7.990  0.9378E+00  0.1634E+02
   8.000  0.9326E+00  0.1634E+02
   8.010  0.9352E+00  0.1635E+02
   8.020  0.8715E+00  0.1636E+02
   8.030  0.8408E+00  0.1637E+02
   8.040  0.8366E+00  0.1638E+02
   8.050  0.8285E+00  0.1639E+02
   8.060  0.8083E+00  0.1640E+02
   8.070  0.7728E+00  0.1640E+02
   8.080  0.7674E+00  0.1641E+02
   8.090  0.7617E+00  0.1642E+02
   8.100  0.7658E+00  0.1643E+02
   8.110  0.7652E+00  0.1644E+02
   8.120  0.7566E+00  0.1644E+02
   8.130  0.7545E+00  0.1645E+02
   8.140  0.7339E+00  0.1646E+02
   8.150  0.7295E+00  0.1647E+02
   8.160  0.7360E+00  0.1647E+02
   8.170  0.7397E+00  0.1648E+02
   8.180  0.7376E+00  0.1649E+02
   8.190  0.7472E+00  0.1649E+02
   8.200  0.7579E+00  0.1650E+02
   8.210  0.7434E+00  0.1651E+02
   8.220  0.7271E+00  0.1652E+02
   8.230  0.7016E+00  0.1652E+02
   8.240  0.6926E+00  0.1653E+02
   8.250  0.6805E+00  0.1654E+02
   8.260  0.6723E+00  0.1654E+02
   8.270  0.6643E+00  0.1655E+02
   8.280  0.6566E+00  0.1656E+02
   8.290  0.6498E+00  0.1656E+02
   8.300  0.6439E+00  0.1657E+02
   8.310  0.6427E+00  0.1658E+02
   8.320  0.6415E+00  0.1658E+02
   8.330  0.6351E+00  0.1659E+02
   8.340  0.6303E+00  0.1660E+02
   8.350  0.6219E+00  0.1660E+02
   8.360  0.6188E+00  0.1661E+02
   8.370  0.6138E+00  0.1662E+02
   8.380  0.6101E+00  0.1662E+02
   8.390  0.6083E+00  0.1663E+02
   8.400  0.6087E+00  0.1663E+02
   8.410  0.6126E+00  0.1664E+02
   8.420  0.6268E+00  0.1665E+02
   8.430  0.6293E+00  0.1665E+02
   8.440  0.6378E+00  0.1666E+02
   8.450  0.6370E+00  0.1666E+02
   8.460  0.6247E+00  0.1667E+02
   8.470  0.6225E+00  0.1668E+02
   8.480  0.6192E+00  0.1668E+02
   8.490  0.6160E+00  0.1669E+02
   8.500  0.6159E+00  0.1670E+02
   8.510  0.5891E+00  0.1670E+02
   8.520  0.5874E+00  0.1671E+02
   8.530  0.5826E+00  0.1671E+02
   8.540  0.5809E+00  0.1672E+02
   8.550  0.5782E+00  0.1673E+02
   8.560  0.5764E+00  0.1673E+02
   8.570  0.5734E+00  0.1674E+02
   8.580  0.5731E+00  0.1674E+02
   8.590  0.5723E+00  0.1675E+02
   8.600  0.5712E+00  0.1675E+02
   8.610  0.5701E+00  0.1676E+02
   8.620  0.5655E+00  0.1677E+02
   8.630  0.5697E+00  0.1677E+02
   8.640  0.5733E+00  0.1678E+02
   8.650  0.5958E+00  0.1678E+02
   8.660  0.5969E+00  0.1679E+02
   8.670  0.6033E+00  0.1679E+02
   8.680  0.6112E+00  0.1680E+02
   8.690  0.6236E+00  0.1681E+02
   8.700  0.6452E+00  0.1681E+02
   8.710  0.6608E+00  0.1682E+02
   8.720  0.6576E+00  0.1683E+02
   8.730  0.6563E+00  0.1683E+02
   8.740  0.6491E+00  0.1684E+02
   8.750  0.6483E+00  0.1685E+02
   8.760  0.6472E+00  0.1685E+02
   8.770  0.6438E+00  0.1686E+02
   8.780  0.6412E+00  0.1687E+02
   8.790  0.6398E+00  0.1687E+02
   8.800  0.6316E+00  0.1688E+02
   8.810  0.6128E+00  0.1688E+02
   8.820  0.6078E+00  0.1689E+02
   8.830  0.6038E+00  0.1690E+02
   8.840  0.6034E+00  0.1690E+02
   8.850  0.6085E+00  0.1691E+02
   8.860  0.6131E+00  0.1691E+02
   8.870  0.6126E+00  0.1692E+02
   8.880  0.6130E+00  0.1693E+02
   8.890  0.6213E+00  0.1693E+02
   8.900  0.6312E+00  0.1694E+02
   8.910  0.6181E+00  0.1695E+02
   8.920  0.6140E+00  0.1695E+02
   8.930  0.6317E+00  0.1696E+02
   8.940  0.6332E+00  0.1696E+02
   8.950  0.6383E+00  0.1697E+02
   8.960  0.6435E+00  0.1698E+02
   8.970  0.6473E+00  0.1698E+02
   8.980  0.6462E+00  0.1699E+02
   8.990  0.6331E+00  0.1700E+02
   9.000  0.6252E+00  0.1700E+02
   9.010  0.6202E+00  0.1701E+02
   9.020  0.6150E+00  0.1702E+02
   9.030  0.6051E+00  0.1702E+02
   9.040  0.5999E+00  0.1703E+02
   9.050  0.5938E+00  0.1703E+02
   9.060  0.5922E+00  0.1704E+02
   9.070  0.5956E+00  0.1705E+02
   9.080  0.5909E+00  0.1705E+02
   9.090  0.5879E+00  0.1706E+02
   9.100  0.6064E+00  0.1706E+02
   9.110  0.6264E+00  0.1707E+02
   9.120  0.6012E+00  0.1708E+02
   9.130  0.5877E+00  0.1708E+02
   9.140  0.5615E+00  0.1709E+02
   9.150  0.5471E+00  0.1709E+02
   9.160  0.5408E+00  0.1710E+02
   9.170  0.5432E+00  0.1710E+02
   9.180  0.5432E+00  0.1711E+02
   9.190  0.5394E+00  0.1711E+02
   9.200  0.5401E+00  0.1712E+02
   9.210  0.5653E+00  0.1712E+02
   9.220  0.5611E+00  0.1713E+02
   9.230  0.5553E+00  0.1714E+02
   9.240  0.5436E+00  0.1714E+02
   9.250  0.5408E+00  0.1715E+02
   9.260  0.5431E+00  0.1715E+02
   9.270  0.5218E+00  0.1716E+02
   9.280  0.5191E+00  0.1716E+02
   9.290  0.5150E+00  0.1717E+02
   9.300  0.5162E+00  0.1717E+02
   9.310  0.5208E+00  0.1718E+02
   9.320  0.5334E+00  0.1718E+02
   9.330  0.5369E+00  0.1719E+02
   9.340  0.5491E+00  0.1719E+02
   9.350  0.5387E+00  0.1720E+02
   9.360  0.5352E+00  0.1721E+02
   9.370  0.5146E+00  0.1721E+02
   9.380  0.5168E+00  0.1722E+02
   9.390  0.5103E+00  0.1722E+02
   9.400  0.5107E+00  0.1723E+02
   9.410  0.5111E+00  0.1723E+02
   9.420  0.5080E+00  0.1724E+02
   9.430  0.5139E+00  0.1724E+02
   9.440  0.5202E+00  0.1725E+02
   9.450  0.5190E+00  0.1725E+02
   9.460  0.5039E+00  0.1726E+02
   9.470  0.4954E+00  0.1726E+02
   9.480  0.4912E+00  0.1727E+02
   9.490  0.4901E+00  0.1727E+02
   9.500  0.4885E+00  0.1728E+02
   9.510  0.4863E+00  0.1728E+02
   9.520  0.4858E+00  0.1729E+02
   9.530  0.4811E+00  0.1729E+02
   9.540  0.4674E+00  0.1730E+02
   9.550  0.4678E+00  0.1730E+02
   9.560  0.4697E+00  0.1731E+02
   9.570  0.4633E+00  0.1731E+02
   9.580  0.4748E+00  0.1731E+02
   9.590  0.4681E+00  0.1732E+02
   9.600  0.4565E+00  0.1732E+02
   9.610  0.4514E+00  0.1733E+02
   9.620  0.4570E+00  0.1733E+02
   9.630  0.4628E+00  0.1734E+02
   9.640  0.4554E+00  0.1734E+02
   9.650  0.4497E+00  0.1735E+02
   9.660  0.4518E+00  0.1735E+02
   9.670  0.4380E+00  0.1736E+02
   9.680  0.4390E+00  0.1736E+02
   9.690  0.4341E+00  0.1736E+02
   9.700  0.4332E+00  0.1737E+02
   9.710  0.4235E+00  0.1737E+02
   9.720  0.4546E+00  0.1738E+02
   9.730  0.4919E+00  0.1738E+02
   9.740  0.5087E+00  0.1739E+02
   9.750  0.5134E+00  0.1739E+02
   9.760  0.5007E+00  0.1740E+02
   9.770  0.5494E+00  0.1740E+02
   9.780  0.5755E+00  0.1741E+02
   9.790  0.5950E+00  0.1741E+02
   9.800  0.5967E+00  0.1742E+02
   9.810  0.5906E+00  0.1743E+02
   9.820  0.5768E+00  0.1743E+02
   9.830  0.5682E+00  0.1744E+02
   9.840  0.6167E+00  0.1744E+02
   9.850  0.5780E+00  0.1745E+02
   9.860  0.5794E+00  0.1746E+02
   9.870  0.5783E+00  0.1746E+02
   9.880  0.5794E+00  0.1747E+02
   9.890  0.6196E+00  0.1747E+02
   9.900  0.5762E+00  0.1748E+02
   9.910  0.5856E+00  0.1748E+02
   9.920  0.5761E+00  0.1749E+02
   9.930  0.5776E+00  0.1750E+02
   9.940  0.5942E+00  0.1750E+02
   9.950  0.6124E+00  0.1751E+02
   9.960  0.6083E+00  0.1751E+02
   9.970  0.6294E+00  0.1752E+02
   9.980  0.6367E+00  0.1753E+02
   9.990  0.6258E+00  0.1753E+02
  10.000  0.6583E+00  0.1754E+02
