#  E (eV)   dos(E)     Int dos(E) EFermi =   -0.551 eV
 -10.000  0.0000E+00  0.1200E+02
  -9.990  0.0000E+00  0.1200E+02
  -9.980  0.0000E+00  0.1200E+02
  -9.970  0.0000E+00  0.1200E+02
  -9.960  0.0000E+00  0.1200E+02
  -9.950  0.0000E+00  0.1200E+02
  -9.940  0.0000E+00  0.1200E+02
  -9.930  0.0000E+00  0.1200E+02
  -9.920  0.0000E+00  0.1200E+02
  -9.910  0.0000E+00  0.1200E+02
  -9.900  0.0000E+00  0.1200E+02
  -9.890  0.0000E+00  0.1200E+02
  -9.880  0.0000E+00  0.1200E+02
  -9.870  0.0000E+00  0.1200E+02
  -9.860  0.0000E+00  0.1200E+02
  -9.850  0.0000E+00  0.1200E+02
  -9.840  0.0000E+00  0.1200E+02
  -9.830  0.0000E+00  0.1200E+02
  -9.820  0.0000E+00  0.1200E+02
  -9.810  0.0000E+00  0.1200E+02
  -9.800  0.0000E+00  0.1200E+02
  -9.790  0.0000E+00  0.1200E+02
  -9.780  0.0000E+00  0.1200E+02
  -9.770  0.0000E+00  0.1200E+02
  -9.760  0.0000E+00  0.1200E+02
  -9.750  0.0000E+00  0.1200E+02
  -9.740  0.0000E+00  0.1200E+02
  -9.730  0.0000E+00  0.1200E+02
  -9.720  0.0000E+00  0.1200E+02
  -9.710  0.0000E+00  0.1200E+02
  -9.700  0.0000E+00  0.1200E+02
  -9.690  0.0000E+00  0.1200E+02
  -9.680  0.0000E+00  0.1200E+02
  -9.670  0.0000E+00  0.1200E+02
  -9.660  0.0000E+00  0.1200E+02
  -9.650  0.0000E+00  0.1200E+02
  -9.640  0.0000E+00  0.1200E+02
  -9.630  0.0000E+00  0.1200E+02
  -9.620  0.0000E+00  0.1200E+02
  -9.610  0.0000E+00  0.1200E+02
  -9.600  0.0000E+00  0.1200E+02
  -9.590  0.0000E+00  0.1200E+02
  -9.580  0.0000E+00  0.1200E+02
  -9.570  0.0000E+00  0.1200E+02
  -9.560  0.0000E+00  0.1200E+02
  -9.550  0.0000E+00  0.1200E+02
  -9.540  0.0000E+00  0.1200E+02
  -9.530  0.0000E+00  0.1200E+02
  -9.520  0.0000E+00  0.1200E+02
  -9.510  0.0000E+00  0.1200E+02
  -9.500  0.0000E+00  0.1200E+02
  -9.490  0.0000E+00  0.1200E+02
  -9.480  0.0000E+00  0.1200E+02
  -9.470  0.0000E+00  0.1200E+02
  -9.460  0.0000E+00  0.1200E+02
  -9.450  0.0000E+00  0.1200E+02
  -9.440  0.0000E+00  0.1200E+02
  -9.430  0.0000E+00  0.1200E+02
  -9.420  0.0000E+00  0.1200E+02
  -9.410  0.0000E+00  0.1200E+02
  -9.400  0.0000E+00  0.1200E+02
  -9.390  0.0000E+00  0.1200E+02
  -9.380  0.0000E+00  0.1200E+02
  -9.370  0.0000E+00  0.1200E+02
  -9.360  0.0000E+00  0.1200E+02
  -9.350  0.0000E+00  0.1200E+02
  -9.340  0.0000E+00  0.1200E+02
  -9.330  0.0000E+00  0.1200E+02
  -9.320  0.0000E+00  0.1200E+02
  -9.310  0.0000E+00  0.1200E+02
  -9.300  0.0000E+00  0.1200E+02
  -9.290  0.0000E+00  0.1200E+02
  -9.280  0.0000E+00  0.1200E+02
  -9.270  0.0000E+00  0.1200E+02
  -9.260  0.0000E+00  0.1200E+02
  -9.250  0.0000E+00  0.1200E+02
  -9.240  0.0000E+00  0.1200E+02
  -9.230  0.0000E+00  0.1200E+02
  -9.220  0.0000E+00  0.1200E+02
  -9.210  0.0000E+00  0.1200E+02
  -9.200  0.0000E+00  0.1200E+02
  -9.190  0.0000E+00  0.1200E+02
  -9.180  0.0000E+00  0.1200E+02
  -9.170  0.0000E+00  0.1200E+02
  -9.160  0.0000E+00  0.1200E+02
  -9.150  0.0000E+00  0.1200E+02
  -9.140  0.0000E+00  0.1200E+02
  -9.130  0.0000E+00  0.1200E+02
  -9.120  0.0000E+00  0.1200E+02
  -9.110  0.0000E+00  0.1200E+02
  -9.100  0.0000E+00  0.1200E+02
  -9.090  0.0000E+00  0.1200E+02
  -9.080  0.0000E+00  0.1200E+02
  -9.070  0.0000E+00  0.1200E+02
  -9.060  0.0000E+00  0.1200E+02
  -9.050  0.0000E+00  0.1200E+02
  -9.040  0.0000E+00  0.1200E+02
  -9.030  0.0000E+00  0.1200E+02
  -9.020  0.0000E+00  0.1200E+02
  -9.010  0.0000E+00  0.1200E+02
  -9.000  0.0000E+00  0.1200E+02
  -8.990  0.0000E+00  0.1200E+02
  -8.980  0.0000E+00  0.1200E+02
  -8.970  0.0000E+00  0.1200E+02
  -8.960  0.0000E+00  0.1200E+02
  -8.950  0.0000E+00  0.1200E+02
  -8.940  0.0000E+00  0.1200E+02
  -8.930  0.0000E+00  0.1200E+02
  -8.920  0.0000E+00  0.1200E+02
  -8.910  0.0000E+00  0.1200E+02
  -8.900  0.0000E+00  0.1200E+02
  -8.890  0.0000E+00  0.1200E+02
  -8.880  0.0000E+00  0.1200E+02
  -8.870  0.0000E+00  0.1200E+02
  -8.860  0.0000E+00  0.1200E+02
  -8.850  0.0000E+00  0.1200E+02
  -8.840  0.0000E+00  0.1200E+02
  -8.830  0.0000E+00  0.1200E+02
  -8.820  0.0000E+00  0.1200E+02
  -8.810  0.0000E+00  0.1200E+02
  -8.800  0.0000E+00  0.1200E+02
  -8.790  0.0000E+00  0.1200E+02
  -8.780  0.0000E+00  0.1200E+02
  -8.770  0.0000E+00  0.1200E+02
  -8.760  0.0000E+00  0.1200E+02
  -8.750  0.0000E+00  0.1200E+02
  -8.740  0.0000E+00  0.1200E+02
  -8.730  0.0000E+00  0.1200E+02
  -8.720  0.0000E+00  0.1200E+02
  -8.710  0.0000E+00  0.1200E+02
  -8.700  0.0000E+00  0.1200E+02
  -8.690  0.0000E+00  0.1200E+02
  -8.680  0.0000E+00  0.1200E+02
  -8.670  0.0000E+00  0.1200E+02
  -8.660  0.0000E+00  0.1200E+02
  -8.650  0.0000E+00  0.1200E+02
  -8.640  0.0000E+00  0.1200E+02
  -8.630  0.0000E+00  0.1200E+02
  -8.620  0.0000E+00  0.1200E+02
  -8.610  0.0000E+00  0.1200E+02
  -8.600  0.0000E+00  0.1200E+02
  -8.590  0.0000E+00  0.1200E+02
  -8.580  0.0000E+00  0.1200E+02
  -8.570  0.0000E+00  0.1200E+02
  -8.560  0.0000E+00  0.1200E+02
  -8.550  0.0000E+00  0.1200E+02
  -8.540  0.0000E+00  0.1200E+02
  -8.530  0.0000E+00  0.1200E+02
  -8.520  0.0000E+00  0.1200E+02
  -8.510  0.0000E+00  0.1200E+02
  -8.500  0.0000E+00  0.1200E+02
  -8.490  0.0000E+00  0.1200E+02
  -8.480  0.0000E+00  0.1200E+02
  -8.470  0.0000E+00  0.1200E+02
  -8.460  0.0000E+00  0.1200E+02
  -8.450  0.0000E+00  0.1200E+02
  -8.440  0.0000E+00  0.1200E+02
  -8.430  0.0000E+00  0.1200E+02
  -8.420  0.0000E+00  0.1200E+02
  -8.410  0.0000E+00  0.1200E+02
  -8.400  0.0000E+00  0.1200E+02
  -8.390  0.0000E+00  0.1200E+02
  -8.380  0.0000E+00  0.1200E+02
  -8.370  0.0000E+00  0.1200E+02
  -8.360  0.0000E+00  0.1200E+02
  -8.350  0.0000E+00  0.1200E+02
  -8.340  0.0000E+00  0.1200E+02
  -8.330  0.0000E+00  0.1200E+02
  -8.320  0.0000E+00  0.1200E+02
  -8.310  0.0000E+00  0.1200E+02
  -8.300  0.0000E+00  0.1200E+02
  -8.290  0.0000E+00  0.1200E+02
  -8.280  0.0000E+00  0.1200E+02
  -8.270  0.0000E+00  0.1200E+02
  -8.260  0.0000E+00  0.1200E+02
  -8.250  0.0000E+00  0.1200E+02
  -8.240  0.0000E+00  0.1200E+02
  -8.230  0.0000E+00  0.1200E+02
  -8.220  0.0000E+00  0.1200E+02
  -8.210  0.0000E+00  0.1200E+02
  -8.200  0.0000E+00  0.1200E+02
  -8.190  0.0000E+00  0.1200E+02
  -8.180  0.0000E+00  0.1200E+02
  -8.170  0.0000E+00  0.1200E+02
  -8.160  0.0000E+00  0.1200E+02
  -8.150  0.0000E+00  0.1200E+02
  -8.140  0.0000E+00  0.1200E+02
  -8.130  0.0000E+00  0.1200E+02
  -8.120  0.0000E+00  0.1200E+02
  -8.110  0.0000E+00  0.1200E+02
  -8.100  0.0000E+00  0.1200E+02
  -8.090  0.0000E+00  0.1200E+02
  -8.080  0.0000E+00  0.1200E+02
  -8.070  0.0000E+00  0.1200E+02
  -8.060  0.0000E+00  0.1200E+02
  -8.050  0.0000E+00  0.1200E+02
  -8.040  0.0000E+00  0.1200E+02
  -8.030  0.0000E+00  0.1200E+02
  -8.020  0.0000E+00  0.1200E+02
  -8.010  0.0000E+00  0.1200E+02
  -8.000  0.0000E+00  0.1200E+02
  -7.990  0.0000E+00  0.1200E+02
  -7.980  0.0000E+00  0.1200E+02
  -7.970  0.0000E+00  0.1200E+02
  -7.960  0.0000E+00  0.1200E+02
  -7.950  0.0000E+00  0.1200E+02
  -7.940  0.0000E+00  0.1200E+02
  -7.930  0.0000E+00  0.1200E+02
  -7.920  0.0000E+00  0.1200E+02
  -7.910  0.0000E+00  0.1200E+02
  -7.900  0.0000E+00  0.1200E+02
  -7.890  0.0000E+00  0.1200E+02
  -7.880  0.0000E+00  0.1200E+02
  -7.870  0.0000E+00  0.1200E+02
  -7.860  0.0000E+00  0.1200E+02
  -7.850  0.0000E+00  0.1200E+02
  -7.840  0.0000E+00  0.1200E+02
  -7.830  0.0000E+00  0.1200E+02
  -7.820  0.0000E+00  0.1200E+02
  -7.810  0.0000E+00  0.1200E+02
  -7.800  0.0000E+00  0.1200E+02
  -7.790  0.0000E+00  0.1200E+02
  -7.780  0.0000E+00  0.1200E+02
  -7.770  0.0000E+00  0.1200E+02
  -7.760  0.0000E+00  0.1200E+02
  -7.750  0.0000E+00  0.1200E+02
  -7.740  0.0000E+00  0.1200E+02
  -7.730  0.0000E+00  0.1200E+02
  -7.720  0.0000E+00  0.1200E+02
  -7.710  0.0000E+00  0.1200E+02
  -7.700  0.0000E+00  0.1200E+02
  -7.690  0.0000E+00  0.1200E+02
  -7.680  0.0000E+00  0.1200E+02
  -7.670  0.0000E+00  0.1200E+02
  -7.660  0.0000E+00  0.1200E+02
  -7.650  0.0000E+00  0.1200E+02
  -7.640  0.0000E+00  0.1200E+02
  -7.630  0.0000E+00  0.1200E+02
  -7.620  0.0000E+00  0.1200E+02
  -7.610  0.0000E+00  0.1200E+02
  -7.600  0.0000E+00  0.1200E+02
  -7.590  0.0000E+00  0.1200E+02
  -7.580  0.0000E+00  0.1200E+02
  -7.570  0.0000E+00  0.1200E+02
  -7.560  0.0000E+00  0.1200E+02
  -7.550  0.0000E+00  0.1200E+02
  -7.540  0.0000E+00  0.1200E+02
  -7.530  0.0000E+00  0.1200E+02
  -7.520  0.0000E+00  0.1200E+02
  -7.510  0.0000E+00  0.1200E+02
  -7.500  0.0000E+00  0.1200E+02
  -7.490  0.0000E+00  0.1200E+02
  -7.480  0.0000E+00  0.1200E+02
  -7.470  0.0000E+00  0.1200E+02
  -7.460  0.0000E+00  0.1200E+02
  -7.450  0.0000E+00  0.1200E+02
  -7.440  0.0000E+00  0.1200E+02
  -7.430  0.0000E+00  0.1200E+02
  -7.420  0.0000E+00  0.1200E+02
  -7.410  0.0000E+00  0.1200E+02
  -7.400  0.0000E+00  0.1200E+02
  -7.390  0.0000E+00  0.1200E+02
  -7.380  0.0000E+00  0.1200E+02
  -7.370  0.0000E+00  0.1200E+02
  -7.360  0.0000E+00  0.1200E+02
  -7.350  0.0000E+00  0.1200E+02
  -7.340  0.0000E+00  0.1200E+02
  -7.330  0.0000E+00  0.1200E+02
  -7.320  0.0000E+00  0.1200E+02
  -7.310  0.0000E+00  0.1200E+02
  -7.300  0.0000E+00  0.1200E+02
  -7.290  0.0000E+00  0.1200E+02
  -7.280  0.0000E+00  0.1200E+02
  -7.270  0.0000E+00  0.1200E+02
  -7.260  0.0000E+00  0.1200E+02
  -7.250  0.0000E+00  0.1200E+02
  -7.240  0.0000E+00  0.1200E+02
  -7.230  0.0000E+00  0.1200E+02
  -7.220  0.0000E+00  0.1200E+02
  -7.210  0.0000E+00  0.1200E+02
  -7.200  0.0000E+00  0.1200E+02
  -7.190  0.0000E+00  0.1200E+02
  -7.180  0.0000E+00  0.1200E+02
  -7.170  0.0000E+00  0.1200E+02
  -7.160  0.0000E+00  0.1200E+02
  -7.150  0.0000E+00  0.1200E+02
  -7.140  0.0000E+00  0.1200E+02
  -7.130  0.0000E+00  0.1200E+02
  -7.120  0.0000E+00  0.1200E+02
  -7.110  0.0000E+00  0.1200E+02
  -7.100  0.0000E+00  0.1200E+02
  -7.090  0.0000E+00  0.1200E+02
  -7.080  0.0000E+00  0.1200E+02
  -7.070  0.0000E+00  0.1200E+02
  -7.060  0.0000E+00  0.1200E+02
  -7.050  0.0000E+00  0.1200E+02
  -7.040  0.0000E+00  0.1200E+02
  -7.030  0.0000E+00  0.1200E+02
  -7.020  0.0000E+00  0.1200E+02
  -7.010  0.0000E+00  0.1200E+02
  -7.000  0.0000E+00  0.1200E+02
  -6.990  0.0000E+00  0.1200E+02
  -6.980  0.0000E+00  0.1200E+02
  -6.970  0.0000E+00  0.1200E+02
  -6.960  0.0000E+00  0.1200E+02
  -6.950  0.0000E+00  0.1200E+02
  -6.940  0.0000E+00  0.1200E+02
  -6.930  0.0000E+00  0.1200E+02
  -6.920  0.0000E+00  0.1200E+02
  -6.910  0.0000E+00  0.1200E+02
  -6.900  0.0000E+00  0.1200E+02
  -6.890  0.0000E+00  0.1200E+02
  -6.880  0.0000E+00  0.1200E+02
  -6.870  0.0000E+00  0.1200E+02
  -6.860  0.0000E+00  0.1200E+02
  -6.850  0.0000E+00  0.1200E+02
  -6.840  0.0000E+00  0.1200E+02
  -6.830  0.0000E+00  0.1200E+02
  -6.820  0.0000E+00  0.1200E+02
  -6.810  0.0000E+00  0.1200E+02
  -6.800  0.0000E+00  0.1200E+02
  -6.790  0.0000E+00  0.1200E+02
  -6.780  0.0000E+00  0.1200E+02
  -6.770  0.0000E+00  0.1200E+02
  -6.760  0.0000E+00  0.1200E+02
  -6.750  0.0000E+00  0.1200E+02
  -6.740  0.0000E+00  0.1200E+02
  -6.730  0.0000E+00  0.1200E+02
  -6.720  0.0000E+00  0.1200E+02
  -6.710  0.0000E+00  0.1200E+02
  -6.700  0.0000E+00  0.1200E+02
  -6.690  0.0000E+00  0.1200E+02
  -6.680  0.0000E+00  0.1200E+02
  -6.670  0.0000E+00  0.1200E+02
  -6.660  0.0000E+00  0.1200E+02
  -6.650  0.0000E+00  0.1200E+02
  -6.640  0.0000E+00  0.1200E+02
  -6.630  0.0000E+00  0.1200E+02
  -6.620  0.0000E+00  0.1200E+02
  -6.610  0.0000E+00  0.1200E+02
  -6.600  0.0000E+00  0.1200E+02
  -6.590  0.0000E+00  0.1200E+02
  -6.580  0.0000E+00  0.1200E+02
  -6.570  0.0000E+00  0.1200E+02
  -6.560  0.0000E+00  0.1200E+02
  -6.550  0.0000E+00  0.1200E+02
  -6.540  0.0000E+00  0.1200E+02
  -6.530  0.0000E+00  0.1200E+02
  -6.520  0.0000E+00  0.1200E+02
  -6.510  0.0000E+00  0.1200E+02
  -6.500  0.0000E+00  0.1200E+02
  -6.490  0.0000E+00  0.1200E+02
  -6.480  0.0000E+00  0.1200E+02
  -6.470  0.0000E+00  0.1200E+02
  -6.460  0.4731E+00  0.1200E+02
  -6.450  0.8635E+00  0.1201E+02
  -6.440  0.9999E+00  0.1202E+02
  -6.430  0.1016E+01  0.1203E+02
  -6.420  0.9598E+00  0.1204E+02
  -6.410  0.1010E+01  0.1205E+02
  -6.400  0.1043E+01  0.1206E+02
  -6.390  0.1014E+01  0.1207E+02
  -6.380  0.1009E+01  0.1208E+02
  -6.370  0.1028E+01  0.1209E+02
  -6.360  0.1046E+01  0.1210E+02
  -6.350  0.1064E+01  0.1211E+02
  -6.340  0.1055E+01  0.1212E+02
  -6.330  0.1051E+01  0.1213E+02
  -6.320  0.1064E+01  0.1214E+02
  -6.310  0.1082E+01  0.1215E+02
  -6.300  0.1091E+01  0.1216E+02
  -6.290  0.1451E+01  0.1218E+02
  -6.280  0.1527E+01  0.1219E+02
  -6.270  0.1508E+01  0.1221E+02
  -6.260  0.1527E+01  0.1222E+02
  -6.250  0.1567E+01  0.1224E+02
  -6.240  0.1557E+01  0.1226E+02
  -6.230  0.1567E+01  0.1227E+02
  -6.220  0.1592E+01  0.1229E+02
  -6.210  0.1611E+01  0.1230E+02
  -6.200  0.1602E+01  0.1232E+02
  -6.190  0.1619E+01  0.1233E+02
  -6.180  0.1638E+01  0.1235E+02
  -6.170  0.1662E+01  0.1237E+02
  -6.160  0.1682E+01  0.1238E+02
  -6.150  0.1686E+01  0.1240E+02
  -6.140  0.1697E+01  0.1242E+02
  -6.130  0.1715E+01  0.1244E+02
  -6.120  0.1736E+01  0.1245E+02
  -6.110  0.1758E+01  0.1247E+02
  -6.100  0.1828E+01  0.1249E+02
  -6.090  0.2299E+01  0.1251E+02
  -6.080  0.2436E+01  0.1253E+02
  -6.070  0.2529E+01  0.1256E+02
  -6.060  0.2512E+01  0.1258E+02
  -6.050  0.2542E+01  0.1261E+02
  -6.040  0.2601E+01  0.1263E+02
  -6.030  0.2622E+01  0.1266E+02
  -6.020  0.2636E+01  0.1269E+02
  -6.010  0.2663E+01  0.1271E+02
  -6.000  0.2705E+01  0.1274E+02
  -5.990  0.2746E+01  0.1277E+02
  -5.980  0.2807E+01  0.1280E+02
  -5.970  0.2857E+01  0.1282E+02
  -5.960  0.2889E+01  0.1285E+02
  -5.950  0.2957E+01  0.1288E+02
  -5.940  0.3017E+01  0.1291E+02
  -5.930  0.3079E+01  0.1294E+02
  -5.920  0.3146E+01  0.1297E+02
  -5.910  0.3240E+01  0.1300E+02
  -5.900  0.3365E+01  0.1304E+02
  -5.890  0.3278E+01  0.1307E+02
  -5.880  0.3199E+01  0.1310E+02
  -5.870  0.3015E+01  0.1314E+02
  -5.860  0.3415E+01  0.1317E+02
  -5.850  0.3255E+01  0.1320E+02
  -5.840  0.3815E+01  0.1324E+02
  -5.830  0.4075E+01  0.1328E+02
  -5.820  0.4225E+01  0.1332E+02
  -5.810  0.5206E+01  0.1337E+02
  -5.800  0.5424E+01  0.1342E+02
  -5.790  0.4500E+01  0.1347E+02
  -5.780  0.4046E+01  0.1351E+02
  -5.770  0.3959E+01  0.1355E+02
  -5.760  0.3625E+01  0.1359E+02
  -5.750  0.3689E+01  0.1363E+02
  -5.740  0.3896E+01  0.1367E+02
  -5.730  0.4211E+01  0.1371E+02
  -5.720  0.4669E+01  0.1375E+02
  -5.710  0.4927E+01  0.1380E+02
  -5.700  0.4334E+01  0.1384E+02
  -5.690  0.4520E+01  0.1388E+02
  -5.680  0.4878E+01  0.1393E+02
  -5.670  0.5708E+01  0.1398E+02
  -5.660  0.5343E+01  0.1405E+02
  -5.650  0.4713E+01  0.1410E+02
  -5.640  0.4557E+01  0.1414E+02
  -5.630  0.4245E+01  0.1419E+02
  -5.620  0.3984E+01  0.1423E+02
  -5.610  0.4052E+01  0.1427E+02
  -5.600  0.3413E+01  0.1431E+02
  -5.590  0.2652E+01  0.1433E+02
  -5.580  0.2378E+01  0.1436E+02
  -5.570  0.1560E+01  0.1438E+02
  -5.560  0.1578E+01  0.1439E+02
  -5.550  0.1660E+01  0.1441E+02
  -5.540  0.1697E+01  0.1443E+02
  -5.530  0.1717E+01  0.1444E+02
  -5.520  0.1859E+01  0.1446E+02
  -5.510  0.1925E+01  0.1448E+02
  -5.500  0.2071E+01  0.1450E+02
  -5.490  0.2372E+01  0.1452E+02
  -5.480  0.2725E+01  0.1455E+02
  -5.470  0.2267E+01  0.1457E+02
  -5.460  0.1946E+01  0.1460E+02
  -5.450  0.1782E+01  0.1461E+02
  -5.440  0.1708E+01  0.1463E+02
  -5.430  0.1645E+01  0.1465E+02
  -5.420  0.1582E+01  0.1466E+02
  -5.410  0.1528E+01  0.1468E+02
  -5.400  0.1477E+01  0.1470E+02
  -5.390  0.1430E+01  0.1471E+02
  -5.380  0.1388E+01  0.1472E+02
  -5.370  0.1349E+01  0.1474E+02
  -5.360  0.1311E+01  0.1475E+02
  -5.350  0.1276E+01  0.1476E+02
  -5.340  0.1242E+01  0.1478E+02
  -5.330  0.1229E+01  0.1479E+02
  -5.320  0.1179E+01  0.1480E+02
  -5.310  0.1136E+01  0.1481E+02
  -5.300  0.1130E+01  0.1482E+02
  -5.290  0.1071E+01  0.1483E+02
  -5.280  0.1030E+01  0.1485E+02
  -5.270  0.9940E+00  0.1486E+02
  -5.260  0.9587E+00  0.1486E+02
  -5.250  0.9296E+00  0.1487E+02
  -5.240  0.9162E+00  0.1488E+02
  -5.230  0.9037E+00  0.1489E+02
  -5.220  0.8917E+00  0.1490E+02
  -5.210  0.8796E+00  0.1491E+02
  -5.200  0.8675E+00  0.1492E+02
  -5.190  0.8554E+00  0.1493E+02
  -5.180  0.8411E+00  0.1494E+02
  -5.170  0.8300E+00  0.1494E+02
  -5.160  0.8197E+00  0.1495E+02
  -5.150  0.8114E+00  0.1496E+02
  -5.140  0.8031E+00  0.1497E+02
  -5.130  0.7948E+00  0.1498E+02
  -5.120  0.7871E+00  0.1499E+02
  -5.110  0.7798E+00  0.1499E+02
  -5.100  0.7726E+00  0.1500E+02
  -5.090  0.7652E+00  0.1501E+02
  -5.080  0.7579E+00  0.1502E+02
  -5.070  0.7509E+00  0.1502E+02
  -5.060  0.7438E+00  0.1503E+02
  -5.050  0.7371E+00  0.1504E+02
  -5.040  0.7301E+00  0.1505E+02
  -5.030  0.7230E+00  0.1505E+02
  -5.020  0.7144E+00  0.1506E+02
  -5.010  0.7078E+00  0.1507E+02
  -5.000  0.7006E+00  0.1507E+02
  -4.990  0.6955E+00  0.1508E+02
  -4.980  0.6906E+00  0.1509E+02
  -4.970  0.6856E+00  0.1510E+02
  -4.960  0.6807E+00  0.1510E+02
  -4.950  0.6757E+00  0.1511E+02
  -4.940  0.6709E+00  0.1512E+02
  -4.930  0.6663E+00  0.1512E+02
  -4.920  0.6619E+00  0.1513E+02
  -4.910  0.6575E+00  0.1514E+02
  -4.900  0.6530E+00  0.1514E+02
  -4.890  0.6484E+00  0.1515E+02
  -4.880  0.6438E+00  0.1515E+02
  -4.870  0.6391E+00  0.1516E+02
  -4.860  0.6344E+00  0.1517E+02
  -4.850  0.6293E+00  0.1517E+02
  -4.840  0.6251E+00  0.1518E+02
  -4.830  0.6205E+00  0.1519E+02
  -4.820  0.6169E+00  0.1519E+02
  -4.810  0.6134E+00  0.1520E+02
  -4.800  0.6099E+00  0.1520E+02
  -4.790  0.6068E+00  0.1521E+02
  -4.780  0.6039E+00  0.1522E+02
  -4.770  0.6142E+00  0.1522E+02
  -4.760  0.6322E+00  0.1523E+02
  -4.750  0.6501E+00  0.1524E+02
  -4.740  0.6681E+00  0.1524E+02
  -4.730  0.2707E+01  0.1526E+02
  -4.720  0.2972E+01  0.1529E+02
  -4.710  0.2988E+01  0.1532E+02
  -4.700  0.3021E+01  0.1535E+02
  -4.690  0.3097E+01  0.1538E+02
  -4.680  0.3212E+01  0.1541E+02
  -4.670  0.3192E+01  0.1544E+02
  -4.660  0.3288E+01  0.1548E+02
  -4.650  0.3391E+01  0.1551E+02
  -4.640  0.3447E+01  0.1554E+02
  -4.630  0.3538E+01  0.1558E+02
  -4.620  0.3665E+01  0.1562E+02
  -4.610  0.3813E+01  0.1565E+02
  -4.600  0.3972E+01  0.1569E+02
  -4.590  0.4236E+01  0.1573E+02
  -4.580  0.4504E+01  0.1578E+02
  -4.570  0.4908E+01  0.1582E+02
  -4.560  0.5975E+01  0.1588E+02
  -4.550  0.6124E+01  0.1594E+02
  -4.540  0.6582E+01  0.1600E+02
  -4.530  0.6231E+01  0.1607E+02
  -4.520  0.5914E+01  0.1613E+02
  -4.510  0.5756E+01  0.1618E+02
  -4.500  0.5916E+01  0.1624E+02
  -4.490  0.6037E+01  0.1630E+02
  -4.480  0.6132E+01  0.1636E+02
  -4.470  0.6904E+01  0.1643E+02
  -4.460  0.5224E+01  0.1649E+02
  -4.450  0.5286E+01  0.1654E+02
  -4.440  0.5014E+01  0.1660E+02
  -4.430  0.4713E+01  0.1664E+02
  -4.420  0.4398E+01  0.1669E+02
  -4.410  0.4099E+01  0.1673E+02
  -4.400  0.3825E+01  0.1677E+02
  -4.390  0.3634E+01  0.1681E+02
  -4.380  0.3431E+01  0.1684E+02
  -4.370  0.3237E+01  0.1688E+02
  -4.360  0.3099E+01  0.1691E+02
  -4.350  0.2994E+01  0.1694E+02
  -4.340  0.2891E+01  0.1697E+02
  -4.330  0.2799E+01  0.1700E+02
  -4.320  0.2731E+01  0.1703E+02
  -4.310  0.2617E+01  0.1705E+02
  -4.300  0.2502E+01  0.1708E+02
  -4.290  0.2413E+01  0.1710E+02
  -4.280  0.2347E+01  0.1713E+02
  -4.270  0.2447E+01  0.1715E+02
  -4.260  0.2036E+01  0.1717E+02
  -4.250  0.1196E+01  0.1719E+02
  -4.240  0.1013E+01  0.1720E+02
  -4.230  0.1001E+01  0.1721E+02
  -4.220  0.9893E+00  0.1722E+02
  -4.210  0.9755E+00  0.1723E+02
  -4.200  0.1137E+01  0.1724E+02
  -4.190  0.1155E+01  0.1725E+02
  -4.180  0.1471E+01  0.1726E+02
  -4.170  0.1306E+01  0.1728E+02
  -4.160  0.1310E+01  0.1729E+02
  -4.150  0.1345E+01  0.1730E+02
  -4.140  0.1379E+01  0.1732E+02
  -4.130  0.1268E+01  0.1733E+02
  -4.120  0.1221E+01  0.1734E+02
  -4.110  0.1212E+01  0.1736E+02
  -4.100  0.1206E+01  0.1737E+02
  -4.090  0.1196E+01  0.1738E+02
  -4.080  0.1189E+01  0.1739E+02
  -4.070  0.1190E+01  0.1740E+02
  -4.060  0.1192E+01  0.1742E+02
  -4.050  0.1197E+01  0.1743E+02
  -4.040  0.1178E+01  0.1744E+02
  -4.030  0.1165E+01  0.1745E+02
  -4.020  0.1139E+01  0.1746E+02
  -4.010  0.1348E+01  0.1747E+02
  -4.000  0.2217E+01  0.1749E+02
  -3.990  0.2130E+01  0.1752E+02
  -3.980  0.3282E+01  0.1754E+02
  -3.970  0.3227E+01  0.1758E+02
  -3.960  0.3306E+01  0.1761E+02
  -3.950  0.3369E+01  0.1764E+02
  -3.940  0.3451E+01  0.1768E+02
  -3.930  0.3582E+01  0.1771E+02
  -3.920  0.3627E+01  0.1775E+02
  -3.910  0.3795E+01  0.1778E+02
  -3.900  0.3884E+01  0.1782E+02
  -3.890  0.4113E+01  0.1786E+02
  -3.880  0.4499E+01  0.1791E+02
  -3.870  0.4579E+01  0.1795E+02
  -3.860  0.5062E+01  0.1800E+02
  -3.850  0.5449E+01  0.1805E+02
  -3.840  0.6500E+01  0.1811E+02
  -3.830  0.8378E+01  0.1819E+02
  -3.820  0.1058E+02  0.1829E+02
  -3.810  0.7960E+01  0.1838E+02
  -3.800  0.7814E+01  0.1846E+02
  -3.790  0.5785E+01  0.1853E+02
  -3.780  0.5191E+01  0.1858E+02
  -3.770  0.4654E+01  0.1863E+02
  -3.760  0.4526E+01  0.1868E+02
  -3.750  0.4276E+01  0.1872E+02
  -3.740  0.3634E+01  0.1876E+02
  -3.730  0.3471E+01  0.1880E+02
  -3.720  0.3054E+01  0.1883E+02
  -3.710  0.3005E+01  0.1886E+02
  -3.700  0.2986E+01  0.1889E+02
  -3.690  0.3098E+01  0.1892E+02
  -3.680  0.3299E+01  0.1895E+02
  -3.670  0.3326E+01  0.1899E+02
  -3.660  0.3175E+01  0.1902E+02
  -3.650  0.3305E+01  0.1905E+02
  -3.640  0.2858E+01  0.1908E+02
  -3.630  0.2783E+01  0.1911E+02
  -3.620  0.2712E+01  0.1914E+02
  -3.610  0.2643E+01  0.1917E+02
  -3.600  0.2523E+01  0.1919E+02
  -3.590  0.2457E+01  0.1922E+02
  -3.580  0.2377E+01  0.1924E+02
  -3.570  0.2174E+01  0.1926E+02
  -3.560  0.2134E+01  0.1929E+02
  -3.550  0.2082E+01  0.1931E+02
  -3.540  0.2017E+01  0.1933E+02
  -3.530  0.1940E+01  0.1935E+02
  -3.520  0.1779E+01  0.1937E+02
  -3.510  0.1767E+01  0.1938E+02
  -3.500  0.1752E+01  0.1940E+02
  -3.490  0.1731E+01  0.1942E+02
  -3.480  0.1703E+01  0.1944E+02
  -3.470  0.1673E+01  0.1945E+02
  -3.460  0.1648E+01  0.1947E+02
  -3.450  0.1637E+01  0.1949E+02
  -3.440  0.1629E+01  0.1950E+02
  -3.430  0.1617E+01  0.1952E+02
  -3.420  0.1613E+01  0.1954E+02
  -3.410  0.1604E+01  0.1955E+02
  -3.400  0.1589E+01  0.1957E+02
  -3.390  0.1567E+01  0.1958E+02
  -3.380  0.1546E+01  0.1960E+02
  -3.370  0.1533E+01  0.1961E+02
  -3.360  0.1529E+01  0.1963E+02
  -3.350  0.1526E+01  0.1964E+02
  -3.340  0.1538E+01  0.1966E+02
  -3.330  0.1524E+01  0.1968E+02
  -3.320  0.1509E+01  0.1969E+02
  -3.310  0.1495E+01  0.1971E+02
  -3.300  0.1533E+01  0.1972E+02
  -3.290  0.1556E+01  0.1974E+02
  -3.280  0.1523E+01  0.1975E+02
  -3.270  0.1587E+01  0.1977E+02
  -3.260  0.1236E+01  0.1978E+02
  -3.250  0.1230E+01  0.1979E+02
  -3.240  0.1223E+01  0.1981E+02
  -3.230  0.1220E+01  0.1982E+02
  -3.220  0.1217E+01  0.1983E+02
  -3.210  0.1213E+01  0.1984E+02
  -3.200  0.2404E+01  0.1986E+02
  -3.190  0.1788E+01  0.1988E+02
  -3.180  0.1774E+01  0.1990E+02
  -3.170  0.1719E+01  0.1992E+02
  -3.160  0.1738E+01  0.1993E+02
  -3.150  0.1761E+01  0.1995E+02
  -3.140  0.1759E+01  0.1997E+02
  -3.130  0.1920E+01  0.1999E+02
  -3.120  0.2184E+01  0.2001E+02
  -3.110  0.2503E+01  0.2003E+02
  -3.100  0.1346E+01  0.2005E+02
  -3.090  0.9522E+00  0.2006E+02
  -3.080  0.9545E+00  0.2007E+02
  -3.070  0.9547E+00  0.2008E+02
  -3.060  0.9549E+00  0.2009E+02
  -3.050  0.1158E+01  0.2010E+02
  -3.040  0.1493E+01  0.2011E+02
  -3.030  0.1950E+01  0.2013E+02
  -3.020  0.2236E+01  0.2015E+02
  -3.010  0.1878E+01  0.2017E+02
  -3.000  0.1828E+01  0.2019E+02
  -2.990  0.1774E+01  0.2021E+02
  -2.980  0.1721E+01  0.2023E+02
  -2.970  0.1681E+01  0.2024E+02
  -2.960  0.1698E+01  0.2026E+02
  -2.950  0.1711E+01  0.2028E+02
  -2.940  0.1723E+01  0.2029E+02
  -2.930  0.1740E+01  0.2031E+02
  -2.920  0.1755E+01  0.2033E+02
  -2.910  0.1770E+01  0.2035E+02
  -2.900  0.1785E+01  0.2036E+02
  -2.890  0.1808E+01  0.2038E+02
  -2.880  0.1829E+01  0.2040E+02
  -2.870  0.1786E+01  0.2042E+02
  -2.860  0.1717E+01  0.2044E+02
  -2.850  0.1659E+01  0.2045E+02
  -2.840  0.1619E+01  0.2047E+02
  -2.830  0.1664E+01  0.2049E+02
  -2.820  0.1526E+01  0.2050E+02
  -2.810  0.1744E+01  0.2052E+02
  -2.800  0.2219E+01  0.2054E+02
  -2.790  0.2290E+01  0.2056E+02
  -2.780  0.1914E+01  0.2058E+02
  -2.770  0.2039E+01  0.2060E+02
  -2.760  0.2066E+01  0.2062E+02
  -2.750  0.2224E+01  0.2064E+02
  -2.740  0.2385E+01  0.2067E+02
  -2.730  0.2493E+01  0.2069E+02
  -2.720  0.2590E+01  0.2072E+02
  -2.710  0.2650E+01  0.2074E+02
  -2.700  0.2633E+01  0.2077E+02
  -2.690  0.2668E+01  0.2080E+02
  -2.680  0.2689E+01  0.2082E+02
  -2.670  0.2699E+01  0.2085E+02
  -2.660  0.2767E+01  0.2088E+02
  -2.650  0.2849E+01  0.2091E+02
  -2.640  0.2894E+01  0.2093E+02
  -2.630  0.2960E+01  0.2096E+02
  -2.620  0.3131E+01  0.2099E+02
  -2.610  0.3322E+01  0.2103E+02
  -2.600  0.3475E+01  0.2106E+02
  -2.590  0.3722E+01  0.2110E+02
  -2.580  0.3671E+01  0.2114E+02
  -2.570  0.3665E+01  0.2117E+02
  -2.560  0.3749E+01  0.2121E+02
  -2.550  0.7773E+01  0.2127E+02
  -2.540  0.8431E+01  0.2136E+02
  -2.530  0.7134E+01  0.2144E+02
  -2.520  0.6199E+01  0.2150E+02
  -2.510  0.5657E+01  0.2156E+02
  -2.500  0.5114E+01  0.2162E+02
  -2.490  0.4856E+01  0.2166E+02
  -2.480  0.4520E+01  0.2171E+02
  -2.470  0.4176E+01  0.2175E+02
  -2.460  0.4039E+01  0.2180E+02
  -2.450  0.4069E+01  0.2184E+02
  -2.440  0.3881E+01  0.2188E+02
  -2.430  0.3608E+01  0.2191E+02
  -2.420  0.3553E+01  0.2195E+02
  -2.410  0.3499E+01  0.2199E+02
  -2.400  0.3451E+01  0.2202E+02
  -2.390  0.3538E+01  0.2205E+02
  -2.380  0.3367E+01  0.2209E+02
  -2.370  0.3264E+01  0.2212E+02
  -2.360  0.3184E+01  0.2215E+02
  -2.350  0.3133E+01  0.2219E+02
  -2.340  0.3179E+01  0.2222E+02
  -2.330  0.3168E+01  0.2225E+02
  -2.320  0.2997E+01  0.2228E+02
  -2.310  0.2902E+01  0.2231E+02
  -2.300  0.2809E+01  0.2234E+02
  -2.290  0.2767E+01  0.2237E+02
  -2.280  0.2778E+01  0.2239E+02
  -2.270  0.2835E+01  0.2242E+02
  -2.260  0.3120E+01  0.2245E+02
  -2.250  0.2780E+01  0.2248E+02
  -2.240  0.2710E+01  0.2251E+02
  -2.230  0.2761E+01  0.2254E+02
  -2.220  0.2732E+01  0.2256E+02
  -2.210  0.2848E+01  0.2259E+02
  -2.200  0.2319E+01  0.2262E+02
  -2.190  0.1713E+01  0.2264E+02
  -2.180  0.1726E+01  0.2266E+02
  -2.170  0.1756E+01  0.2267E+02
  -2.160  0.2016E+01  0.2269E+02
  -2.150  0.2502E+01  0.2271E+02
  -2.140  0.1558E+01  0.2273E+02
  -2.130  0.2159E+01  0.2275E+02
  -2.120  0.2355E+01  0.2277E+02
  -2.110  0.2667E+01  0.2280E+02
  -2.100  0.2618E+01  0.2282E+02
  -2.090  0.2442E+01  0.2285E+02
  -2.080  0.2291E+01  0.2287E+02
  -2.070  0.2178E+01  0.2289E+02
  -2.060  0.2218E+01  0.2292E+02
  -2.050  0.2124E+01  0.2294E+02
  -2.040  0.2108E+01  0.2296E+02
  -2.030  0.2091E+01  0.2298E+02
  -2.020  0.2083E+01  0.2300E+02
  -2.010  0.2076E+01  0.2302E+02
  -2.000  0.2069E+01  0.2304E+02
  -1.990  0.2058E+01  0.2306E+02
  -1.980  0.2048E+01  0.2308E+02
  -1.970  0.2035E+01  0.2310E+02
  -1.960  0.2031E+01  0.2313E+02
  -1.950  0.2027E+01  0.2315E+02
  -1.940  0.2020E+01  0.2317E+02
  -1.930  0.2020E+01  0.2319E+02
  -1.920  0.2025E+01  0.2321E+02
  -1.910  0.2032E+01  0.2323E+02
  -1.900  0.2035E+01  0.2325E+02
  -1.890  0.2039E+01  0.2327E+02
  -1.880  0.2047E+01  0.2329E+02
  -1.870  0.2053E+01  0.2331E+02
  -1.860  0.2054E+01  0.2333E+02
  -1.850  0.2068E+01  0.2335E+02
  -1.840  0.2100E+01  0.2337E+02
  -1.830  0.2124E+01  0.2339E+02
  -1.820  0.2143E+01  0.2341E+02
  -1.810  0.2163E+01  0.2343E+02
  -1.800  0.2185E+01  0.2346E+02
  -1.790  0.2227E+01  0.2348E+02
  -1.780  0.2299E+01  0.2350E+02
  -1.770  0.2359E+01  0.2352E+02
  -1.760  0.2449E+01  0.2355E+02
  -1.750  0.2525E+01  0.2357E+02
  -1.740  0.2638E+01  0.2360E+02
  -1.730  0.2880E+01  0.2363E+02
  -1.720  0.3554E+01  0.2366E+02
  -1.710  0.3193E+01  0.2369E+02
  -1.700  0.2812E+01  0.2372E+02
  -1.690  0.2696E+01  0.2375E+02
  -1.680  0.2565E+01  0.2378E+02
  -1.670  0.2485E+01  0.2380E+02
  -1.660  0.2403E+01  0.2383E+02
  -1.650  0.2339E+01  0.2385E+02
  -1.640  0.2269E+01  0.2388E+02
  -1.630  0.2192E+01  0.2390E+02
  -1.620  0.3124E+01  0.2393E+02
  -1.610  0.3236E+01  0.2396E+02
  -1.600  0.2992E+01  0.2399E+02
  -1.590  0.2276E+01  0.2402E+02
  -1.580  0.2136E+01  0.2404E+02
  -1.570  0.1975E+01  0.2406E+02
  -1.560  0.1465E+01  0.2408E+02
  -1.550  0.1552E+01  0.2410E+02
  -1.540  0.1699E+01  0.2411E+02
  -1.530  0.1887E+01  0.2413E+02
  -1.520  0.2039E+01  0.2415E+02
  -1.510  0.2362E+01  0.2417E+02
  -1.500  0.2849E+01  0.2420E+02
  -1.490  0.4648E+01  0.2423E+02
  -1.480  0.3222E+01  0.2427E+02
  -1.470  0.2959E+01  0.2430E+02
  -1.460  0.2805E+01  0.2433E+02
  -1.450  0.2847E+01  0.2436E+02
  -1.440  0.2988E+01  0.2439E+02
  -1.430  0.2995E+01  0.2442E+02
  -1.420  0.3324E+01  0.2445E+02
  -1.410  0.4177E+01  0.2448E+02
  -1.400  0.3683E+01  0.2453E+02
  -1.390  0.3298E+01  0.2456E+02
  -1.380  0.3185E+01  0.2459E+02
  -1.370  0.2866E+01  0.2462E+02
  -1.360  0.2851E+01  0.2465E+02
  -1.350  0.2856E+01  0.2468E+02
  -1.340  0.2847E+01  0.2471E+02
  -1.330  0.2735E+01  0.2474E+02
  -1.320  0.2716E+01  0.2476E+02
  -1.310  0.2754E+01  0.2479E+02
  -1.300  0.2830E+01  0.2482E+02
  -1.290  0.3013E+01  0.2485E+02
  -1.280  0.2731E+01  0.2488E+02
  -1.270  0.2676E+01  0.2490E+02
  -1.260  0.2632E+01  0.2493E+02
  -1.250  0.2588E+01  0.2496E+02
  -1.240  0.2544E+01  0.2498E+02
  -1.230  0.2499E+01  0.2501E+02
  -1.220  0.2458E+01  0.2503E+02
  -1.210  0.2431E+01  0.2506E+02
  -1.200  0.2399E+01  0.2508E+02
  -1.190  0.2379E+01  0.2511E+02
  -1.180  0.2364E+01  0.2513E+02
  -1.170  0.2339E+01  0.2515E+02
  -1.160  0.2312E+01  0.2518E+02
  -1.150  0.2292E+01  0.2520E+02
  -1.140  0.2273E+01  0.2522E+02
  -1.130  0.2255E+01  0.2524E+02
  -1.120  0.2242E+01  0.2527E+02
  -1.110  0.2221E+01  0.2529E+02
  -1.100  0.2191E+01  0.2531E+02
  -1.090  0.2159E+01  0.2533E+02
  -1.080  0.2123E+01  0.2535E+02
  -1.070  0.2105E+01  0.2538E+02
  -1.060  0.2084E+01  0.2540E+02
  -1.050  0.2053E+01  0.2542E+02
  -1.040  0.2006E+01  0.2544E+02
  -1.030  0.1980E+01  0.2546E+02
  -1.020  0.1946E+01  0.2548E+02
  -1.010  0.1901E+01  0.2550E+02
  -1.000  0.1876E+01  0.2552E+02
  -0.990  0.1842E+01  0.2553E+02
  -0.980  0.1805E+01  0.2555E+02
  -0.970  0.1756E+01  0.2557E+02
  -0.960  0.1731E+01  0.2559E+02
  -0.950  0.1710E+01  0.2560E+02
  -0.940  0.1676E+01  0.2562E+02
  -0.930  0.1621E+01  0.2564E+02
  -0.920  0.1596E+01  0.2565E+02
  -0.910  0.1571E+01  0.2567E+02
  -0.900  0.1528E+01  0.2569E+02
  -0.890  0.1503E+01  0.2570E+02
  -0.880  0.1502E+01  0.2572E+02
  -0.870  0.1481E+01  0.2573E+02
  -0.860  0.1432E+01  0.2574E+02
  -0.850  0.1413E+01  0.2576E+02
  -0.840  0.1403E+01  0.2577E+02
  -0.830  0.1417E+01  0.2579E+02
  -0.820  0.1417E+01  0.2580E+02
  -0.810  0.1382E+01  0.2582E+02
  -0.800  0.1368E+01  0.2583E+02
  -0.790  0.1380E+01  0.2584E+02
  -0.780  0.1405E+01  0.2586E+02
  -0.770  0.1418E+01  0.2587E+02
  -0.760  0.1412E+01  0.2589E+02
  -0.750  0.1454E+01  0.2590E+02
  -0.740  0.1423E+01  0.2591E+02
  -0.730  0.1460E+01  0.2593E+02
  -0.720  0.1317E+01  0.2594E+02
  -0.710  0.1370E+01  0.2596E+02
  -0.700  0.1857E+01  0.2597E+02
  -0.690  0.2664E+00  0.2598E+02
  -0.680  0.2621E+00  0.2598E+02
  -0.670  0.2496E+00  0.2598E+02
  -0.660  0.2377E+00  0.2598E+02
  -0.650  0.2298E+00  0.2599E+02
  -0.640  0.2219E+00  0.2599E+02
  -0.630  0.2346E+00  0.2599E+02
  -0.620  0.2234E+00  0.2599E+02
  -0.610  0.2046E+00  0.2599E+02
  -0.600  0.1858E+00  0.2600E+02
  -0.590  0.2437E+00  0.2600E+02
  -0.580  0.4040E-01  0.2600E+02
  -0.570  0.0000E+00  0.2600E+02
  -0.560  0.0000E+00  0.2600E+02
  -0.550  0.0000E+00  0.2600E+02
  -0.540  0.0000E+00  0.2600E+02
  -0.530  0.0000E+00  0.2600E+02
  -0.520  0.0000E+00  0.2600E+02
  -0.510  0.0000E+00  0.2600E+02
  -0.500  0.0000E+00  0.2600E+02
  -0.490  0.0000E+00  0.2600E+02
  -0.480  0.0000E+00  0.2600E+02
  -0.470  0.0000E+00  0.2600E+02
  -0.460  0.0000E+00  0.2600E+02
  -0.450  0.0000E+00  0.2600E+02
  -0.440  0.0000E+00  0.2600E+02
  -0.430  0.0000E+00  0.2600E+02
  -0.420  0.0000E+00  0.2600E+02
  -0.410  0.0000E+00  0.2600E+02
  -0.400  0.0000E+00  0.2600E+02
  -0.390  0.0000E+00  0.2600E+02
  -0.380  0.0000E+00  0.2600E+02
  -0.370  0.0000E+00  0.2600E+02
  -0.360  0.0000E+00  0.2600E+02
  -0.350  0.0000E+00  0.2600E+02
  -0.340  0.0000E+00  0.2600E+02
  -0.330  0.0000E+00  0.2600E+02
  -0.320  0.0000E+00  0.2600E+02
  -0.310  0.0000E+00  0.2600E+02
  -0.300  0.0000E+00  0.2600E+02
  -0.290  0.0000E+00  0.2600E+02
  -0.280  0.0000E+00  0.2600E+02
  -0.270  0.0000E+00  0.2600E+02
  -0.260  0.0000E+00  0.2600E+02
  -0.250  0.0000E+00  0.2600E+02
  -0.240  0.0000E+00  0.2600E+02
  -0.230  0.0000E+00  0.2600E+02
  -0.220  0.0000E+00  0.2600E+02
  -0.210  0.0000E+00  0.2600E+02
  -0.200  0.0000E+00  0.2600E+02
  -0.190  0.0000E+00  0.2600E+02
  -0.180  0.0000E+00  0.2600E+02
  -0.170  0.0000E+00  0.2600E+02
  -0.160  0.0000E+00  0.2600E+02
  -0.150  0.0000E+00  0.2600E+02
  -0.140  0.0000E+00  0.2600E+02
  -0.130  0.0000E+00  0.2600E+02
  -0.120  0.0000E+00  0.2600E+02
  -0.110  0.0000E+00  0.2600E+02
  -0.100  0.0000E+00  0.2600E+02
  -0.090  0.0000E+00  0.2600E+02
  -0.080  0.0000E+00  0.2600E+02
  -0.070  0.0000E+00  0.2600E+02
  -0.060  0.0000E+00  0.2600E+02
  -0.050  0.0000E+00  0.2600E+02
  -0.040  0.0000E+00  0.2600E+02
  -0.030  0.0000E+00  0.2600E+02
  -0.020  0.0000E+00  0.2600E+02
  -0.010  0.0000E+00  0.2600E+02
   0.000  0.0000E+00  0.2600E+02
   0.010  0.0000E+00  0.2600E+02
   0.020  0.0000E+00  0.2600E+02
   0.030  0.0000E+00  0.2600E+02
   0.040  0.0000E+00  0.2600E+02
   0.050  0.0000E+00  0.2600E+02
   0.060  0.0000E+00  0.2600E+02
   0.070  0.0000E+00  0.2600E+02
   0.080  0.0000E+00  0.2600E+02
   0.090  0.0000E+00  0.2600E+02
   0.100  0.0000E+00  0.2600E+02
   0.110  0.0000E+00  0.2600E+02
   0.120  0.0000E+00  0.2600E+02
   0.130  0.0000E+00  0.2600E+02
   0.140  0.0000E+00  0.2600E+02
   0.150  0.0000E+00  0.2600E+02
   0.160  0.0000E+00  0.2600E+02
   0.170  0.0000E+00  0.2600E+02
   0.180  0.0000E+00  0.2600E+02
   0.190  0.0000E+00  0.2600E+02
   0.200  0.0000E+00  0.2600E+02
   0.210  0.0000E+00  0.2600E+02
   0.220  0.0000E+00  0.2600E+02
   0.230  0.0000E+00  0.2600E+02
   0.240  0.0000E+00  0.2600E+02
   0.250  0.0000E+00  0.2600E+02
   0.260  0.0000E+00  0.2600E+02
   0.270  0.0000E+00  0.2600E+02
   0.280  0.0000E+00  0.2600E+02
   0.290  0.0000E+00  0.2600E+02
   0.300  0.0000E+00  0.2600E+02
   0.310  0.0000E+00  0.2600E+02
   0.320  0.0000E+00  0.2600E+02
   0.330  0.0000E+00  0.2600E+02
   0.340  0.0000E+00  0.2600E+02
   0.350  0.0000E+00  0.2600E+02
   0.360  0.0000E+00  0.2600E+02
   0.370  0.0000E+00  0.2600E+02
   0.380  0.0000E+00  0.2600E+02
   0.390  0.0000E+00  0.2600E+02
   0.400  0.0000E+00  0.2600E+02
   0.410  0.0000E+00  0.2600E+02
   0.420  0.0000E+00  0.2600E+02
   0.430  0.0000E+00  0.2600E+02
   0.440  0.0000E+00  0.2600E+02
   0.450  0.0000E+00  0.2600E+02
   0.460  0.0000E+00  0.2600E+02
   0.470  0.0000E+00  0.2600E+02
   0.480  0.0000E+00  0.2600E+02
   0.490  0.0000E+00  0.2600E+02
   0.500  0.0000E+00  0.2600E+02
   0.510  0.0000E+00  0.2600E+02
   0.520  0.0000E+00  0.2600E+02
   0.530  0.0000E+00  0.2600E+02
   0.540  0.0000E+00  0.2600E+02
   0.550  0.0000E+00  0.2600E+02
   0.560  0.0000E+00  0.2600E+02
   0.570  0.0000E+00  0.2600E+02
   0.580  0.0000E+00  0.2600E+02
   0.590  0.0000E+00  0.2600E+02
   0.600  0.0000E+00  0.2600E+02
   0.610  0.0000E+00  0.2600E+02
   0.620  0.0000E+00  0.2600E+02
   0.630  0.0000E+00  0.2600E+02
   0.640  0.0000E+00  0.2600E+02
   0.650  0.0000E+00  0.2600E+02
   0.660  0.0000E+00  0.2600E+02
   0.670  0.0000E+00  0.2600E+02
   0.680  0.0000E+00  0.2600E+02
   0.690  0.0000E+00  0.2600E+02
   0.700  0.0000E+00  0.2600E+02
   0.710  0.0000E+00  0.2600E+02
   0.720  0.0000E+00  0.2600E+02
   0.730  0.0000E+00  0.2600E+02
   0.740  0.0000E+00  0.2600E+02
   0.750  0.0000E+00  0.2600E+02
   0.760  0.0000E+00  0.2600E+02
   0.770  0.0000E+00  0.2600E+02
   0.780  0.0000E+00  0.2600E+02
   0.790  0.0000E+00  0.2600E+02
   0.800  0.0000E+00  0.2600E+02
   0.810  0.0000E+00  0.2600E+02
   0.820  0.0000E+00  0.2600E+02
   0.830  0.0000E+00  0.2600E+02
   0.840  0.0000E+00  0.2600E+02
   0.850  0.0000E+00  0.2600E+02
   0.860  0.0000E+00  0.2600E+02
   0.870  0.0000E+00  0.2600E+02
   0.880  0.0000E+00  0.2600E+02
   0.890  0.0000E+00  0.2600E+02
   0.900  0.0000E+00  0.2600E+02
   0.910  0.0000E+00  0.2600E+02
   0.920  0.0000E+00  0.2600E+02
   0.930  0.0000E+00  0.2600E+02
   0.940  0.0000E+00  0.2600E+02
   0.950  0.0000E+00  0.2600E+02
   0.960  0.0000E+00  0.2600E+02
   0.970  0.0000E+00  0.2600E+02
   0.980  0.0000E+00  0.2600E+02
   0.990  0.0000E+00  0.2600E+02
   1.000  0.0000E+00  0.2600E+02
   1.010  0.0000E+00  0.2600E+02
   1.020  0.0000E+00  0.2600E+02
   1.030  0.0000E+00  0.2600E+02
   1.040  0.0000E+00  0.2600E+02
   1.050  0.0000E+00  0.2600E+02
   1.060  0.0000E+00  0.2600E+02
   1.070  0.0000E+00  0.2600E+02
   1.080  0.0000E+00  0.2600E+02
   1.090  0.6868E-01  0.2600E+02
   1.100  0.3754E+00  0.2600E+02
   1.110  0.3085E+00  0.2601E+02
   1.120  0.3381E+00  0.2601E+02
   1.130  0.3677E+00  0.2601E+02
   1.140  0.3956E+00  0.2602E+02
   1.150  0.3872E+00  0.2602E+02
   1.160  0.3751E+00  0.2602E+02
   1.170  0.3878E+00  0.2603E+02
   1.180  0.4017E+00  0.2603E+02
   1.190  0.4156E+00  0.2604E+02
   1.200  0.4276E+00  0.2604E+02
   1.210  0.4332E+00  0.2605E+02
   1.220  0.4384E+00  0.2605E+02
   1.230  0.4462E+00  0.2605E+02
   1.240  0.4556E+00  0.2606E+02
   1.250  0.1298E+01  0.2607E+02
   1.260  0.1377E+01  0.2608E+02
   1.270  0.1422E+01  0.2610E+02
   1.280  0.1413E+01  0.2611E+02
   1.290  0.1453E+01  0.2612E+02
   1.300  0.1497E+01  0.2614E+02
   1.310  0.1547E+01  0.2615E+02
   1.320  0.2870E+01  0.2617E+02
   1.330  0.2527E+01  0.2620E+02
   1.340  0.2664E+01  0.2623E+02
   1.350  0.2699E+01  0.2625E+02
   1.360  0.2781E+01  0.2628E+02
   1.370  0.2841E+01  0.2631E+02
   1.380  0.2909E+01  0.2634E+02
   1.390  0.3016E+01  0.2637E+02
   1.400  0.3092E+01  0.2640E+02
   1.410  0.3186E+01  0.2643E+02
   1.420  0.3293E+01  0.2646E+02
   1.430  0.3403E+01  0.2649E+02
   1.440  0.3532E+01  0.2653E+02
   1.450  0.3678E+01  0.2656E+02
   1.460  0.3892E+01  0.2660E+02
   1.470  0.4112E+01  0.2664E+02
   1.480  0.4304E+01  0.2668E+02
   1.490  0.4650E+01  0.2673E+02
   1.500  0.5228E+01  0.2678E+02
   1.510  0.7166E+01  0.2684E+02
   1.520  0.5355E+01  0.2689E+02
   1.530  0.5426E+01  0.2695E+02
   1.540  0.5529E+01  0.2700E+02
   1.550  0.6312E+01  0.2706E+02
   1.560  0.6963E+01  0.2712E+02
   1.570  0.6567E+01  0.2719E+02
   1.580  0.6352E+01  0.2726E+02
   1.590  0.1217E+02  0.2733E+02
   1.600  0.5866E+01  0.2740E+02
   1.610  0.5715E+01  0.2746E+02
   1.620  0.5914E+01  0.2751E+02
   1.630  0.6197E+01  0.2757E+02
   1.640  0.6557E+01  0.2764E+02
   1.650  0.4190E+01  0.2771E+02
   1.660  0.3000E+01  0.2774E+02
   1.670  0.3644E+01  0.2777E+02
   1.680  0.3335E+01  0.2781E+02
   1.690  0.2535E+01  0.2784E+02
   1.700  0.1490E+01  0.2785E+02
   1.710  0.1608E+01  0.2787E+02
   1.720  0.1725E+01  0.2789E+02
   1.730  0.1858E+01  0.2790E+02
   1.740  0.1977E+01  0.2792E+02
   1.750  0.2134E+01  0.2794E+02
   1.760  0.2316E+01  0.2797E+02
   1.770  0.2511E+01  0.2799E+02
   1.780  0.2722E+01  0.2802E+02
   1.790  0.3062E+01  0.2805E+02
   1.800  0.3390E+01  0.2808E+02
   1.810  0.4074E+01  0.2811E+02
   1.820  0.5240E+01  0.2816E+02
   1.830  0.6636E+01  0.2822E+02
   1.840  0.6455E+01  0.2830E+02
   1.850  0.5103E+01  0.2835E+02
   1.860  0.4885E+01  0.2840E+02
   1.870  0.4786E+01  0.2845E+02
   1.880  0.4767E+01  0.2850E+02
   1.890  0.5224E+01  0.2855E+02
   1.900  0.4985E+01  0.2860E+02
   1.910  0.5065E+01  0.2865E+02
   1.920  0.5077E+01  0.2870E+02
   1.930  0.5197E+01  0.2875E+02
   1.940  0.5959E+01  0.2881E+02
   1.950  0.7021E+01  0.2887E+02
   1.960  0.5493E+01  0.2894E+02
   1.970  0.5054E+01  0.2899E+02
   1.980  0.4974E+01  0.2904E+02
   1.990  0.4931E+01  0.2909E+02
   2.000  0.4956E+01  0.2914E+02
   2.010  0.4866E+01  0.2919E+02
   2.020  0.5376E+01  0.2924E+02
   2.030  0.4665E+01  0.2929E+02
   2.040  0.4465E+01  0.2934E+02
   2.050  0.4417E+01  0.2938E+02
   2.060  0.4371E+01  0.2943E+02
   2.070  0.4299E+01  0.2947E+02
   2.080  0.4178E+01  0.2951E+02
   2.090  0.4081E+01  0.2955E+02
   2.100  0.4064E+01  0.2959E+02
   2.110  0.4283E+01  0.2964E+02
   2.120  0.3787E+01  0.2968E+02
   2.130  0.3942E+01  0.2972E+02
   2.140  0.4252E+01  0.2976E+02
   2.150  0.4516E+01  0.2981E+02
   2.160  0.3848E+01  0.2985E+02
   2.170  0.3556E+01  0.2988E+02
   2.180  0.3335E+01  0.2992E+02
   2.190  0.3248E+01  0.2995E+02
   2.200  0.5798E+01  0.2998E+02
   2.210  0.3655E+01  0.3002E+02
   2.220  0.4012E+01  0.3006E+02
   2.230  0.3175E+01  0.3010E+02
   2.240  0.2632E+01  0.3012E+02
   2.250  0.2645E+01  0.3015E+02
   2.260  0.2621E+01  0.3018E+02
   2.270  0.2632E+01  0.3020E+02
   2.280  0.4140E+01  0.3024E+02
   2.290  0.2878E+01  0.3027E+02
   2.300  0.2215E+01  0.3030E+02
   2.310  0.2183E+01  0.3032E+02
   2.320  0.2128E+01  0.3034E+02
   2.330  0.2494E+01  0.3036E+02
   2.340  0.2739E+01  0.3039E+02
   2.350  0.3852E+01  0.3042E+02
   2.360  0.2928E+01  0.3046E+02
   2.370  0.2863E+01  0.3048E+02
   2.380  0.3150E+01  0.3051E+02
   2.390  0.3332E+01  0.3055E+02
   2.400  0.3301E+01  0.3058E+02
   2.410  0.2922E+01  0.3061E+02
   2.420  0.3503E+01  0.3064E+02
   2.430  0.3732E+01  0.3068E+02
   2.440  0.3697E+01  0.3072E+02
   2.450  0.4872E+01  0.3076E+02
   2.460  0.4142E+01  0.3080E+02
   2.470  0.4048E+01  0.3084E+02
   2.480  0.3565E+01  0.3088E+02
   2.490  0.3322E+01  0.3091E+02
   2.500  0.3132E+01  0.3095E+02
   2.510  0.3231E+01  0.3098E+02
   2.520  0.3119E+01  0.3101E+02
   2.530  0.2920E+01  0.3104E+02
   2.540  0.2803E+01  0.3107E+02
   2.550  0.2453E+01  0.3109E+02
   2.560  0.2406E+01  0.3112E+02
   2.570  0.2316E+01  0.3114E+02
   2.580  0.2289E+01  0.3117E+02
   2.590  0.2270E+01  0.3119E+02
   2.600  0.2318E+01  0.3121E+02
   2.610  0.2294E+01  0.3123E+02
   2.620  0.2125E+01  0.3126E+02
   2.630  0.2103E+01  0.3128E+02
   2.640  0.2204E+01  0.3130E+02
   2.650  0.2175E+01  0.3132E+02
   2.660  0.2301E+01  0.3134E+02
   2.670  0.2316E+01  0.3137E+02
   2.680  0.2231E+01  0.3139E+02
   2.690  0.2257E+01  0.3141E+02
   2.700  0.2240E+01  0.3144E+02
   2.710  0.2194E+01  0.3146E+02
   2.720  0.2158E+01  0.3148E+02
   2.730  0.2107E+01  0.3150E+02
   2.740  0.2048E+01  0.3152E+02
   2.750  0.2034E+01  0.3154E+02
   2.760  0.2002E+01  0.3156E+02
   2.770  0.1960E+01  0.3158E+02
   2.780  0.1941E+01  0.3160E+02
   2.790  0.1929E+01  0.3162E+02
   2.800  0.1910E+01  0.3164E+02
   2.810  0.1910E+01  0.3166E+02
   2.820  0.1901E+01  0.3168E+02
   2.830  0.1878E+01  0.3170E+02
   2.840  0.1848E+01  0.3172E+02
   2.850  0.1817E+01  0.3173E+02
   2.860  0.1802E+01  0.3175E+02
   2.870  0.1640E+01  0.3177E+02
   2.880  0.1632E+01  0.3179E+02
   2.890  0.1629E+01  0.3180E+02
   2.900  0.1617E+01  0.3182E+02
   2.910  0.1608E+01  0.3183E+02
   2.920  0.1599E+01  0.3185E+02
   2.930  0.1595E+01  0.3187E+02
   2.940  0.1598E+01  0.3188E+02
   2.950  0.1605E+01  0.3190E+02
   2.960  0.1607E+01  0.3191E+02
   2.970  0.1595E+01  0.3193E+02
   2.980  0.1574E+01  0.3195E+02
   2.990  0.1552E+01  0.3196E+02
   3.000  0.1580E+01  0.3198E+02
   3.010  0.1409E+01  0.3199E+02
   3.020  0.1393E+01  0.3201E+02
   3.030  0.1400E+01  0.3202E+02
   3.040  0.1418E+01  0.3203E+02
   3.050  0.1418E+01  0.3205E+02
   3.060  0.1422E+01  0.3206E+02
   3.070  0.1431E+01  0.3208E+02
   3.080  0.1431E+01  0.3209E+02
   3.090  0.1431E+01  0.3211E+02
   3.100  0.1435E+01  0.3212E+02
   3.110  0.1442E+01  0.3213E+02
   3.120  0.1458E+01  0.3215E+02
   3.130  0.1486E+01  0.3216E+02
   3.140  0.1493E+01  0.3218E+02
   3.150  0.1509E+01  0.3219E+02
   3.160  0.1538E+01  0.3221E+02
   3.170  0.1551E+01  0.3222E+02
   3.180  0.1576E+01  0.3224E+02
   3.190  0.1608E+01  0.3226E+02
   3.200  0.1658E+01  0.3227E+02
   3.210  0.1715E+01  0.3229E+02
   3.220  0.1783E+01  0.3231E+02
   3.230  0.1918E+01  0.3233E+02
   3.240  0.2116E+01  0.3235E+02
   3.250  0.3159E+01  0.3237E+02
   3.260  0.2044E+01  0.3239E+02
   3.270  0.1722E+01  0.3241E+02
   3.280  0.1613E+01  0.3243E+02
   3.290  0.1513E+01  0.3244E+02
   3.300  0.1366E+01  0.3246E+02
   3.310  0.1215E+01  0.3247E+02
   3.320  0.1068E+01  0.3248E+02
   3.330  0.1038E+01  0.3249E+02
   3.340  0.1016E+01  0.3250E+02
   3.350  0.9793E+00  0.3251E+02
   3.360  0.8392E+00  0.3252E+02
   3.370  0.8516E+00  0.3253E+02
   3.380  0.8640E+00  0.3254E+02
   3.390  0.8838E+00  0.3255E+02
   3.400  0.9087E+00  0.3256E+02
   3.410  0.9303E+00  0.3257E+02
   3.420  0.9609E+00  0.3258E+02
   3.430  0.9825E+00  0.3259E+02
   3.440  0.1001E+01  0.3260E+02
   3.450  0.1021E+01  0.3261E+02
   3.460  0.1123E+01  0.3262E+02
   3.470  0.1211E+01  0.3263E+02
   3.480  0.1315E+01  0.3264E+02
   3.490  0.1479E+01  0.3265E+02
   3.500  0.1672E+01  0.3267E+02
   3.510  0.1849E+01  0.3269E+02
   3.520  0.2001E+01  0.3271E+02
   3.530  0.2078E+01  0.3273E+02
   3.540  0.2273E+01  0.3275E+02
   3.550  0.2396E+01  0.3277E+02
   3.560  0.2614E+01  0.3280E+02
   3.570  0.2781E+01  0.3282E+02
   3.580  0.3130E+01  0.3285E+02
   3.590  0.3458E+01  0.3289E+02
   3.600  0.4108E+01  0.3292E+02
   3.610  0.4914E+01  0.3297E+02
   3.620  0.4697E+01  0.3302E+02
   3.630  0.6052E+01  0.3307E+02
   3.640  0.4341E+01  0.3312E+02
   3.650  0.3935E+01  0.3316E+02
   3.660  0.3534E+01  0.3320E+02
   3.670  0.3450E+01  0.3323E+02
   3.680  0.3355E+01  0.3327E+02
   3.690  0.2983E+01  0.3330E+02
   3.700  0.2013E+01  0.3332E+02
   3.710  0.1983E+01  0.3334E+02
   3.720  0.1941E+01  0.3336E+02
   3.730  0.1886E+01  0.3338E+02
   3.740  0.1841E+01  0.3340E+02
   3.750  0.1819E+01  0.3342E+02
   3.760  0.1797E+01  0.3344E+02
   3.770  0.1773E+01  0.3346E+02
   3.780  0.1736E+01  0.3347E+02
   3.790  0.1700E+01  0.3349E+02
   3.800  0.1676E+01  0.3351E+02
   3.810  0.1651E+01  0.3352E+02
   3.820  0.1626E+01  0.3354E+02
   3.830  0.1601E+01  0.3356E+02
   3.840  0.1564E+01  0.3357E+02
   3.850  0.1526E+01  0.3359E+02
   3.860  0.1495E+01  0.3360E+02
   3.870  0.1465E+01  0.3362E+02
   3.880  0.1436E+01  0.3363E+02
   3.890  0.1405E+01  0.3365E+02
   3.900  0.1366E+01  0.3366E+02
   3.910  0.1317E+01  0.3367E+02
   3.920  0.1280E+01  0.3369E+02
   3.930  0.1251E+01  0.3370E+02
   3.940  0.1214E+01  0.3371E+02
   3.950  0.1171E+01  0.3372E+02
   3.960  0.1145E+01  0.3374E+02
   3.970  0.1113E+01  0.3375E+02
   3.980  0.1069E+01  0.3376E+02
   3.990  0.1038E+01  0.3377E+02
   4.000  0.1015E+01  0.3378E+02
   4.010  0.9877E+00  0.3379E+02
   4.020  0.9527E+00  0.3380E+02
   4.030  0.9294E+00  0.3381E+02
   4.040  0.9147E+00  0.3382E+02
   4.050  0.9061E+00  0.3383E+02
   4.060  0.8753E+00  0.3383E+02
   4.070  0.8417E+00  0.3384E+02
   4.080  0.8198E+00  0.3385E+02
   4.090  0.8048E+00  0.3386E+02
   4.100  0.7896E+00  0.3387E+02
   4.110  0.7763E+00  0.3388E+02
   4.120  0.7692E+00  0.3388E+02
   4.130  0.7551E+00  0.3389E+02
   4.140  0.7362E+00  0.3390E+02
   4.150  0.7167E+00  0.3391E+02
   4.160  0.6977E+00  0.3391E+02
   4.170  0.6851E+00  0.3392E+02
   4.180  0.6790E+00  0.3393E+02
   4.190  0.6758E+00  0.3393E+02
   4.200  0.6686E+00  0.3394E+02
   4.210  0.6455E+00  0.3395E+02
   4.220  0.6368E+00  0.3395E+02
   4.230  0.6432E+00  0.3396E+02
   4.240  0.5980E+00  0.3397E+02
   4.250  0.7354E+00  0.3397E+02
   4.260  0.3224E+00  0.3398E+02
   4.270  0.3077E+00  0.3398E+02
   4.280  0.2988E+00  0.3398E+02
   4.290  0.2867E+00  0.3399E+02
   4.300  0.2835E+00  0.3399E+02
   4.310  0.3073E+00  0.3399E+02
   4.320  0.2753E+00  0.3399E+02
   4.330  0.2413E+00  0.3400E+02
   4.340  0.1197E+00  0.3400E+02
   4.350  0.0000E+00  0.3400E+02
   4.360  0.0000E+00  0.3400E+02
   4.370  0.0000E+00  0.3400E+02
   4.380  0.0000E+00  0.3400E+02
   4.390  0.0000E+00  0.3400E+02
   4.400  0.0000E+00  0.3400E+02
   4.410  0.0000E+00  0.3400E+02
   4.420  0.0000E+00  0.3400E+02
   4.430  0.0000E+00  0.3400E+02
   4.440  0.0000E+00  0.3400E+02
   4.450  0.0000E+00  0.3400E+02
   4.460  0.0000E+00  0.3400E+02
   4.470  0.0000E+00  0.3400E+02
   4.480  0.0000E+00  0.3400E+02
   4.490  0.0000E+00  0.3400E+02
   4.500  0.0000E+00  0.3400E+02
   4.510  0.0000E+00  0.3400E+02
   4.520  0.0000E+00  0.3400E+02
   4.530  0.0000E+00  0.3400E+02
   4.540  0.0000E+00  0.3400E+02
   4.550  0.0000E+00  0.3400E+02
   4.560  0.0000E+00  0.3400E+02
   4.570  0.0000E+00  0.3400E+02
   4.580  0.0000E+00  0.3400E+02
   4.590  0.0000E+00  0.3400E+02
   4.600  0.0000E+00  0.3400E+02
   4.610  0.0000E+00  0.3400E+02
   4.620  0.0000E+00  0.3400E+02
   4.630  0.0000E+00  0.3400E+02
   4.640  0.0000E+00  0.3400E+02
   4.650  0.0000E+00  0.3400E+02
   4.660  0.0000E+00  0.3400E+02
   4.670  0.0000E+00  0.3400E+02
   4.680  0.0000E+00  0.3400E+02
   4.690  0.0000E+00  0.3400E+02
   4.700  0.0000E+00  0.3400E+02
   4.710  0.0000E+00  0.3400E+02
   4.720  0.0000E+00  0.3400E+02
   4.730  0.0000E+00  0.3400E+02
   4.740  0.0000E+00  0.3400E+02
   4.750  0.0000E+00  0.3400E+02
   4.760  0.0000E+00  0.3400E+02
   4.770  0.0000E+00  0.3400E+02
   4.780  0.0000E+00  0.3400E+02
   4.790  0.0000E+00  0.3400E+02
   4.800  0.0000E+00  0.3400E+02
   4.810  0.0000E+00  0.3400E+02
   4.820  0.0000E+00  0.3400E+02
   4.830  0.0000E+00  0.3400E+02
   4.840  0.0000E+00  0.3400E+02
   4.850  0.0000E+00  0.3400E+02
   4.860  0.0000E+00  0.3400E+02
   4.870  0.0000E+00  0.3400E+02
   4.880  0.0000E+00  0.3400E+02
   4.890  0.0000E+00  0.3400E+02
   4.900  0.0000E+00  0.3400E+02
   4.910  0.0000E+00  0.3400E+02
   4.920  0.0000E+00  0.3400E+02
   4.930  0.0000E+00  0.3400E+02
   4.940  0.0000E+00  0.3400E+02
   4.950  0.0000E+00  0.3400E+02
   4.960  0.0000E+00  0.3400E+02
   4.970  0.0000E+00  0.3400E+02
   4.980  0.0000E+00  0.3400E+02
   4.990  0.0000E+00  0.3400E+02
   5.000  0.0000E+00  0.3400E+02
   5.010  0.0000E+00  0.3400E+02
   5.020  0.0000E+00  0.3400E+02
   5.030  0.0000E+00  0.3400E+02
   5.040  0.0000E+00  0.3400E+02
   5.050  0.0000E+00  0.3400E+02
   5.060  0.0000E+00  0.3400E+02
   5.070  0.0000E+00  0.3400E+02
   5.080  0.0000E+00  0.3400E+02
   5.090  0.0000E+00  0.3400E+02
   5.100  0.0000E+00  0.3400E+02
   5.110  0.0000E+00  0.3400E+02
   5.120  0.0000E+00  0.3400E+02
   5.130  0.0000E+00  0.3400E+02
   5.140  0.0000E+00  0.3400E+02
   5.150  0.0000E+00  0.3400E+02
   5.160  0.0000E+00  0.3400E+02
   5.170  0.0000E+00  0.3400E+02
   5.180  0.0000E+00  0.3400E+02
   5.190  0.0000E+00  0.3400E+02
   5.200  0.0000E+00  0.3400E+02
   5.210  0.0000E+00  0.3400E+02
   5.220  0.0000E+00  0.3400E+02
   5.230  0.0000E+00  0.3400E+02
   5.240  0.0000E+00  0.3400E+02
   5.250  0.0000E+00  0.3400E+02
   5.260  0.0000E+00  0.3400E+02
   5.270  0.0000E+00  0.3400E+02
   5.280  0.0000E+00  0.3400E+02
   5.290  0.0000E+00  0.3400E+02
   5.300  0.0000E+00  0.3400E+02
   5.310  0.0000E+00  0.3400E+02
   5.320  0.0000E+00  0.3400E+02
   5.330  0.0000E+00  0.3400E+02
   5.340  0.0000E+00  0.3400E+02
   5.350  0.0000E+00  0.3400E+02
   5.360  0.0000E+00  0.3400E+02
   5.370  0.0000E+00  0.3400E+02
   5.380  0.0000E+00  0.3400E+02
   5.390  0.0000E+00  0.3400E+02
   5.400  0.0000E+00  0.3400E+02
   5.410  0.0000E+00  0.3400E+02
   5.420  0.0000E+00  0.3400E+02
   5.430  0.0000E+00  0.3400E+02
   5.440  0.0000E+00  0.3400E+02
   5.450  0.0000E+00  0.3400E+02
   5.460  0.0000E+00  0.3400E+02
   5.470  0.0000E+00  0.3400E+02
   5.480  0.0000E+00  0.3400E+02
   5.490  0.0000E+00  0.3400E+02
   5.500  0.0000E+00  0.3400E+02
   5.510  0.0000E+00  0.3400E+02
   5.520  0.0000E+00  0.3400E+02
   5.530  0.0000E+00  0.3400E+02
   5.540  0.0000E+00  0.3400E+02
   5.550  0.0000E+00  0.3400E+02
   5.560  0.0000E+00  0.3400E+02
   5.570  0.0000E+00  0.3400E+02
   5.580  0.0000E+00  0.3400E+02
   5.590  0.0000E+00  0.3400E+02
   5.600  0.0000E+00  0.3400E+02
   5.610  0.0000E+00  0.3400E+02
   5.620  0.0000E+00  0.3400E+02
   5.630  0.0000E+00  0.3400E+02
   5.640  0.0000E+00  0.3400E+02
   5.650  0.0000E+00  0.3400E+02
   5.660  0.0000E+00  0.3400E+02
   5.670  0.0000E+00  0.3400E+02
   5.680  0.0000E+00  0.3400E+02
   5.690  0.0000E+00  0.3400E+02
   5.700  0.0000E+00  0.3400E+02
   5.710  0.0000E+00  0.3400E+02
   5.720  0.0000E+00  0.3400E+02
   5.730  0.0000E+00  0.3400E+02
   5.740  0.0000E+00  0.3400E+02
   5.750  0.0000E+00  0.3400E+02
   5.760  0.0000E+00  0.3400E+02
   5.770  0.0000E+00  0.3400E+02
   5.780  0.0000E+00  0.3400E+02
   5.790  0.0000E+00  0.3400E+02
   5.800  0.0000E+00  0.3400E+02
   5.810  0.0000E+00  0.3400E+02
   5.820  0.0000E+00  0.3400E+02
   5.830  0.0000E+00  0.3400E+02
   5.840  0.0000E+00  0.3400E+02
   5.850  0.0000E+00  0.3400E+02
   5.860  0.0000E+00  0.3400E+02
   5.870  0.0000E+00  0.3400E+02
   5.880  0.0000E+00  0.3400E+02
   5.890  0.0000E+00  0.3400E+02
   5.900  0.0000E+00  0.3400E+02
   5.910  0.0000E+00  0.3400E+02
   5.920  0.0000E+00  0.3400E+02
   5.930  0.0000E+00  0.3400E+02
   5.940  0.0000E+00  0.3400E+02
   5.950  0.0000E+00  0.3400E+02
   5.960  0.0000E+00  0.3400E+02
   5.970  0.0000E+00  0.3400E+02
   5.980  0.0000E+00  0.3400E+02
   5.990  0.0000E+00  0.3400E+02
   6.000  0.0000E+00  0.3400E+02
   6.010  0.0000E+00  0.3400E+02
   6.020  0.0000E+00  0.3400E+02
   6.030  0.0000E+00  0.3400E+02
   6.040  0.0000E+00  0.3400E+02
   6.050  0.0000E+00  0.3400E+02
   6.060  0.0000E+00  0.3400E+02
   6.070  0.0000E+00  0.3400E+02
   6.080  0.0000E+00  0.3400E+02
   6.090  0.0000E+00  0.3400E+02
   6.100  0.0000E+00  0.3400E+02
   6.110  0.0000E+00  0.3400E+02
   6.120  0.0000E+00  0.3400E+02
   6.130  0.0000E+00  0.3400E+02
   6.140  0.0000E+00  0.3400E+02
   6.150  0.0000E+00  0.3400E+02
   6.160  0.0000E+00  0.3400E+02
   6.170  0.0000E+00  0.3400E+02
   6.180  0.0000E+00  0.3400E+02
   6.190  0.0000E+00  0.3400E+02
   6.200  0.0000E+00  0.3400E+02
   6.210  0.0000E+00  0.3400E+02
   6.220  0.0000E+00  0.3400E+02
   6.230  0.0000E+00  0.3400E+02
   6.240  0.0000E+00  0.3400E+02
   6.250  0.0000E+00  0.3400E+02
   6.260  0.0000E+00  0.3400E+02
   6.270  0.0000E+00  0.3400E+02
   6.280  0.0000E+00  0.3400E+02
   6.290  0.0000E+00  0.3400E+02
   6.300  0.0000E+00  0.3400E+02
   6.310  0.0000E+00  0.3400E+02
   6.320  0.0000E+00  0.3400E+02
   6.330  0.0000E+00  0.3400E+02
   6.340  0.0000E+00  0.3400E+02
   6.350  0.0000E+00  0.3400E+02
   6.360  0.0000E+00  0.3400E+02
   6.370  0.0000E+00  0.3400E+02
   6.380  0.0000E+00  0.3400E+02
   6.390  0.0000E+00  0.3400E+02
   6.400  0.0000E+00  0.3400E+02
   6.410  0.0000E+00  0.3400E+02
   6.420  0.0000E+00  0.3400E+02
   6.430  0.0000E+00  0.3400E+02
   6.440  0.0000E+00  0.3400E+02
   6.450  0.0000E+00  0.3400E+02
   6.460  0.0000E+00  0.3400E+02
   6.470  0.0000E+00  0.3400E+02
   6.480  0.0000E+00  0.3400E+02
   6.490  0.0000E+00  0.3400E+02
   6.500  0.0000E+00  0.3400E+02
   6.510  0.0000E+00  0.3400E+02
   6.520  0.0000E+00  0.3400E+02
   6.530  0.0000E+00  0.3400E+02
   6.540  0.0000E+00  0.3400E+02
   6.550  0.0000E+00  0.3400E+02
   6.560  0.0000E+00  0.3400E+02
   6.570  0.0000E+00  0.3400E+02
   6.580  0.0000E+00  0.3400E+02
   6.590  0.0000E+00  0.3400E+02
   6.600  0.0000E+00  0.3400E+02
   6.610  0.0000E+00  0.3400E+02
   6.620  0.0000E+00  0.3400E+02
   6.630  0.0000E+00  0.3400E+02
   6.640  0.0000E+00  0.3400E+02
   6.650  0.0000E+00  0.3400E+02
   6.660  0.0000E+00  0.3400E+02
   6.670  0.0000E+00  0.3400E+02
   6.680  0.0000E+00  0.3400E+02
   6.690  0.0000E+00  0.3400E+02
   6.700  0.0000E+00  0.3400E+02
   6.710  0.0000E+00  0.3400E+02
   6.720  0.0000E+00  0.3400E+02
   6.730  0.0000E+00  0.3400E+02
   6.740  0.0000E+00  0.3400E+02
   6.750  0.0000E+00  0.3400E+02
   6.760  0.0000E+00  0.3400E+02
   6.770  0.0000E+00  0.3400E+02
   6.780  0.0000E+00  0.3400E+02
   6.790  0.0000E+00  0.3400E+02
   6.800  0.0000E+00  0.3400E+02
   6.810  0.0000E+00  0.3400E+02
   6.820  0.0000E+00  0.3400E+02
   6.830  0.0000E+00  0.3400E+02
   6.840  0.0000E+00  0.3400E+02
   6.850  0.0000E+00  0.3400E+02
   6.860  0.0000E+00  0.3400E+02
   6.870  0.0000E+00  0.3400E+02
   6.880  0.0000E+00  0.3400E+02
   6.890  0.0000E+00  0.3400E+02
   6.900  0.0000E+00  0.3400E+02
   6.910  0.0000E+00  0.3400E+02
   6.920  0.0000E+00  0.3400E+02
   6.930  0.0000E+00  0.3400E+02
   6.940  0.0000E+00  0.3400E+02
   6.950  0.0000E+00  0.3400E+02
   6.960  0.0000E+00  0.3400E+02
   6.970  0.0000E+00  0.3400E+02
   6.980  0.0000E+00  0.3400E+02
   6.990  0.0000E+00  0.3400E+02
   7.000  0.0000E+00  0.3400E+02
   7.010  0.0000E+00  0.3400E+02
   7.020  0.0000E+00  0.3400E+02
   7.030  0.0000E+00  0.3400E+02
   7.040  0.0000E+00  0.3400E+02
   7.050  0.0000E+00  0.3400E+02
   7.060  0.0000E+00  0.3400E+02
   7.070  0.0000E+00  0.3400E+02
   7.080  0.0000E+00  0.3400E+02
   7.090  0.0000E+00  0.3400E+02
   7.100  0.0000E+00  0.3400E+02
   7.110  0.0000E+00  0.3400E+02
   7.120  0.0000E+00  0.3400E+02
   7.130  0.0000E+00  0.3400E+02
   7.140  0.0000E+00  0.3400E+02
   7.150  0.0000E+00  0.3400E+02
   7.160  0.0000E+00  0.3400E+02
   7.170  0.0000E+00  0.3400E+02
   7.180  0.0000E+00  0.3400E+02
   7.190  0.0000E+00  0.3400E+02
   7.200  0.0000E+00  0.3400E+02
   7.210  0.0000E+00  0.3400E+02
   7.220  0.0000E+00  0.3400E+02
   7.230  0.0000E+00  0.3400E+02
   7.240  0.0000E+00  0.3400E+02
   7.250  0.0000E+00  0.3400E+02
   7.260  0.0000E+00  0.3400E+02
   7.270  0.0000E+00  0.3400E+02
   7.280  0.0000E+00  0.3400E+02
   7.290  0.0000E+00  0.3400E+02
   7.300  0.0000E+00  0.3400E+02
   7.310  0.0000E+00  0.3400E+02
   7.320  0.0000E+00  0.3400E+02
   7.330  0.0000E+00  0.3400E+02
   7.340  0.0000E+00  0.3400E+02
   7.350  0.0000E+00  0.3400E+02
   7.360  0.0000E+00  0.3400E+02
   7.370  0.0000E+00  0.3400E+02
   7.380  0.0000E+00  0.3400E+02
   7.390  0.0000E+00  0.3400E+02
   7.400  0.0000E+00  0.3400E+02
   7.410  0.0000E+00  0.3400E+02
   7.420  0.0000E+00  0.3400E+02
   7.430  0.0000E+00  0.3400E+02
   7.440  0.0000E+00  0.3400E+02
   7.450  0.0000E+00  0.3400E+02
   7.460  0.0000E+00  0.3400E+02
   7.470  0.0000E+00  0.3400E+02
   7.480  0.0000E+00  0.3400E+02
   7.490  0.0000E+00  0.3400E+02
   7.500  0.0000E+00  0.3400E+02
   7.510  0.0000E+00  0.3400E+02
   7.520  0.0000E+00  0.3400E+02
   7.530  0.0000E+00  0.3400E+02
   7.540  0.0000E+00  0.3400E+02
   7.550  0.0000E+00  0.3400E+02
   7.560  0.0000E+00  0.3400E+02
   7.570  0.0000E+00  0.3400E+02
   7.580  0.0000E+00  0.3400E+02
   7.590  0.0000E+00  0.3400E+02
   7.600  0.0000E+00  0.3400E+02
   7.610  0.0000E+00  0.3400E+02
   7.620  0.0000E+00  0.3400E+02
   7.630  0.0000E+00  0.3400E+02
   7.640  0.0000E+00  0.3400E+02
   7.650  0.0000E+00  0.3400E+02
   7.660  0.0000E+00  0.3400E+02
   7.670  0.0000E+00  0.3400E+02
   7.680  0.0000E+00  0.3400E+02
   7.690  0.0000E+00  0.3400E+02
   7.700  0.0000E+00  0.3400E+02
   7.710  0.0000E+00  0.3400E+02
   7.720  0.0000E+00  0.3400E+02
   7.730  0.0000E+00  0.3400E+02
   7.740  0.0000E+00  0.3400E+02
   7.750  0.0000E+00  0.3400E+02
   7.760  0.0000E+00  0.3400E+02
   7.770  0.0000E+00  0.3400E+02
   7.780  0.0000E+00  0.3400E+02
   7.790  0.0000E+00  0.3400E+02
   7.800  0.0000E+00  0.3400E+02
   7.810  0.0000E+00  0.3400E+02
   7.820  0.0000E+00  0.3400E+02
   7.830  0.0000E+00  0.3400E+02
   7.840  0.0000E+00  0.3400E+02
   7.850  0.0000E+00  0.3400E+02
   7.860  0.0000E+00  0.3400E+02
   7.870  0.0000E+00  0.3400E+02
   7.880  0.0000E+00  0.3400E+02
   7.890  0.0000E+00  0.3400E+02
   7.900  0.0000E+00  0.3400E+02
   7.910  0.0000E+00  0.3400E+02
   7.920  0.0000E+00  0.3400E+02
   7.930  0.0000E+00  0.3400E+02
   7.940  0.0000E+00  0.3400E+02
   7.950  0.0000E+00  0.3400E+02
   7.960  0.0000E+00  0.3400E+02
   7.970  0.0000E+00  0.3400E+02
   7.980  0.0000E+00  0.3400E+02
   7.990  0.0000E+00  0.3400E+02
   8.000  0.0000E+00  0.3400E+02
   8.010  0.0000E+00  0.3400E+02
   8.020  0.0000E+00  0.3400E+02
   8.030  0.0000E+00  0.3400E+02
   8.040  0.0000E+00  0.3400E+02
   8.050  0.0000E+00  0.3400E+02
   8.060  0.0000E+00  0.3400E+02
   8.070  0.0000E+00  0.3400E+02
   8.080  0.0000E+00  0.3400E+02
   8.090  0.0000E+00  0.3400E+02
   8.100  0.0000E+00  0.3400E+02
   8.110  0.0000E+00  0.3400E+02
   8.120  0.0000E+00  0.3400E+02
   8.130  0.0000E+00  0.3400E+02
   8.140  0.0000E+00  0.3400E+02
   8.150  0.0000E+00  0.3400E+02
   8.160  0.0000E+00  0.3400E+02
   8.170  0.0000E+00  0.3400E+02
   8.180  0.0000E+00  0.3400E+02
   8.190  0.0000E+00  0.3400E+02
   8.200  0.0000E+00  0.3400E+02
   8.210  0.0000E+00  0.3400E+02
   8.220  0.0000E+00  0.3400E+02
   8.230  0.0000E+00  0.3400E+02
   8.240  0.0000E+00  0.3400E+02
   8.250  0.0000E+00  0.3400E+02
   8.260  0.0000E+00  0.3400E+02
   8.270  0.0000E+00  0.3400E+02
   8.280  0.0000E+00  0.3400E+02
   8.290  0.0000E+00  0.3400E+02
   8.300  0.0000E+00  0.3400E+02
   8.310  0.0000E+00  0.3400E+02
   8.320  0.0000E+00  0.3400E+02
   8.330  0.0000E+00  0.3400E+02
   8.340  0.0000E+00  0.3400E+02
   8.350  0.0000E+00  0.3400E+02
   8.360  0.0000E+00  0.3400E+02
   8.370  0.0000E+00  0.3400E+02
   8.380  0.0000E+00  0.3400E+02
   8.390  0.0000E+00  0.3400E+02
   8.400  0.0000E+00  0.3400E+02
   8.410  0.0000E+00  0.3400E+02
   8.420  0.0000E+00  0.3400E+02
   8.430  0.0000E+00  0.3400E+02
   8.440  0.0000E+00  0.3400E+02
   8.450  0.0000E+00  0.3400E+02
   8.460  0.0000E+00  0.3400E+02
   8.470  0.0000E+00  0.3400E+02
   8.480  0.0000E+00  0.3400E+02
   8.490  0.0000E+00  0.3400E+02
   8.500  0.0000E+00  0.3400E+02
   8.510  0.0000E+00  0.3400E+02
   8.520  0.0000E+00  0.3400E+02
   8.530  0.0000E+00  0.3400E+02
   8.540  0.0000E+00  0.3400E+02
   8.550  0.0000E+00  0.3400E+02
   8.560  0.0000E+00  0.3400E+02
   8.570  0.0000E+00  0.3400E+02
   8.580  0.0000E+00  0.3400E+02
   8.590  0.0000E+00  0.3400E+02
   8.600  0.0000E+00  0.3400E+02
   8.610  0.0000E+00  0.3400E+02
   8.620  0.0000E+00  0.3400E+02
   8.630  0.0000E+00  0.3400E+02
   8.640  0.0000E+00  0.3400E+02
   8.650  0.0000E+00  0.3400E+02
   8.660  0.0000E+00  0.3400E+02
   8.670  0.0000E+00  0.3400E+02
   8.680  0.0000E+00  0.3400E+02
   8.690  0.0000E+00  0.3400E+02
   8.700  0.0000E+00  0.3400E+02
   8.710  0.0000E+00  0.3400E+02
   8.720  0.0000E+00  0.3400E+02
   8.730  0.0000E+00  0.3400E+02
   8.740  0.0000E+00  0.3400E+02
   8.750  0.0000E+00  0.3400E+02
   8.760  0.0000E+00  0.3400E+02
   8.770  0.0000E+00  0.3400E+02
   8.780  0.0000E+00  0.3400E+02
   8.790  0.0000E+00  0.3400E+02
   8.800  0.0000E+00  0.3400E+02
   8.810  0.0000E+00  0.3400E+02
   8.820  0.0000E+00  0.3400E+02
   8.830  0.0000E+00  0.3400E+02
   8.840  0.0000E+00  0.3400E+02
   8.850  0.0000E+00  0.3400E+02
   8.860  0.0000E+00  0.3400E+02
   8.870  0.0000E+00  0.3400E+02
   8.880  0.0000E+00  0.3400E+02
   8.890  0.0000E+00  0.3400E+02
   8.900  0.0000E+00  0.3400E+02
   8.910  0.0000E+00  0.3400E+02
   8.920  0.0000E+00  0.3400E+02
   8.930  0.0000E+00  0.3400E+02
   8.940  0.0000E+00  0.3400E+02
   8.950  0.0000E+00  0.3400E+02
   8.960  0.0000E+00  0.3400E+02
   8.970  0.0000E+00  0.3400E+02
   8.980  0.0000E+00  0.3400E+02
   8.990  0.0000E+00  0.3400E+02
   9.000  0.0000E+00  0.3400E+02
   9.010  0.0000E+00  0.3400E+02
   9.020  0.0000E+00  0.3400E+02
   9.030  0.0000E+00  0.3400E+02
   9.040  0.0000E+00  0.3400E+02
   9.050  0.0000E+00  0.3400E+02
   9.060  0.0000E+00  0.3400E+02
   9.070  0.0000E+00  0.3400E+02
   9.080  0.0000E+00  0.3400E+02
   9.090  0.0000E+00  0.3400E+02
   9.100  0.0000E+00  0.3400E+02
   9.110  0.0000E+00  0.3400E+02
   9.120  0.0000E+00  0.3400E+02
   9.130  0.0000E+00  0.3400E+02
   9.140  0.0000E+00  0.3400E+02
   9.150  0.0000E+00  0.3400E+02
   9.160  0.0000E+00  0.3400E+02
   9.170  0.0000E+00  0.3400E+02
   9.180  0.0000E+00  0.3400E+02
   9.190  0.0000E+00  0.3400E+02
   9.200  0.0000E+00  0.3400E+02
   9.210  0.0000E+00  0.3400E+02
   9.220  0.0000E+00  0.3400E+02
   9.230  0.0000E+00  0.3400E+02
   9.240  0.0000E+00  0.3400E+02
   9.250  0.0000E+00  0.3400E+02
   9.260  0.0000E+00  0.3400E+02
   9.270  0.0000E+00  0.3400E+02
   9.280  0.0000E+00  0.3400E+02
   9.290  0.0000E+00  0.3400E+02
   9.300  0.0000E+00  0.3400E+02
   9.310  0.0000E+00  0.3400E+02
   9.320  0.0000E+00  0.3400E+02
   9.330  0.0000E+00  0.3400E+02
   9.340  0.0000E+00  0.3400E+02
   9.350  0.0000E+00  0.3400E+02
   9.360  0.0000E+00  0.3400E+02
   9.370  0.0000E+00  0.3400E+02
   9.380  0.0000E+00  0.3400E+02
   9.390  0.0000E+00  0.3400E+02
   9.400  0.0000E+00  0.3400E+02
   9.410  0.0000E+00  0.3400E+02
   9.420  0.0000E+00  0.3400E+02
   9.430  0.0000E+00  0.3400E+02
   9.440  0.0000E+00  0.3400E+02
   9.450  0.0000E+00  0.3400E+02
   9.460  0.0000E+00  0.3400E+02
   9.470  0.0000E+00  0.3400E+02
   9.480  0.0000E+00  0.3400E+02
   9.490  0.0000E+00  0.3400E+02
   9.500  0.0000E+00  0.3400E+02
   9.510  0.0000E+00  0.3400E+02
   9.520  0.0000E+00  0.3400E+02
   9.530  0.0000E+00  0.3400E+02
   9.540  0.0000E+00  0.3400E+02
   9.550  0.0000E+00  0.3400E+02
   9.560  0.0000E+00  0.3400E+02
   9.570  0.0000E+00  0.3400E+02
   9.580  0.0000E+00  0.3400E+02
   9.590  0.0000E+00  0.3400E+02
   9.600  0.0000E+00  0.3400E+02
   9.610  0.0000E+00  0.3400E+02
   9.620  0.0000E+00  0.3400E+02
   9.630  0.0000E+00  0.3400E+02
   9.640  0.0000E+00  0.3400E+02
   9.650  0.0000E+00  0.3400E+02
   9.660  0.0000E+00  0.3400E+02
   9.670  0.0000E+00  0.3400E+02
   9.680  0.0000E+00  0.3400E+02
   9.690  0.0000E+00  0.3400E+02
   9.700  0.0000E+00  0.3400E+02
   9.710  0.0000E+00  0.3400E+02
   9.720  0.0000E+00  0.3400E+02
   9.730  0.0000E+00  0.3400E+02
   9.740  0.0000E+00  0.3400E+02
   9.750  0.0000E+00  0.3400E+02
   9.760  0.0000E+00  0.3400E+02
   9.770  0.0000E+00  0.3400E+02
   9.780  0.0000E+00  0.3400E+02
   9.790  0.0000E+00  0.3400E+02
   9.800  0.0000E+00  0.3400E+02
   9.810  0.0000E+00  0.3400E+02
   9.820  0.0000E+00  0.3400E+02
   9.830  0.0000E+00  0.3400E+02
   9.840  0.0000E+00  0.3400E+02
   9.850  0.0000E+00  0.3400E+02
   9.860  0.0000E+00  0.3400E+02
   9.870  0.0000E+00  0.3400E+02
   9.880  0.0000E+00  0.3400E+02
   9.890  0.0000E+00  0.3400E+02
   9.900  0.0000E+00  0.3400E+02
   9.910  0.0000E+00  0.3400E+02
   9.920  0.0000E+00  0.3400E+02
   9.930  0.0000E+00  0.3400E+02
   9.940  0.0000E+00  0.3400E+02
   9.950  0.0000E+00  0.3400E+02
   9.960  0.0000E+00  0.3400E+02
   9.970  0.0000E+00  0.3400E+02
   9.980  0.0000E+00  0.3400E+02
   9.990  0.0000E+00  0.3400E+02
  10.000  0.0000E+00  0.3400E+02
