#  E (eV)   dosup(E)     dosdw(E)   Int dos(E) EFermi =   -2.255 eV
 -10.000  0.0000E+00  0.0000E+00  0.0000E+00
  -9.990  0.0000E+00  0.0000E+00  0.0000E+00
  -9.980  0.0000E+00  0.0000E+00  0.0000E+00
  -9.970  0.0000E+00  0.0000E+00  0.0000E+00
  -9.960  0.0000E+00  0.0000E+00  0.0000E+00
  -9.950  0.0000E+00  0.0000E+00  0.0000E+00
  -9.940  0.0000E+00  0.0000E+00  0.0000E+00
  -9.930  0.0000E+00  0.0000E+00  0.0000E+00
  -9.920  0.0000E+00  0.0000E+00  0.0000E+00
  -9.910  0.0000E+00  0.0000E+00  0.0000E+00
  -9.900  0.0000E+00  0.0000E+00  0.0000E+00
  -9.890  0.0000E+00  0.0000E+00  0.0000E+00
  -9.880  0.0000E+00  0.0000E+00  0.0000E+00
  -9.870  0.0000E+00  0.0000E+00  0.0000E+00
  -9.860  0.0000E+00  0.0000E+00  0.0000E+00
  -9.850  0.0000E+00  0.0000E+00  0.0000E+00
  -9.840  0.0000E+00  0.0000E+00  0.0000E+00
  -9.830  0.0000E+00  0.0000E+00  0.0000E+00
  -9.820  0.0000E+00  0.0000E+00  0.0000E+00
  -9.810  0.0000E+00  0.0000E+00  0.0000E+00
  -9.800  0.0000E+00  0.0000E+00  0.0000E+00
  -9.790  0.0000E+00  0.0000E+00  0.0000E+00
  -9.780  0.0000E+00  0.0000E+00  0.0000E+00
  -9.770  0.0000E+00  0.0000E+00  0.0000E+00
  -9.760  0.0000E+00  0.0000E+00  0.0000E+00
  -9.750  0.0000E+00  0.0000E+00  0.0000E+00
  -9.740  0.0000E+00  0.0000E+00  0.0000E+00
  -9.730  0.0000E+00  0.0000E+00  0.0000E+00
  -9.720  0.0000E+00  0.0000E+00  0.0000E+00
  -9.710  0.0000E+00  0.0000E+00  0.0000E+00
  -9.700  0.0000E+00  0.0000E+00  0.0000E+00
  -9.690  0.0000E+00  0.0000E+00  0.0000E+00
  -9.680  0.0000E+00  0.0000E+00  0.0000E+00
  -9.670  0.0000E+00  0.0000E+00  0.0000E+00
  -9.660  0.0000E+00  0.0000E+00  0.0000E+00
  -9.650  0.0000E+00  0.0000E+00  0.0000E+00
  -9.640  0.0000E+00  0.0000E+00  0.0000E+00
  -9.630  0.0000E+00  0.0000E+00  0.0000E+00
  -9.620  0.0000E+00  0.0000E+00  0.0000E+00
  -9.610  0.0000E+00  0.0000E+00  0.0000E+00
  -9.600  0.0000E+00  0.0000E+00  0.0000E+00
  -9.590  0.0000E+00  0.0000E+00  0.0000E+00
  -9.580  0.0000E+00  0.0000E+00  0.0000E+00
  -9.570  0.0000E+00  0.0000E+00  0.0000E+00
  -9.560  0.0000E+00  0.0000E+00  0.0000E+00
  -9.550  0.0000E+00  0.0000E+00  0.0000E+00
  -9.540  0.0000E+00  0.0000E+00  0.0000E+00
  -9.530  0.0000E+00  0.0000E+00  0.0000E+00
  -9.520  0.0000E+00  0.0000E+00  0.0000E+00
  -9.510  0.0000E+00  0.0000E+00  0.0000E+00
  -9.500  0.0000E+00  0.0000E+00  0.0000E+00
  -9.490  0.0000E+00  0.0000E+00  0.0000E+00
  -9.480  0.0000E+00  0.0000E+00  0.0000E+00
  -9.470  0.0000E+00  0.0000E+00  0.0000E+00
  -9.460  0.0000E+00  0.0000E+00  0.0000E+00
  -9.450  0.0000E+00  0.0000E+00  0.0000E+00
  -9.440  0.0000E+00  0.0000E+00  0.0000E+00
  -9.430  0.0000E+00  0.0000E+00  0.0000E+00
  -9.420  0.0000E+00  0.0000E+00  0.0000E+00
  -9.410  0.0000E+00  0.0000E+00  0.0000E+00
  -9.400  0.0000E+00  0.0000E+00  0.0000E+00
  -9.390  0.0000E+00  0.0000E+00  0.0000E+00
  -9.380  0.0000E+00  0.0000E+00  0.0000E+00
  -9.370  0.0000E+00  0.0000E+00  0.0000E+00
  -9.360  0.0000E+00  0.0000E+00  0.0000E+00
  -9.350  0.0000E+00  0.0000E+00  0.0000E+00
  -9.340  0.0000E+00  0.0000E+00  0.0000E+00
  -9.330  0.0000E+00  0.0000E+00  0.0000E+00
  -9.320  0.0000E+00  0.0000E+00  0.0000E+00
  -9.310  0.0000E+00  0.0000E+00  0.0000E+00
  -9.300  0.0000E+00  0.0000E+00  0.0000E+00
  -9.290  0.0000E+00  0.0000E+00  0.0000E+00
  -9.280  0.0000E+00  0.0000E+00  0.0000E+00
  -9.270  0.0000E+00  0.0000E+00  0.0000E+00
  -9.260  0.0000E+00  0.0000E+00  0.0000E+00
  -9.250  0.0000E+00  0.0000E+00  0.0000E+00
  -9.240  0.0000E+00  0.0000E+00  0.0000E+00
  -9.230  0.0000E+00  0.0000E+00  0.0000E+00
  -9.220  0.0000E+00  0.0000E+00  0.0000E+00
  -9.210  0.0000E+00  0.0000E+00  0.0000E+00
  -9.200  0.0000E+00  0.0000E+00  0.0000E+00
  -9.190  0.0000E+00  0.0000E+00  0.0000E+00
  -9.180  0.0000E+00  0.0000E+00  0.0000E+00
  -9.170  0.0000E+00  0.0000E+00  0.0000E+00
  -9.160  0.0000E+00  0.0000E+00  0.0000E+00
  -9.150  0.0000E+00  0.0000E+00  0.0000E+00
  -9.140  0.0000E+00  0.0000E+00  0.0000E+00
  -9.130  0.0000E+00  0.0000E+00  0.0000E+00
  -9.120  0.0000E+00  0.0000E+00  0.0000E+00
  -9.110  0.0000E+00  0.0000E+00  0.0000E+00
  -9.100  0.0000E+00  0.0000E+00  0.0000E+00
  -9.090  0.0000E+00  0.0000E+00  0.0000E+00
  -9.080  0.0000E+00  0.0000E+00  0.0000E+00
  -9.070  0.0000E+00  0.0000E+00  0.0000E+00
  -9.060  0.0000E+00  0.0000E+00  0.0000E+00
  -9.050  0.0000E+00  0.0000E+00  0.0000E+00
  -9.040  0.0000E+00  0.0000E+00  0.0000E+00
  -9.030  0.0000E+00  0.0000E+00  0.0000E+00
  -9.020  0.0000E+00  0.0000E+00  0.0000E+00
  -9.010  0.0000E+00  0.0000E+00  0.0000E+00
  -9.000  0.0000E+00  0.0000E+00  0.0000E+00
  -8.990  0.0000E+00  0.0000E+00  0.0000E+00
  -8.980  0.0000E+00  0.0000E+00  0.0000E+00
  -8.970  0.0000E+00  0.0000E+00  0.0000E+00
  -8.960  0.0000E+00  0.0000E+00  0.0000E+00
  -8.950  0.0000E+00  0.0000E+00  0.0000E+00
  -8.940  0.0000E+00  0.0000E+00  0.0000E+00
  -8.930  0.0000E+00  0.0000E+00  0.0000E+00
  -8.920  0.0000E+00  0.0000E+00  0.0000E+00
  -8.910  0.0000E+00  0.0000E+00  0.0000E+00
  -8.900  0.0000E+00  0.0000E+00  0.0000E+00
  -8.890  0.0000E+00  0.0000E+00  0.0000E+00
  -8.880  0.0000E+00  0.0000E+00  0.0000E+00
  -8.870  0.0000E+00  0.0000E+00  0.0000E+00
  -8.860  0.0000E+00  0.0000E+00  0.0000E+00
  -8.850  0.0000E+00  0.0000E+00  0.0000E+00
  -8.840  0.0000E+00  0.0000E+00  0.0000E+00
  -8.830  0.0000E+00  0.0000E+00  0.0000E+00
  -8.820  0.0000E+00  0.0000E+00  0.0000E+00
  -8.810  0.0000E+00  0.0000E+00  0.0000E+00
  -8.800  0.0000E+00  0.0000E+00  0.0000E+00
  -8.790  0.0000E+00  0.0000E+00  0.0000E+00
  -8.780  0.0000E+00  0.0000E+00  0.0000E+00
  -8.770  0.0000E+00  0.0000E+00  0.0000E+00
  -8.760  0.0000E+00  0.0000E+00  0.0000E+00
  -8.750  0.0000E+00  0.0000E+00  0.0000E+00
  -8.740  0.0000E+00  0.0000E+00  0.0000E+00
  -8.730  0.0000E+00  0.0000E+00  0.0000E+00
  -8.720  0.0000E+00  0.0000E+00  0.0000E+00
  -8.710  0.0000E+00  0.0000E+00  0.0000E+00
  -8.700  0.0000E+00  0.0000E+00  0.0000E+00
  -8.690  0.0000E+00  0.0000E+00  0.0000E+00
  -8.680  0.0000E+00  0.0000E+00  0.0000E+00
  -8.670  0.0000E+00  0.0000E+00  0.0000E+00
  -8.660  0.0000E+00  0.0000E+00  0.0000E+00
  -8.650  0.0000E+00  0.0000E+00  0.0000E+00
  -8.640  0.0000E+00  0.0000E+00  0.0000E+00
  -8.630  0.0000E+00  0.0000E+00  0.0000E+00
  -8.620  0.0000E+00  0.0000E+00  0.0000E+00
  -8.610  0.0000E+00  0.0000E+00  0.0000E+00
  -8.600  0.0000E+00  0.0000E+00  0.0000E+00
  -8.590  0.0000E+00  0.0000E+00  0.0000E+00
  -8.580  0.0000E+00  0.0000E+00  0.0000E+00
  -8.570  0.0000E+00  0.0000E+00  0.0000E+00
  -8.560  0.0000E+00  0.0000E+00  0.0000E+00
  -8.550  0.0000E+00  0.0000E+00  0.0000E+00
  -8.540  0.0000E+00  0.0000E+00  0.0000E+00
  -8.530  0.0000E+00  0.0000E+00  0.0000E+00
  -8.520  0.0000E+00  0.0000E+00  0.0000E+00
  -8.510  0.0000E+00  0.0000E+00  0.0000E+00
  -8.500  0.0000E+00  0.0000E+00  0.0000E+00
  -8.490  0.0000E+00  0.0000E+00  0.0000E+00
  -8.480  0.0000E+00  0.0000E+00  0.0000E+00
  -8.470  0.0000E+00  0.0000E+00  0.0000E+00
  -8.460  0.0000E+00  0.0000E+00  0.0000E+00
  -8.450  0.0000E+00  0.0000E+00  0.0000E+00
  -8.440  0.0000E+00  0.0000E+00  0.0000E+00
  -8.430  0.0000E+00  0.0000E+00  0.0000E+00
  -8.420  0.0000E+00  0.0000E+00  0.0000E+00
  -8.410  0.0000E+00  0.0000E+00  0.0000E+00
  -8.400  0.0000E+00  0.0000E+00  0.0000E+00
  -8.390  0.0000E+00  0.0000E+00  0.0000E+00
  -8.380  0.0000E+00  0.0000E+00  0.0000E+00
  -8.370  0.0000E+00  0.0000E+00  0.0000E+00
  -8.360  0.0000E+00  0.0000E+00  0.0000E+00
  -8.350  0.0000E+00  0.0000E+00  0.0000E+00
  -8.340  0.0000E+00  0.0000E+00  0.0000E+00
  -8.330  0.0000E+00  0.0000E+00  0.0000E+00
  -8.320  0.4806E-01  0.0000E+00  0.1379E-03
  -8.310  0.7859E-01  0.0000E+00  0.1130E-02
  -8.300  0.9403E-01  0.0000E+00  0.1993E-02
  -8.290  0.1106E+00  0.0000E+00  0.3069E-02
  -8.280  0.8567E-01  0.0000E+00  0.3988E-02
  -8.270  0.9399E-01  0.0000E+00  0.4887E-02
  -8.260  0.1023E+00  0.0000E+00  0.5868E-02
  -8.250  0.9882E-01  0.0000E+00  0.6909E-02
  -8.240  0.9380E-01  0.0000E+00  0.7872E-02
  -8.230  0.9032E-01  0.0000E+00  0.8786E-02
  -8.220  0.9560E-01  0.0000E+00  0.9716E-02
  -8.210  0.1009E+00  0.0000E+00  0.1070E-01
  -8.200  0.1056E+00  0.0000E+00  0.1173E-01
  -8.190  0.9115E-01  0.0000E+00  0.1272E-01
  -8.180  0.9519E-01  0.0000E+00  0.1367E-01
  -8.170  0.9484E-01  0.0000E+00  0.1462E-01
  -8.160  0.9449E-01  0.0000E+00  0.1557E-01
  -8.150  0.9774E-01  0.0000E+00  0.1653E-01
  -8.140  0.1015E+00  0.0000E+00  0.1752E-01
  -8.130  0.1052E+00  0.0000E+00  0.1856E-01
  -8.120  0.9744E-01  0.1181E-01  0.1957E-01
  -8.110  0.9401E-01  0.7036E-01  0.2131E-01
  -8.100  0.9633E-01  0.8522E-01  0.2304E-01
  -8.090  0.9695E-01  0.1001E+00  0.2493E-01
  -8.080  0.9757E-01  0.8670E-01  0.2697E-01
  -8.070  0.9819E-01  0.8789E-01  0.2879E-01
  -8.060  0.1002E+00  0.9587E-01  0.3070E-01
  -8.050  0.1030E+00  0.1039E+00  0.3272E-01
  -8.040  0.1011E+00  0.9473E-01  0.3474E-01
  -8.030  0.9826E-01  0.8990E-01  0.3666E-01
  -8.020  0.9726E-01  0.9036E-01  0.3852E-01
  -8.010  0.9627E-01  0.9540E-01  0.4042E-01
  -8.000  0.9817E-01  0.1004E+00  0.4237E-01
  -7.990  0.9901E-01  0.9889E-01  0.4437E-01
  -7.980  0.9986E-01  0.9327E-01  0.4630E-01
  -7.970  0.1007E+00  0.9291E-01  0.4824E-01
  -7.960  0.1015E+00  0.9255E-01  0.5018E-01
  -7.950  0.1031E+00  0.9262E-01  0.5212E-01
  -7.940  0.1010E+00  0.9615E-01  0.5409E-01
  -7.930  0.1001E+00  0.9967E-01  0.5608E-01
  -7.920  0.9947E-01  0.1032E+00  0.5809E-01
  -7.910  0.9929E-01  0.9458E-01  0.6005E-01
  -7.900  0.9912E-01  0.9127E-01  0.6197E-01
  -7.890  0.9894E-01  0.9386E-01  0.6389E-01
  -7.880  0.1007E+00  0.9443E-01  0.6583E-01
  -7.870  0.1016E+00  0.9499E-01  0.6779E-01
  -7.860  0.1025E+00  0.9556E-01  0.6976E-01
  -7.850  0.1033E+00  0.9742E-01  0.7175E-01
  -7.840  0.1042E+00  0.1001E+00  0.7378E-01
  -7.830  0.1032E+00  0.9871E-01  0.7582E-01
  -7.820  0.1012E+00  0.9552E-01  0.7781E-01
  -7.810  0.1013E+00  0.9455E-01  0.7977E-01
  -7.800  0.1014E+00  0.9359E-01  0.8172E-01
  -7.790  0.1015E+00  0.9502E-01  0.8368E-01
  -7.780  0.1017E+00  0.9580E-01  0.8565E-01
  -7.770  0.1019E+00  0.9657E-01  0.8763E-01
  -7.760  0.1020E+00  0.9734E-01  0.8962E-01
  -7.750  0.1022E+00  0.9811E-01  0.9161E-01
  -7.740  0.1040E+00  0.9905E-01  0.9363E-01
  -7.730  0.1048E+00  0.9808E-01  0.9567E-01
  -7.720  0.1057E+00  0.9711E-01  0.9770E-01
  -7.710  0.1066E+00  0.9614E-01  0.9973E-01
  -7.700  0.1045E+00  0.9594E-01  0.1017E+00
  -7.690  0.1035E+00  0.9575E-01  0.1037E+00
  -7.680  0.1029E+00  0.9556E-01  0.1057E+00
  -7.670  0.1033E+00  0.9537E-01  0.1077E+00
  -7.660  0.1038E+00  0.9736E-01  0.1097E+00
  -7.650  0.1043E+00  0.9815E-01  0.1117E+00
  -7.640  0.1046E+00  0.9894E-01  0.1138E+00
  -7.630  0.1049E+00  0.9973E-01  0.1158E+00
  -7.620  0.1053E+00  0.1005E+00  0.1179E+00
  -7.610  0.1056E+00  0.9844E-01  0.1199E+00
  -7.600  0.1059E+00  0.9720E-01  0.1219E+00
  -7.590  0.1074E+00  0.9722E-01  0.1240E+00
  -7.580  0.1082E+00  0.9725E-01  0.1260E+00
  -7.570  0.1089E+00  0.9732E-01  0.1281E+00
  -7.560  0.1070E+00  0.9744E-01  0.1301E+00
  -7.550  0.1067E+00  0.9756E-01  0.1322E+00
  -7.540  0.1064E+00  0.9768E-01  0.1342E+00
  -7.530  0.1063E+00  0.9780E-01  0.1363E+00
  -7.520  0.1062E+00  0.9927E-01  0.1383E+00
  -7.510  0.1068E+00  0.1000E+00  0.1404E+00
  -7.500  0.1074E+00  0.1008E+00  0.1425E+00
  -7.490  0.1081E+00  0.1015E+00  0.1445E+00
  -7.480  0.1085E+00  0.9999E-01  0.1466E+00
  -7.470  0.1089E+00  0.9894E-01  0.1487E+00
  -7.460  0.1093E+00  0.9811E-01  0.1508E+00
  -7.450  0.1098E+00  0.9803E-01  0.1529E+00
  -7.440  0.1102E+00  0.9838E-01  0.1550E+00
  -7.430  0.1106E+00  0.9874E-01  0.1570E+00
  -7.420  0.1122E+00  0.9907E-01  0.1592E+00
  -7.410  0.1107E+00  0.9932E-01  0.1613E+00
  -7.400  0.1104E+00  0.9958E-01  0.1634E+00
  -7.390  0.1105E+00  0.9984E-01  0.1655E+00
  -7.380  0.1105E+00  0.1001E+00  0.1676E+00
  -7.370  0.1106E+00  0.1003E+00  0.1697E+00
  -7.360  0.1107E+00  0.1016E+00  0.1718E+00
  -7.350  0.1108E+00  0.1023E+00  0.1739E+00
  -7.340  0.1114E+00  0.1027E+00  0.1760E+00
  -7.330  0.1122E+00  0.1008E+00  0.1782E+00
  -7.320  0.1130E+00  0.1005E+00  0.1803E+00
  -7.310  0.1135E+00  0.1002E+00  0.1824E+00
  -7.300  0.1140E+00  0.9987E-01  0.1846E+00
  -7.290  0.1145E+00  0.9978E-01  0.1867E+00
  -7.280  0.1150E+00  0.9989E-01  0.1889E+00
  -7.270  0.1155E+00  0.1004E+00  0.1910E+00
  -7.260  0.1153E+00  0.1009E+00  0.1932E+00
  -7.250  0.1153E+00  0.1013E+00  0.1953E+00
  -7.240  0.1154E+00  0.1016E+00  0.1975E+00
  -7.230  0.1155E+00  0.1020E+00  0.1997E+00
  -7.220  0.1158E+00  0.1023E+00  0.2019E+00
  -7.210  0.1160E+00  0.1026E+00  0.2040E+00
  -7.200  0.1163E+00  0.1029E+00  0.2062E+00
  -7.190  0.1166E+00  0.1032E+00  0.2084E+00
  -7.180  0.1168E+00  0.1032E+00  0.2106E+00
  -7.170  0.1171E+00  0.1027E+00  0.2128E+00
  -7.160  0.1179E+00  0.1022E+00  0.2150E+00
  -7.150  0.1188E+00  0.1022E+00  0.2172E+00
  -7.140  0.1198E+00  0.1022E+00  0.2195E+00
  -7.130  0.1204E+00  0.1021E+00  0.2217E+00
  -7.120  0.1209E+00  0.1021E+00  0.2239E+00
  -7.110  0.1215E+00  0.1022E+00  0.2261E+00
  -7.100  0.1221E+00  0.1023E+00  0.2284E+00
  -7.090  0.1216E+00  0.1027E+00  0.2306E+00
  -7.080  0.1212E+00  0.1032E+00  0.2329E+00
  -7.070  0.1223E+00  0.1038E+00  0.2351E+00
  -7.060  0.1227E+00  0.1042E+00  0.2374E+00
  -7.050  0.1231E+00  0.1045E+00  0.2396E+00
  -7.040  0.1235E+00  0.1049E+00  0.2419E+00
  -7.030  0.1240E+00  0.1053E+00  0.2442E+00
  -7.020  0.1245E+00  0.1056E+00  0.2465E+00
  -7.010  0.1249E+00  0.1052E+00  0.2488E+00
  -7.000  0.1253E+00  0.1042E+00  0.2511E+00
  -6.990  0.1257E+00  0.1045E+00  0.2534E+00
  -6.980  0.1267E+00  0.1044E+00  0.2557E+00
  -6.970  0.1278E+00  0.1045E+00  0.2580E+00
  -6.960  0.1290E+00  0.1046E+00  0.2604E+00
  -6.950  0.1298E+00  0.1047E+00  0.2627E+00
  -6.940  0.1305E+00  0.1049E+00  0.2651E+00
  -6.930  0.1312E+00  0.1050E+00  0.2674E+00
  -6.920  0.1316E+00  0.1051E+00  0.2698E+00
  -6.910  0.1313E+00  0.1053E+00  0.2721E+00
  -6.900  0.1314E+00  0.1054E+00  0.2745E+00
  -6.890  0.1330E+00  0.1059E+00  0.2769E+00
  -6.880  0.1337E+00  0.1065E+00  0.2793E+00
  -6.870  0.1344E+00  0.1071E+00  0.2817E+00
  -6.860  0.1352E+00  0.1075E+00  0.2841E+00
  -6.850  0.1359E+00  0.1079E+00  0.2865E+00
  -6.840  0.1366E+00  0.1083E+00  0.2890E+00
  -6.830  0.1373E+00  0.1087E+00  0.2914E+00
  -6.820  0.1378E+00  0.1074E+00  0.2939E+00
  -6.810  0.1387E+00  0.1070E+00  0.2963E+00
  -6.800  0.1403E+00  0.1068E+00  0.2988E+00
  -6.790  0.1419E+00  0.1067E+00  0.3013E+00
  -6.780  0.1432E+00  0.1074E+00  0.3038E+00
  -6.770  0.1442E+00  0.1076E+00  0.3063E+00
  -6.760  0.1451E+00  0.1078E+00  0.3088E+00
  -6.750  0.1461E+00  0.1080E+00  0.3113E+00
  -6.740  0.1466E+00  0.1083E+00  0.3139E+00
  -6.730  0.1469E+00  0.1085E+00  0.3164E+00
  -6.720  0.1496E+00  0.1087E+00  0.3190E+00
  -6.710  0.1508E+00  0.1089E+00  0.3216E+00
  -6.700  0.1520E+00  0.1091E+00  0.3242E+00
  -6.690  0.1532E+00  0.1093E+00  0.3268E+00
  -6.680  0.1544E+00  0.1097E+00  0.3295E+00
  -6.670  0.1555E+00  0.1104E+00  0.3321E+00
  -6.660  0.1565E+00  0.1110E+00  0.3348E+00
  -6.650  0.1583E+00  0.1115E+00  0.3375E+00
  -6.640  0.1607E+00  0.1119E+00  0.3402E+00
  -6.630  0.1631E+00  0.1110E+00  0.3429E+00
  -6.620  0.1650E+00  0.1109E+00  0.3457E+00
  -6.610  0.1664E+00  0.1107E+00  0.3484E+00
  -6.600  0.1678E+00  0.1107E+00  0.3512E+00
  -6.590  0.1692E+00  0.1107E+00  0.3540E+00
  -6.580  0.1707E+00  0.1107E+00  0.3568E+00
  -6.570  0.1759E+00  0.1108E+00  0.3596E+00
  -6.560  0.1782E+00  0.1117E+00  0.3625E+00
  -6.550  0.1805E+00  0.1120E+00  0.3654E+00
  -6.540  0.1829E+00  0.1123E+00  0.3684E+00
  -6.530  0.1852E+00  0.1126E+00  0.3713E+00
  -6.520  0.1883E+00  0.1129E+00  0.3743E+00
  -6.510  0.1929E+00  0.1132E+00  0.3774E+00
  -6.500  0.7967E+00  0.1135E+00  0.3816E+00
  -6.490  0.8028E+00  0.1137E+00  0.3916E+00
  -6.480  0.8760E+00  0.1140E+00  0.4017E+00
  -6.470  0.8583E+00  0.1142E+00  0.4114E+00
  -6.460  0.8866E+00  0.1148E+00  0.4216E+00
  -6.450  0.9207E+00  0.1155E+00  0.4318E+00
  -6.440  0.8916E+00  0.1162E+00  0.4422E+00
  -6.430  0.9313E+00  0.1157E+00  0.4525E+00
  -6.420  0.9677E+00  0.1155E+00  0.4633E+00
  -6.410  0.9621E+00  0.1156E+00  0.4740E+00
  -6.400  0.9898E+00  0.1157E+00  0.4849E+00
  -6.390  0.9990E+00  0.1157E+00  0.4962E+00
  -6.380  0.1051E+01  0.1159E+00  0.5075E+00
  -6.370  0.1122E+01  0.1160E+00  0.5195E+00
  -6.360  0.1104E+01  0.1161E+00  0.5316E+00
  -6.350  0.1152E+01  0.1163E+00  0.5441E+00
  -6.340  0.1210E+01  0.1173E+00  0.5573E+00
  -6.330  0.1379E+01  0.1177E+00  0.5712E+00
  -6.320  0.1683E+01  0.1181E+00  0.5878E+00
  -6.310  0.1406E+01  0.1185E+00  0.6055E+00
  -6.300  0.1242E+01  0.1189E+00  0.6199E+00
  -6.290  0.1118E+01  0.1193E+00  0.6328E+00
  -6.280  0.1051E+01  0.1196E+00  0.6448E+00
  -6.270  0.9916E+00  0.1199E+00  0.6562E+00
  -6.260  0.9501E+00  0.1202E+00  0.6671E+00
  -6.250  0.9136E+00  0.1205E+00  0.6777E+00
  -6.240  0.8797E+00  0.1211E+00  0.6878E+00
  -6.230  0.8515E+00  0.1219E+00  0.6977E+00
  -6.220  0.8238E+00  0.1218E+00  0.7073E+00
  -6.210  0.8010E+00  0.1220E+00  0.7166E+00
  -6.200  0.7774E+00  0.1221E+00  0.7257E+00
  -6.190  0.7570E+00  0.1223E+00  0.7346E+00
  -6.180  0.7420E+00  0.1226E+00  0.7433E+00
  -6.170  0.7273E+00  0.1228E+00  0.7519E+00
  -6.160  0.7145E+00  0.1230E+00  0.7604E+00
  -6.150  0.6974E+00  0.1232E+00  0.7687E+00
  -6.140  0.6783E+00  0.1235E+00  0.7768E+00
  -6.130  0.6671E+00  0.1237E+00  0.7847E+00
  -6.120  0.6560E+00  0.1250E+00  0.7926E+00
  -6.110  0.6456E+00  0.1255E+00  0.8003E+00
  -6.100  0.6363E+00  0.1260E+00  0.8080E+00
  -6.090  0.6238E+00  0.1265E+00  0.8156E+00
  -6.080  0.6147E+00  0.1270E+00  0.8230E+00
  -6.070  0.6094E+00  0.1275E+00  0.8304E+00
  -6.060  0.6016E+00  0.1279E+00  0.8378E+00
  -6.050  0.5913E+00  0.1283E+00  0.8450E+00
  -6.040  0.5824E+00  0.1287E+00  0.8521E+00
  -6.030  0.5754E+00  0.1291E+00  0.8592E+00
  -6.020  0.5662E+00  0.1300E+00  0.8662E+00
  -6.010  0.5585E+00  0.1306E+00  0.8732E+00
  -6.000  0.5533E+00  0.1311E+00  0.8800E+00
  -5.990  0.5483E+00  0.1315E+00  0.8868E+00
  -5.980  0.5435E+00  0.1318E+00  0.8936E+00
  -5.970  0.5396E+00  0.1322E+00  0.9003E+00
  -5.960  0.5295E+00  0.1325E+00  0.9070E+00
  -5.950  0.5211E+00  0.1329E+00  0.9136E+00
  -5.940  0.5142E+00  0.1333E+00  0.9201E+00
  -5.930  0.5101E+00  0.1337E+00  0.9266E+00
  -5.920  0.5062E+00  0.1341E+00  0.9330E+00
  -5.910  0.5026E+00  0.1357E+00  0.9394E+00
  -5.900  0.4990E+00  0.1364E+00  0.9457E+00
  -5.890  0.4962E+00  0.1371E+00  0.9521E+00
  -5.880  0.4879E+00  0.1378E+00  0.9584E+00
  -5.870  0.4888E+00  0.1385E+00  0.9646E+00
  -5.860  0.4856E+00  0.1391E+00  0.9709E+00
  -5.850  0.4799E+00  0.1398E+00  0.9771E+00
  -5.840  0.4748E+00  0.1403E+00  0.9833E+00
  -5.830  0.4698E+00  0.1408E+00  0.9894E+00
  -5.820  0.4650E+00  0.1416E+00  0.9955E+00
  -5.810  0.4609E+00  0.1429E+00  0.1002E+01
  -5.800  0.4570E+00  0.1443E+00  0.1008E+01
  -5.790  0.4532E+00  0.1454E+00  0.1014E+01
  -5.780  0.4513E+00  0.1458E+00  0.1020E+01
  -5.770  0.4510E+00  0.1463E+00  0.1026E+01
  -5.760  0.4497E+00  0.1469E+00  0.1032E+01
  -5.750  0.4483E+00  0.1475E+00  0.1037E+01
  -5.740  0.4459E+00  0.1482E+00  0.1043E+01
  -5.730  0.4404E+00  0.1488E+00  0.1049E+01
  -5.720  0.4356E+00  0.1494E+00  0.1055E+01
  -5.710  0.4381E+00  0.1521E+00  0.1061E+01
  -5.700  0.4351E+00  0.1532E+00  0.1067E+01
  -5.690  0.4324E+00  0.1542E+00  0.1073E+01
  -5.680  0.4302E+00  0.1552E+00  0.1079E+01
  -5.670  0.4283E+00  0.1562E+00  0.1085E+01
  -5.660  0.4264E+00  0.1573E+00  0.1090E+01
  -5.650  0.1308E+01  0.1581E+00  0.1100E+01
  -5.640  0.1427E+01  0.1589E+00  0.1116E+01
  -5.630  0.1408E+01  0.1609E+00  0.1133E+01
  -5.620  0.1510E+01  0.1629E+00  0.1149E+01
  -5.610  0.1474E+01  0.1649E+00  0.1166E+01
  -5.600  0.1532E+01  0.1663E+00  0.1182E+01
  -5.590  0.1494E+01  0.1675E+00  0.1199E+01
  -5.580  0.1539E+01  0.1687E+00  0.1216E+01
  -5.570  0.1523E+01  0.1699E+00  0.1233E+01
  -5.560  0.1543E+01  0.1709E+00  0.1250E+01
  -5.550  0.1581E+01  0.1746E+00  0.1267E+01
  -5.540  0.1564E+01  0.1766E+00  0.1285E+01
  -5.530  0.1595E+01  0.1786E+00  0.1302E+01
  -5.520  0.1626E+01  0.1805E+00  0.1320E+01
  -5.510  0.1608E+01  0.1824E+00  0.1338E+01
  -5.500  0.1659E+01  0.1841E+00  0.1356E+01
  -5.490  0.1712E+01  0.1859E+00  0.1375E+01
  -5.480  0.1737E+01  0.1889E+00  0.1394E+01
  -5.470  0.1750E+01  0.1922E+00  0.1413E+01
  -5.460  0.1816E+01  0.1956E+00  0.1433E+01
  -5.450  0.1879E+01  0.1982E+00  0.1454E+01
  -5.440  0.1947E+01  0.2002E+00  0.1475E+01
  -5.430  0.2055E+01  0.2021E+00  0.1497E+01
  -5.420  0.1925E+01  0.2041E+00  0.1519E+01
  -5.410  0.1812E+01  0.2113E+00  0.1540E+01
  -5.400  0.1810E+01  0.2145E+00  0.1560E+01
  -5.390  0.1801E+01  0.2176E+00  0.1581E+01
  -5.380  0.1820E+01  0.2208E+00  0.1601E+01
  -5.370  0.1857E+01  0.2246E+00  0.1621E+01
  -5.360  0.1915E+01  0.2316E+00  0.1643E+01
  -5.350  0.1994E+01  0.2435E+00  0.1665E+01
  -5.340  0.2132E+01  0.2513E+00  0.1688E+01
  -5.330  0.2379E+01  0.2551E+00  0.1713E+01
  -5.320  0.3055E+01  0.2587E+00  0.1741E+01
  -5.310  0.2606E+01  0.2733E+00  0.1775E+01
  -5.300  0.2322E+01  0.2788E+00  0.1802E+01
  -5.290  0.2144E+01  0.2853E+00  0.1827E+01
  -5.280  0.1991E+01  0.2991E+00  0.1851E+01
  -5.270  0.1811E+01  0.3129E+00  0.1873E+01
  -5.260  0.1642E+01  0.3267E+00  0.1893E+01
  -5.250  0.1510E+01  0.3702E+00  0.1912E+01
  -5.240  0.1487E+01  0.1007E+01  0.1932E+01
  -5.230  0.1378E+01  0.1218E+01  0.1959E+01
  -5.220  0.1377E+01  0.1517E+01  0.1986E+01
  -5.210  0.1368E+01  0.1899E+01  0.2015E+01
  -5.200  0.1372E+01  0.1834E+01  0.2048E+01
  -5.190  0.1284E+01  0.1399E+01  0.2077E+01
  -5.180  0.1262E+01  0.1169E+01  0.2103E+01
  -5.170  0.1384E+01  0.1051E+01  0.2127E+01
  -5.160  0.1250E+01  0.9797E+00  0.2150E+01
  -5.150  0.1206E+01  0.9260E+00  0.2172E+01
  -5.140  0.1182E+01  0.8529E+00  0.2193E+01
  -5.130  0.1211E+01  0.8160E+00  0.2213E+01
  -5.120  0.1184E+01  0.7797E+00  0.2233E+01
  -5.110  0.1120E+01  0.7556E+00  0.2253E+01
  -5.100  0.1125E+01  0.7328E+00  0.2271E+01
  -5.090  0.1155E+01  0.7025E+00  0.2290E+01
  -5.080  0.1584E+01  0.6753E+00  0.2311E+01
  -5.070  0.1461E+01  0.6539E+00  0.2332E+01
  -5.060  0.1405E+01  0.6397E+00  0.2353E+01
  -5.050  0.1417E+01  0.6267E+00  0.2373E+01
  -5.040  0.1455E+01  0.6144E+00  0.2394E+01
  -5.030  0.1425E+01  0.5992E+00  0.2415E+01
  -5.020  0.1396E+01  0.5801E+00  0.2435E+01
  -5.010  0.1430E+01  0.5657E+00  0.2455E+01
  -5.000  0.1440E+01  0.5562E+00  0.2475E+01
  -4.990  0.1493E+01  0.5478E+00  0.2496E+01
  -4.980  0.1463E+01  0.5395E+00  0.2516E+01
  -4.970  0.1415E+01  0.5317E+00  0.2535E+01
  -4.960  0.1443E+01  0.5232E+00  0.2555E+01
  -4.950  0.1501E+01  0.5121E+00  0.2575E+01
  -4.940  0.1567E+01  0.5005E+00  0.2595E+01
  -4.930  0.1603E+01  0.4933E+00  0.2616E+01
  -4.920  0.1596E+01  0.4871E+00  0.2637E+01
  -4.910  0.1702E+01  0.4815E+00  0.2658E+01
  -4.900  0.1903E+01  0.4769E+00  0.2682E+01
  -4.890  0.2134E+01  0.4713E+00  0.2707E+01
  -4.880  0.3067E+01  0.4648E+00  0.2735E+01
  -4.870  0.2414E+01  0.4584E+00  0.2765E+01
  -4.860  0.2095E+01  0.4493E+00  0.2793E+01
  -4.850  0.1528E+01  0.4431E+00  0.2815E+01
  -4.840  0.1150E+01  0.4378E+00  0.2832E+01
  -4.830  0.1014E+01  0.4332E+00  0.2847E+01
  -4.820  0.1837E+01  0.4289E+00  0.2868E+01
  -4.810  0.1995E+01  0.4248E+00  0.2892E+01
  -4.800  0.2083E+01  0.4212E+00  0.2917E+01
  -4.790  0.1862E+01  0.4144E+00  0.2941E+01
  -4.780  0.1829E+01  0.4121E+00  0.2964E+01
  -4.770  0.1791E+01  0.4072E+00  0.2986E+01
  -4.760  0.1790E+01  0.4023E+00  0.3008E+01
  -4.750  0.1828E+01  0.3983E+00  0.3030E+01
  -4.740  0.1948E+01  0.3947E+00  0.3053E+01
  -4.730  0.2065E+01  0.3914E+00  0.3076E+01
  -4.720  0.2071E+01  0.3874E+00  0.3101E+01
  -4.710  0.1863E+01  0.3837E+00  0.3125E+01
  -4.700  0.1828E+01  0.3804E+00  0.3147E+01
  -4.690  0.1493E+01  0.3802E+00  0.3168E+01
  -4.680  0.1368E+01  0.3778E+00  0.3186E+01
  -4.670  0.1549E+01  0.3736E+00  0.3204E+01
  -4.660  0.1780E+01  0.3691E+00  0.3225E+01
  -4.650  0.1948E+01  0.3661E+00  0.3247E+01
  -4.640  0.2059E+01  0.3628E+00  0.3272E+01
  -4.630  0.2219E+01  0.3591E+00  0.3296E+01
  -4.620  0.2149E+01  0.3557E+00  0.3322E+01
  -4.610  0.2099E+01  0.3524E+00  0.3347E+01
  -4.600  0.1901E+01  0.3496E+00  0.3370E+01
  -4.590  0.1828E+01  0.3481E+00  0.3393E+01
  -4.580  0.1750E+01  0.3466E+00  0.3414E+01
  -4.570  0.1809E+01  0.3452E+00  0.3435E+01
  -4.560  0.1767E+01  0.3418E+00  0.3457E+01
  -4.550  0.1798E+01  0.3390E+00  0.3478E+01
  -4.540  0.1809E+01  0.3370E+00  0.3499E+01
  -4.530  0.1811E+01  0.3340E+00  0.3521E+01
  -4.520  0.1795E+01  0.3308E+00  0.3542E+01
  -4.510  0.1805E+01  0.3306E+00  0.3563E+01
  -4.500  0.1820E+01  0.3300E+00  0.3585E+01
  -4.490  0.1834E+01  0.3297E+00  0.3606E+01
  -4.480  0.1822E+01  0.3287E+00  0.3628E+01
  -4.470  0.1822E+01  0.3262E+00  0.3649E+01
  -4.460  0.1870E+01  0.3239E+00  0.3671E+01
  -4.450  0.1913E+01  0.3202E+00  0.3693E+01
  -4.440  0.1906E+01  0.3166E+00  0.3716E+01
  -4.430  0.1899E+01  0.3138E+00  0.3738E+01
  -4.420  0.1891E+01  0.3111E+00  0.3760E+01
  -4.410  0.1923E+01  0.3091E+00  0.3782E+01
  -4.400  0.1939E+01  0.3091E+00  0.3804E+01
  -4.390  0.1929E+01  0.3094E+00  0.3827E+01
  -4.380  0.1957E+01  0.3103E+00  0.3849E+01
  -4.370  0.1996E+01  0.3100E+00  0.3872E+01
  -4.360  0.2041E+01  0.3082E+00  0.3895E+01
  -4.350  0.2067E+01  0.3064E+00  0.3919E+01
  -4.340  0.2155E+01  0.3047E+00  0.3943E+01
  -4.330  0.2225E+01  0.3015E+00  0.3968E+01
  -4.320  0.2257E+01  0.2993E+00  0.3994E+01
  -4.310  0.2202E+01  0.3054E+00  0.4019E+01
  -4.300  0.2118E+01  0.3031E+00  0.4043E+01
  -4.290  0.2046E+01  0.3013E+00  0.4068E+01
  -4.280  0.1881E+01  0.2997E+00  0.4090E+01
  -4.270  0.1919E+01  0.2980E+00  0.4112E+01
  -4.260  0.2043E+01  0.2967E+00  0.4134E+01
  -4.250  0.2140E+01  0.2958E+00  0.4159E+01
  -4.240  0.2320E+01  0.2949E+00  0.4184E+01
  -4.230  0.2712E+01  0.2943E+00  0.4212E+01
  -4.220  0.2702E+01  0.2999E+00  0.4242E+01
  -4.210  0.2665E+01  0.2988E+00  0.4272E+01
  -4.200  0.2651E+01  0.2985E+00  0.4302E+01
  -4.190  0.2853E+01  0.2990E+00  0.4332E+01
  -4.180  0.2775E+01  0.2998E+00  0.4363E+01
  -4.170  0.2991E+01  0.3007E+00  0.4395E+01
  -4.160  0.3088E+01  0.3019E+00  0.4428E+01
  -4.150  0.3313E+01  0.3038E+00  0.4463E+01
  -4.140  0.3714E+01  0.3067E+00  0.4502E+01
  -4.130  0.4188E+01  0.3102E+00  0.4545E+01
  -4.120  0.6866E+01  0.3137E+00  0.4601E+01
  -4.110  0.6248E+01  0.3168E+00  0.4677E+01
  -4.100  0.2820E+01  0.3283E+00  0.4713E+01
  -4.090  0.2629E+01  0.3422E+00  0.4744E+01
  -4.080  0.2702E+01  0.3567E+00  0.4774E+01
  -4.070  0.2638E+01  0.3732E+00  0.4805E+01
  -4.060  0.2659E+01  0.3676E+00  0.4835E+01
  -4.050  0.2758E+01  0.3878E+00  0.4866E+01
  -4.040  0.2801E+01  0.4106E+00  0.4898E+01
  -4.030  0.2956E+01  0.3986E+00  0.4931E+01
  -4.020  0.3229E+01  0.4534E+00  0.4966E+01
  -4.010  0.3387E+01  0.3530E+00  0.5003E+01
  -4.000  0.3843E+01  0.2823E+00  0.5042E+01
  -3.990  0.4657E+01  0.2652E+00  0.5088E+01
  -3.980  0.3989E+01  0.2420E+00  0.5132E+01
  -3.970  0.4961E+01  0.2315E+00  0.5176E+01
  -3.960  0.3516E+01  0.2342E+00  0.5220E+01
  -3.950  0.3197E+01  0.2369E+00  0.5256E+01
  -3.940  0.2887E+01  0.2396E+00  0.5289E+01
  -3.930  0.2743E+01  0.1090E+01  0.5324E+01
  -3.920  0.2641E+01  0.1227E+01  0.5364E+01
  -3.910  0.2670E+01  0.1249E+01  0.5403E+01
  -3.900  0.2547E+01  0.1402E+01  0.5441E+01
  -3.890  0.2512E+01  0.1290E+01  0.5480E+01
  -3.880  0.2356E+01  0.1405E+01  0.5517E+01
  -3.870  0.2081E+01  0.1481E+01  0.5553E+01
  -3.860  0.1961E+01  0.1389E+01  0.5587E+01
  -3.850  0.1966E+01  0.1374E+01  0.5621E+01
  -3.840  0.2247E+01  0.1382E+01  0.5656E+01
  -3.830  0.2451E+01  0.1417E+01  0.5693E+01
  -3.820  0.2323E+01  0.1431E+01  0.5731E+01
  -3.810  0.2236E+01  0.1430E+01  0.5768E+01
  -3.800  0.2066E+01  0.1491E+01  0.5805E+01
  -3.790  0.1052E+01  0.1453E+01  0.5835E+01
  -3.780  0.5202E+00  0.1493E+01  0.5856E+01
  -3.770  0.1881E+01  0.1523E+01  0.5880E+01
  -3.760  0.2303E+01  0.1534E+01  0.5917E+01
  -3.750  0.2485E+01  0.1572E+01  0.5957E+01
  -3.740  0.1979E+01  0.1599E+01  0.5995E+01
  -3.730  0.1873E+01  0.1586E+01  0.6030E+01
  -3.720  0.1805E+01  0.1614E+01  0.6065E+01
  -3.710  0.1787E+01  0.1658E+01  0.6099E+01
  -3.700  0.1809E+01  0.1708E+01  0.6134E+01
  -3.690  0.1720E+01  0.1750E+01  0.6168E+01
  -3.680  0.1730E+01  0.1774E+01  0.6203E+01
  -3.670  0.1717E+01  0.1829E+01  0.6239E+01
  -3.660  0.1720E+01  0.1863E+01  0.6275E+01
  -3.650  0.1695E+01  0.1957E+01  0.6311E+01
  -3.640  0.1634E+01  0.2035E+01  0.6348E+01
  -3.630  0.1545E+01  0.2158E+01  0.6385E+01
  -3.620  0.5408E+00  0.2271E+01  0.6417E+01
  -3.610  0.5268E+00  0.2294E+01  0.6445E+01
  -3.600  0.5226E+00  0.2116E+01  0.6473E+01
  -3.590  0.5192E+00  0.1922E+01  0.6499E+01
  -3.580  0.5159E+00  0.2019E+01  0.6522E+01
  -3.570  0.5129E+00  0.3512E+01  0.6553E+01
  -3.560  0.5108E+00  0.2588E+01  0.6588E+01
  -3.550  0.5097E+00  0.2386E+01  0.6618E+01
  -3.540  0.5086E+00  0.2332E+01  0.6647E+01
  -3.530  0.5072E+00  0.2257E+01  0.6675E+01
  -3.520  0.5056E+00  0.2141E+01  0.6702E+01
  -3.510  0.5057E+00  0.2039E+01  0.6728E+01
  -3.500  0.5007E+00  0.2010E+01  0.6753E+01
  -3.490  0.5002E+00  0.1949E+01  0.6778E+01
  -3.480  0.4947E+00  0.1951E+01  0.6803E+01
  -3.470  0.4892E+00  0.1893E+01  0.6827E+01
  -3.460  0.4845E+00  0.1893E+01  0.6851E+01
  -3.450  0.4796E+00  0.1901E+01  0.6875E+01
  -3.440  0.4785E+00  0.1927E+01  0.6898E+01
  -3.430  0.4775E+00  0.1933E+01  0.6922E+01
  -3.420  0.4776E+00  0.2237E+01  0.6948E+01
  -3.410  0.4773E+00  0.2332E+01  0.6976E+01
  -3.400  0.4770E+00  0.2674E+01  0.7005E+01
  -3.390  0.4767E+00  0.2764E+01  0.7038E+01
  -3.380  0.4823E+00  0.2281E+01  0.7067E+01
  -3.370  0.4720E+00  0.2211E+01  0.7095E+01
  -3.360  0.4630E+00  0.2202E+01  0.7121E+01
  -3.350  0.4598E+00  0.2127E+01  0.7148E+01
  -3.340  0.4576E+00  0.2098E+01  0.7174E+01
  -3.330  0.4563E+00  0.2178E+01  0.7200E+01
  -3.320  0.4551E+00  0.2017E+01  0.7226E+01
  -3.310  0.4538E+00  0.1871E+01  0.7249E+01
  -3.300  0.4511E+00  0.1809E+01  0.7272E+01
  -3.290  0.4513E+00  0.1799E+01  0.7295E+01
  -3.280  0.4524E+00  0.1788E+01  0.7318E+01
  -3.270  0.4518E+00  0.1757E+01  0.7340E+01
  -3.260  0.4501E+00  0.1739E+01  0.7362E+01
  -3.250  0.4468E+00  0.1733E+01  0.7384E+01
  -3.240  0.4447E+00  0.1756E+01  0.7406E+01
  -3.230  0.4718E+00  0.1872E+01  0.7428E+01
  -3.220  0.4542E+00  0.2107E+01  0.7453E+01
  -3.210  0.4419E+00  0.2118E+01  0.7478E+01
  -3.200  0.4400E+00  0.1229E+01  0.7498E+01
  -3.190  0.4381E+00  0.1032E+01  0.7514E+01
  -3.180  0.4363E+00  0.8941E+00  0.7527E+01
  -3.170  0.4338E+00  0.8116E+00  0.7540E+01
  -3.160  0.4349E+00  0.8315E+00  0.7553E+01
  -3.150  0.4390E+00  0.8781E+00  0.7566E+01
  -3.140  0.4446E+00  0.9848E+00  0.7580E+01
  -3.130  0.4481E+00  0.1089E+01  0.7595E+01
  -3.120  0.4249E+00  0.1355E+01  0.7612E+01
  -3.110  0.4226E+00  0.1644E+01  0.7631E+01
  -3.100  0.4210E+00  0.1669E+01  0.7652E+01
  -3.090  0.4193E+00  0.1478E+01  0.7672E+01
  -3.080  0.4378E+00  0.1366E+01  0.7690E+01
  -3.070  0.4181E+00  0.1348E+01  0.7708E+01
  -3.060  0.4167E+00  0.1342E+01  0.7725E+01
  -3.050  0.4155E+00  0.1436E+01  0.7743E+01
  -3.040  0.4144E+00  0.1492E+01  0.7762E+01
  -3.030  0.4135E+00  0.1560E+01  0.7782E+01
  -3.020  0.4138E+00  0.1301E+01  0.7800E+01
  -3.010  0.4146E+00  0.1186E+01  0.7817E+01
  -3.000  0.4153E+00  0.9072E+00  0.7832E+01
  -2.990  0.4151E+00  0.6480E+00  0.7843E+01
  -2.980  0.4140E+00  0.7392E+00  0.7854E+01
  -2.970  0.4116E+00  0.1064E+01  0.7867E+01
  -2.960  0.4092E+00  0.1217E+01  0.7884E+01
  -2.950  0.4069E+00  0.1358E+01  0.7901E+01
  -2.940  0.4047E+00  0.1467E+01  0.7919E+01
  -2.930  0.4035E+00  0.1447E+01  0.7937E+01
  -2.920  0.4027E+00  0.1328E+01  0.7956E+01
  -2.910  0.4077E+00  0.1253E+01  0.7972E+01
  -2.900  0.4825E+00  0.1234E+01  0.7989E+01
  -2.890  0.4058E+00  0.1261E+01  0.8005E+01
  -2.880  0.4048E+00  0.1160E+01  0.8022E+01
  -2.870  0.3997E+00  0.1158E+01  0.8037E+01
  -2.860  0.3953E+00  0.1192E+01  0.8053E+01
  -2.850  0.3941E+00  0.1170E+01  0.8068E+01
  -2.840  0.3934E+00  0.1211E+01  0.8084E+01
  -2.830  0.4267E+00  0.1180E+01  0.8100E+01
  -2.820  0.3932E+00  0.1190E+01  0.8116E+01
  -2.810  0.3895E+00  0.1193E+01  0.8132E+01
  -2.800  0.3863E+00  0.1191E+01  0.8148E+01
  -2.790  0.3870E+00  0.1197E+01  0.8164E+01
  -2.780  0.3899E+00  0.1215E+01  0.8180E+01
  -2.770  0.3928E+00  0.1197E+01  0.8196E+01
  -2.760  0.3925E+00  0.1206E+01  0.8212E+01
  -2.750  0.3857E+00  0.1207E+01  0.8228E+01
  -2.740  0.3824E+00  0.1217E+01  0.8244E+01
  -2.730  0.3790E+00  0.1217E+01  0.8260E+01
  -2.720  0.3757E+00  0.1215E+01  0.8276E+01
  -2.710  0.3816E+00  0.1233E+01  0.8292E+01
  -2.700  0.3782E+00  0.1239E+01  0.8308E+01
  -2.690  0.3863E+00  0.1249E+01  0.8324E+01
  -2.680  0.3748E+00  0.1259E+01  0.8341E+01
  -2.670  0.3767E+00  0.1293E+01  0.8358E+01
  -2.660  0.3574E+00  0.1370E+01  0.8374E+01
  -2.650  0.4150E+00  0.1415E+01  0.8392E+01
  -2.640  0.3447E+00  0.1424E+01  0.8410E+01
  -2.630  0.3156E+00  0.1343E+01  0.8428E+01
  -2.620  0.1443E+00  0.1210E+01  0.8443E+01
  -2.610  0.1367E+00  0.9679E+00  0.8456E+01
  -2.600  0.1375E+00  0.9288E+00  0.8466E+01
  -2.590  0.1369E+00  0.9364E+00  0.8477E+01
  -2.580  0.1364E+00  0.1103E+01  0.8488E+01
  -2.570  0.1358E+00  0.1187E+01  0.8501E+01
  -2.560  0.1353E+00  0.1266E+01  0.8515E+01
  -2.550  0.1348E+00  0.1647E+01  0.8532E+01
  -2.540  0.1343E+00  0.1433E+01  0.8548E+01
  -2.530  0.1338E+00  0.1406E+01  0.8563E+01
  -2.520  0.1333E+00  0.1382E+01  0.8578E+01
  -2.510  0.1328E+00  0.1359E+01  0.8594E+01
  -2.500  0.1323E+00  0.1364E+01  0.8608E+01
  -2.490  0.1318E+00  0.1368E+01  0.8623E+01
  -2.480  0.1313E+00  0.1364E+01  0.8638E+01
  -2.470  0.1309E+00  0.1364E+01  0.8653E+01
  -2.460  0.1305E+00  0.1370E+01  0.8668E+01
  -2.450  0.1300E+00  0.1385E+01  0.8683E+01
  -2.440  0.1290E+00  0.1396E+01  0.8699E+01
  -2.430  0.1291E+00  0.1406E+01  0.8714E+01
  -2.420  0.1292E+00  0.1413E+01  0.8729E+01
  -2.410  0.1293E+00  0.1424E+01  0.8745E+01
  -2.400  0.1294E+00  0.1432E+01  0.8760E+01
  -2.390  0.1294E+00  0.1439E+01  0.8776E+01
  -2.380  0.1295E+00  0.1451E+01  0.8792E+01
  -2.370  0.1296E+00  0.1467E+01  0.8808E+01
  -2.360  0.1297E+00  0.1486E+01  0.8824E+01
  -2.350  0.1298E+00  0.1497E+01  0.8840E+01
  -2.340  0.1299E+00  0.1505E+01  0.8856E+01
  -2.330  0.1300E+00  0.1519E+01  0.8873E+01
  -2.320  0.1300E+00  0.1539E+01  0.8889E+01
  -2.310  0.1301E+00  0.1551E+01  0.8906E+01
  -2.300  0.1287E+00  0.1560E+01  0.8923E+01
  -2.290  0.1280E+00  0.1580E+01  0.8940E+01
  -2.280  0.1275E+00  0.1613E+01  0.8957E+01
  -2.270  0.1269E+00  0.1629E+01  0.8974E+01
  -2.260  0.1264E+00  0.1637E+01  0.8992E+01
  -2.250  0.1259E+00  0.1644E+01  0.9010E+01
  -2.240  0.1254E+00  0.1648E+01  0.9027E+01
  -2.230  0.1263E+00  0.1673E+01  0.9045E+01
  -2.220  0.1260E+00  0.1698E+01  0.9063E+01
  -2.210  0.1256E+00  0.1731E+01  0.9082E+01
  -2.200  0.1253E+00  0.1774E+01  0.9101E+01
  -2.190  0.1249E+00  0.1833E+01  0.9120E+01
  -2.180  0.1244E+00  0.1941E+01  0.9140E+01
  -2.170  0.1233E+00  0.1975E+01  0.9161E+01
  -2.160  0.1233E+00  0.1868E+01  0.9181E+01
  -2.150  0.1232E+00  0.1764E+01  0.9200E+01
  -2.140  0.1232E+00  0.1734E+01  0.9219E+01
  -2.130  0.1232E+00  0.2013E+01  0.9239E+01
  -2.120  0.1232E+00  0.1981E+01  0.9260E+01
  -2.110  0.1232E+00  0.2115E+01  0.9282E+01
  -2.100  0.1231E+00  0.2153E+01  0.9304E+01
  -2.090  0.1231E+00  0.2235E+01  0.9327E+01
  -2.080  0.1231E+00  0.2318E+01  0.9351E+01
  -2.070  0.1233E+00  0.2435E+01  0.9376E+01
  -2.060  0.1234E+00  0.2517E+01  0.9402E+01
  -2.050  0.1235E+00  0.2570E+01  0.9429E+01
  -2.040  0.1237E+00  0.2895E+01  0.9457E+01
  -2.030  0.1238E+00  0.3016E+01  0.9488E+01
  -2.020  0.1240E+00  0.3283E+01  0.9520E+01
  -2.010  0.1241E+00  0.3773E+01  0.9557E+01
  -2.000  0.1243E+00  0.5187E+01  0.9603E+01
  -1.990  0.1244E+00  0.2892E+01  0.9648E+01
  -1.980  0.1246E+00  0.3047E+01  0.9681E+01
  -1.970  0.1234E+00  0.5744E+01  0.9720E+01
  -1.960  0.1230E+00  0.4977E+01  0.9777E+01
  -1.950  0.1226E+00  0.4994E+01  0.9828E+01
  -1.940  0.1222E+00  0.5988E+01  0.9884E+01
  -1.930  0.1218E+00  0.1500E+01  0.9916E+01
  -1.920  0.1215E+00  0.1518E+01  0.9933E+01
  -1.910  0.1211E+00  0.1541E+01  0.9949E+01
  -1.900  0.1207E+00  0.1555E+01  0.9966E+01
  -1.890  0.1203E+00  0.1585E+01  0.9983E+01
  -1.880  0.1361E+00  0.1611E+01  0.1000E+02
  -1.870  0.1550E+00  0.1657E+01  0.1002E+02
  -1.860  0.1562E+00  0.1725E+01  0.1004E+02
  -1.850  0.1601E+00  0.1826E+01  0.1006E+02
  -1.840  0.1649E+00  0.1899E+01  0.1008E+02
  -1.830  0.1688E+00  0.2070E+01  0.1010E+02
  -1.820  0.1805E+00  0.2368E+01  0.1012E+02
  -1.810  0.1697E+00  0.2928E+01  0.1015E+02
  -1.800  0.1632E+00  0.2118E+01  0.1018E+02
  -1.790  0.1656E+00  0.1950E+01  0.1020E+02
  -1.780  0.1680E+00  0.1761E+01  0.1022E+02
  -1.770  0.1704E+00  0.1521E+01  0.1024E+02
  -1.760  0.1728E+00  0.1759E+01  0.1026E+02
  -1.750  0.1752E+00  0.1857E+01  0.1028E+02
  -1.740  0.1731E+00  0.2104E+01  0.1030E+02
  -1.730  0.1720E+00  0.2021E+01  0.1032E+02
  -1.720  0.1709E+00  0.1926E+01  0.1034E+02
  -1.710  0.1697E+00  0.1566E+01  0.1036E+02
  -1.700  0.1697E+00  0.1351E+01  0.1038E+02
  -1.690  0.1714E+00  0.1183E+01  0.1039E+02
  -1.680  0.1732E+00  0.1073E+01  0.1040E+02
  -1.670  0.1751E+00  0.1152E+01  0.1042E+02
  -1.660  0.1771E+00  0.8185E+00  0.1043E+02
  -1.650  0.1790E+00  0.9797E+00  0.1044E+02
  -1.640  0.1772E+00  0.1581E+01  0.1045E+02
  -1.630  0.1727E+00  0.1839E+01  0.1047E+02
  -1.620  0.1744E+00  0.1767E+01  0.1049E+02
  -1.610  0.1741E+00  0.1545E+01  0.1051E+02
  -1.600  0.1740E+00  0.1464E+01  0.1053E+02
  -1.590  0.1738E+00  0.1384E+01  0.1054E+02
  -1.580  0.1737E+00  0.1389E+01  0.1056E+02
  -1.570  0.1740E+00  0.1344E+01  0.1057E+02
  -1.560  0.1750E+00  0.1331E+01  0.1059E+02
  -1.550  0.1758E+00  0.1328E+01  0.1060E+02
  -1.540  0.1772E+00  0.1300E+01  0.1062E+02
  -1.530  0.1787E+00  0.1312E+01  0.1063E+02
  -1.520  0.1769E+00  0.1283E+01  0.1065E+02
  -1.510  0.1760E+00  0.1293E+01  0.1066E+02
  -1.500  0.1751E+00  0.1276E+01  0.1068E+02
  -1.490  0.1742E+00  0.1281E+01  0.1069E+02
  -1.480  0.1760E+00  0.1284E+01  0.1071E+02
  -1.470  0.1763E+00  0.1261E+01  0.1072E+02
  -1.460  0.1767E+00  0.1255E+01  0.1074E+02
  -1.450  0.1771E+00  0.1296E+01  0.1075E+02
  -1.440  0.1784E+00  0.1239E+01  0.1077E+02
  -1.430  0.1788E+00  0.1230E+01  0.1078E+02
  -1.420  0.1793E+00  0.1278E+01  0.1079E+02
  -1.410  0.1805E+00  0.1204E+01  0.1081E+02
  -1.400  0.1818E+00  0.3523E+00  0.1082E+02
  -1.390  0.1832E+00  0.3611E+00  0.1082E+02
  -1.380  0.1829E+00  0.3673E+00  0.1083E+02
  -1.370  0.1815E+00  0.3750E+00  0.1083E+02
  -1.360  0.1813E+00  0.3755E+00  0.1084E+02
  -1.350  0.1812E+00  0.3784E+00  0.1084E+02
  -1.340  0.1811E+00  0.3734E+00  0.1085E+02
  -1.330  0.1809E+00  0.3700E+00  0.1085E+02
  -1.320  0.1823E+00  0.3745E+00  0.1086E+02
  -1.310  0.1829E+00  0.3734E+00  0.1087E+02
  -1.300  0.1834E+00  0.3805E+00  0.1087E+02
  -1.290  0.1840E+00  0.3750E+00  0.1088E+02
  -1.280  0.1846E+00  0.3718E+00  0.1088E+02
  -1.270  0.1843E+00  0.3712E+00  0.1089E+02
  -1.260  0.1845E+00  0.3739E+00  0.1089E+02
  -1.250  0.1849E+00  0.3765E+00  0.1090E+02
  -1.240  0.1854E+00  0.3792E+00  0.1090E+02
  -1.230  0.1863E+00  0.3819E+00  0.1091E+02
  -1.220  0.1846E+00  0.3789E+00  0.1092E+02
  -1.210  0.1840E+00  0.3826E+00  0.1092E+02
  -1.200  0.1840E+00  0.3806E+00  0.1093E+02
  -1.190  0.1841E+00  0.3753E+00  0.1093E+02
  -1.180  0.1843E+00  0.3730E+00  0.1094E+02
  -1.170  0.1845E+00  0.3733E+00  0.1094E+02
  -1.160  0.1846E+00  0.3737E+00  0.1095E+02
  -1.150  0.1847E+00  0.3739E+00  0.1095E+02
  -1.140  0.1848E+00  0.3760E+00  0.1096E+02
  -1.130  0.1863E+00  0.3813E+00  0.1097E+02
  -1.120  0.1868E+00  0.3872E+00  0.1097E+02
  -1.110  0.1874E+00  0.3939E+00  0.1098E+02
  -1.100  0.1879E+00  0.3881E+00  0.1098E+02
  -1.090  0.1884E+00  0.3829E+00  0.1099E+02
  -1.080  0.1890E+00  0.3796E+00  0.1099E+02
  -1.070  0.1895E+00  0.3765E+00  0.1100E+02
  -1.060  0.1893E+00  0.3768E+00  0.1101E+02
  -1.050  0.1880E+00  0.3764E+00  0.1101E+02
  -1.040  0.1893E+00  0.3769E+00  0.1102E+02
  -1.030  0.1896E+00  0.3774E+00  0.1102E+02
  -1.020  0.1900E+00  0.3779E+00  0.1103E+02
  -1.010  0.1904E+00  0.3784E+00  0.1103E+02
  -1.000  0.1907E+00  0.3978E+00  0.1104E+02
  -0.990  0.1910E+00  0.3782E+00  0.1105E+02
  -0.980  0.1913E+00  0.3777E+00  0.1105E+02
  -0.970  0.1916E+00  0.3781E+00  0.1106E+02
  -0.960  0.1919E+00  0.3785E+00  0.1106E+02
  -0.950  0.1922E+00  0.3790E+00  0.1107E+02
  -0.940  0.1925E+00  0.3753E+00  0.1107E+02
  -0.930  0.1939E+00  0.3746E+00  0.1108E+02
  -0.920  0.1945E+00  0.3739E+00  0.1109E+02
  -0.910  0.1952E+00  0.3841E+00  0.1109E+02
  -0.900  0.1952E+00  0.3897E+00  0.1110E+02
  -0.890  0.1954E+00  0.3884E+00  0.1110E+02
  -0.880  0.1946E+00  0.3865E+00  0.1111E+02
  -0.870  0.1942E+00  0.3847E+00  0.1112E+02
  -0.860  0.1938E+00  0.3828E+00  0.1112E+02
  -0.850  0.1931E+00  0.3812E+00  0.1113E+02
  -0.840  0.1933E+00  0.3800E+00  0.1113E+02
  -0.830  0.1938E+00  0.3852E+00  0.1114E+02
  -0.820  0.1944E+00  0.3925E+00  0.1114E+02
  -0.810  0.1949E+00  0.4120E+00  0.1115E+02
  -0.800  0.1955E+00  0.4162E+00  0.1116E+02
  -0.790  0.1959E+00  0.3888E+00  0.1116E+02
  -0.780  0.1963E+00  0.3815E+00  0.1117E+02
  -0.770  0.1966E+00  0.3769E+00  0.1117E+02
  -0.760  0.1969E+00  0.3886E+00  0.1118E+02
  -0.750  0.1973E+00  0.3882E+00  0.1119E+02
  -0.740  0.1976E+00  0.4140E+00  0.1119E+02
  -0.730  0.1979E+00  0.4033E+00  0.1120E+02
  -0.720  0.1990E+00  0.3898E+00  0.1120E+02
  -0.710  0.1995E+00  0.3757E+00  0.1121E+02
  -0.700  0.2001E+00  0.3617E+00  0.1121E+02
  -0.690  0.2002E+00  0.3467E+00  0.1122E+02
  -0.680  0.1994E+00  0.3295E+00  0.1123E+02
  -0.670  0.2007E+00  0.3002E+00  0.1123E+02
  -0.660  0.2008E+00  0.2793E+00  0.1124E+02
  -0.650  0.2009E+00  0.2770E+00  0.1124E+02
  -0.640  0.2011E+00  0.2760E+00  0.1125E+02
  -0.630  0.2013E+00  0.2751E+00  0.1125E+02
  -0.620  0.2016E+00  0.2742E+00  0.1125E+02
  -0.610  0.2021E+00  0.2734E+00  0.1126E+02
  -0.600  0.2027E+00  0.2725E+00  0.1126E+02
  -0.590  0.2033E+00  0.2716E+00  0.1127E+02
  -0.580  0.2039E+00  0.2707E+00  0.1127E+02
  -0.570  0.2044E+00  0.2713E+00  0.1128E+02
  -0.560  0.2048E+00  0.2709E+00  0.1128E+02
  -0.550  0.2053E+00  0.2707E+00  0.1129E+02
  -0.540  0.2057E+00  0.2705E+00  0.1129E+02
  -0.530  0.2062E+00  0.2701E+00  0.1130E+02
  -0.520  0.2065E+00  0.2694E+00  0.1130E+02
  -0.510  0.2070E+00  0.2695E+00  0.1131E+02
  -0.500  0.2075E+00  0.2778E+00  0.1131E+02
  -0.490  0.2085E+00  0.2867E+00  0.1132E+02
  -0.480  0.2078E+00  0.2674E+00  0.1132E+02
  -0.470  0.2076E+00  0.2672E+00  0.1133E+02
  -0.460  0.2076E+00  0.2672E+00  0.1133E+02
  -0.450  0.2081E+00  0.2670E+00  0.1134E+02
  -0.440  0.2085E+00  0.2668E+00  0.1134E+02
  -0.430  0.2089E+00  0.2666E+00  0.1135E+02
  -0.420  0.2092E+00  0.2664E+00  0.1135E+02
  -0.410  0.2095E+00  0.2662E+00  0.1136E+02
  -0.400  0.2097E+00  0.2660E+00  0.1136E+02
  -0.390  0.2100E+00  0.2658E+00  0.1136E+02
  -0.380  0.2103E+00  0.2670E+00  0.1137E+02
  -0.370  0.2108E+00  0.2672E+00  0.1137E+02
  -0.360  0.2114E+00  0.2675E+00  0.1138E+02
  -0.350  0.2120E+00  0.2678E+00  0.1138E+02
  -0.340  0.2145E+00  0.2681E+00  0.1139E+02
  -0.330  0.2152E+00  0.2668E+00  0.1139E+02
  -0.320  0.2158E+00  0.2661E+00  0.1140E+02
  -0.310  0.2164E+00  0.2654E+00  0.1140E+02
  -0.300  0.2171E+00  0.2649E+00  0.1141E+02
  -0.290  0.2177E+00  0.2648E+00  0.1141E+02
  -0.280  0.2183E+00  0.2645E+00  0.1142E+02
  -0.270  0.2179E+00  0.2648E+00  0.1142E+02
  -0.260  0.2179E+00  0.2684E+00  0.1143E+02
  -0.250  0.2181E+00  0.2689E+00  0.1143E+02
  -0.240  0.2190E+00  0.2693E+00  0.1144E+02
  -0.230  0.2195E+00  0.2697E+00  0.1144E+02
  -0.220  0.2205E+00  0.2701E+00  0.1145E+02
  -0.210  0.2216E+00  0.2705E+00  0.1145E+02
  -0.200  0.2226E+00  0.2709E+00  0.1146E+02
  -0.190  0.2237E+00  0.2722E+00  0.1146E+02
  -0.180  0.2247E+00  0.2729E+00  0.1147E+02
  -0.170  0.2258E+00  0.2736E+00  0.1147E+02
  -0.160  0.2274E+00  0.2739E+00  0.1148E+02
  -0.150  0.2288E+00  0.2732E+00  0.1148E+02
  -0.140  0.2300E+00  0.2733E+00  0.1149E+02
  -0.130  0.2311E+00  0.2734E+00  0.1149E+02
  -0.120  0.2321E+00  0.2735E+00  0.1150E+02
  -0.110  0.2331E+00  0.2737E+00  0.1150E+02
  -0.100  0.2341E+00  0.2819E+00  0.1151E+02
  -0.090  0.2401E+00  0.3087E+00  0.1151E+02
  -0.080  0.2414E+00  0.2945E+00  0.1152E+02
  -0.070  0.2426E+00  0.2952E+00  0.1152E+02
  -0.060  0.2439E+00  0.2959E+00  0.1153E+02
  -0.050  0.2447E+00  0.2964E+00  0.1153E+02
  -0.040  0.2456E+00  0.2966E+00  0.1154E+02
  -0.030  0.2467E+00  0.2966E+00  0.1154E+02
  -0.020  0.2506E+00  0.2963E+00  0.1155E+02
  -0.010  0.2550E+00  0.2967E+00  0.1156E+02
   0.000  0.2594E+00  0.2970E+00  0.1156E+02
   0.010  0.2638E+00  0.2973E+00  0.1157E+02
   0.020  0.2689E+00  0.2841E+00  0.1157E+02
   0.030  0.2735E+00  0.2797E+00  0.1158E+02
   0.040  0.2781E+00  0.2783E+00  0.1158E+02
   0.050  0.3458E+00  0.2771E+00  0.1159E+02
   0.060  0.2807E+00  0.2760E+00  0.1160E+02
   0.070  0.2495E+00  0.2749E+00  0.1160E+02
   0.080  0.2503E+00  0.2737E+00  0.1161E+02
   0.090  0.2511E+00  0.2726E+00  0.1161E+02
   0.100  0.2509E+00  0.2715E+00  0.1162E+02
   0.110  0.2479E+00  0.2704E+00  0.1162E+02
   0.120  0.2449E+00  0.2693E+00  0.1163E+02
   0.130  0.2419E+00  0.2686E+00  0.1163E+02
   0.140  0.2383E+00  0.2679E+00  0.1164E+02
   0.150  0.2367E+00  0.2672E+00  0.1164E+02
   0.160  0.2358E+00  0.2652E+00  0.1165E+02
   0.170  0.2347E+00  0.2645E+00  0.1165E+02
   0.180  0.2330E+00  0.2643E+00  0.1166E+02
   0.190  0.2309E+00  0.2641E+00  0.1166E+02
   0.200  0.2293E+00  0.2639E+00  0.1167E+02
   0.210  0.2275E+00  0.2637E+00  0.1167E+02
   0.220  0.2257E+00  0.2624E+00  0.1168E+02
   0.230  0.2240E+00  0.2607E+00  0.1168E+02
   0.240  0.2273E+00  0.2594E+00  0.1169E+02
   0.250  0.2259E+00  0.2589E+00  0.1169E+02
   0.260  0.2244E+00  0.2575E+00  0.1170E+02
   0.270  0.2229E+00  0.2568E+00  0.1170E+02
   0.280  0.2214E+00  0.2561E+00  0.1171E+02
   0.290  0.2204E+00  0.2552E+00  0.1171E+02
   0.300  0.2190E+00  0.2542E+00  0.1171E+02
   0.310  0.2176E+00  0.2532E+00  0.1172E+02
   0.320  0.2162E+00  0.2523E+00  0.1172E+02
   0.330  0.2147E+00  0.2518E+00  0.1173E+02
   0.340  0.2139E+00  0.2515E+00  0.1173E+02
   0.350  0.2139E+00  0.2513E+00  0.1174E+02
   0.360  0.2141E+00  0.2513E+00  0.1174E+02
   0.370  0.2144E+00  0.2513E+00  0.1175E+02
   0.380  0.2147E+00  0.2514E+00  0.1175E+02
   0.390  0.2150E+00  0.2513E+00  0.1176E+02
   0.400  0.2153E+00  0.2511E+00  0.1176E+02
   0.410  0.2155E+00  0.2508E+00  0.1177E+02
   0.420  0.2115E+00  0.2516E+00  0.1177E+02
   0.430  0.2084E+00  0.2496E+00  0.1178E+02
   0.440  0.2080E+00  0.2482E+00  0.1178E+02
   0.450  0.2078E+00  0.2471E+00  0.1178E+02
   0.460  0.2075E+00  0.2459E+00  0.1179E+02
   0.470  0.2072E+00  0.2448E+00  0.1179E+02
   0.480  0.2069E+00  0.2444E+00  0.1180E+02
   0.490  0.2066E+00  0.2440E+00  0.1180E+02
   0.500  0.2064E+00  0.2436E+00  0.1181E+02
   0.510  0.2059E+00  0.2432E+00  0.1181E+02
   0.520  0.2052E+00  0.2427E+00  0.1182E+02
   0.530  0.2044E+00  0.2423E+00  0.1182E+02
   0.540  0.2037E+00  0.2418E+00  0.1183E+02
   0.550  0.2029E+00  0.2412E+00  0.1183E+02
   0.560  0.2022E+00  0.2405E+00  0.1183E+02
   0.570  0.2018E+00  0.2399E+00  0.1184E+02
   0.580  0.2042E+00  0.2396E+00  0.1184E+02
   0.590  0.2038E+00  0.2393E+00  0.1185E+02
   0.600  0.2033E+00  0.2392E+00  0.1185E+02
   0.610  0.2029E+00  0.2391E+00  0.1186E+02
   0.620  0.2024E+00  0.2380E+00  0.1186E+02
   0.630  0.2020E+00  0.2378E+00  0.1187E+02
   0.640  0.2014E+00  0.2373E+00  0.1187E+02
   0.650  0.2009E+00  0.2369E+00  0.1187E+02
   0.660  0.2003E+00  0.2368E+00  0.1188E+02
   0.670  0.1998E+00  0.2363E+00  0.1188E+02
   0.680  0.1985E+00  0.2357E+00  0.1189E+02
   0.690  0.1975E+00  0.2351E+00  0.1189E+02
   0.700  0.1966E+00  0.2345E+00  0.1190E+02
   0.710  0.1958E+00  0.2339E+00  0.1190E+02
   0.720  0.1952E+00  0.2333E+00  0.1190E+02
   0.730  0.1955E+00  0.2334E+00  0.1191E+02
   0.740  0.1958E+00  0.2330E+00  0.1191E+02
   0.750  0.1959E+00  0.2325E+00  0.1192E+02
   0.760  0.1960E+00  0.2319E+00  0.1192E+02
   0.770  0.1961E+00  0.2312E+00  0.1193E+02
   0.780  0.1962E+00  0.2305E+00  0.1193E+02
   0.790  0.1962E+00  0.2299E+00  0.1193E+02
   0.800  0.1960E+00  0.2292E+00  0.1194E+02
   0.810  0.1948E+00  0.2291E+00  0.1194E+02
   0.820  0.1937E+00  0.2289E+00  0.1195E+02
   0.830  0.1925E+00  0.2288E+00  0.1195E+02
   0.840  0.1913E+00  0.2286E+00  0.1196E+02
   0.850  0.1905E+00  0.2287E+00  0.1196E+02
   0.860  0.1904E+00  0.2282E+00  0.1196E+02
   0.870  0.1907E+00  0.2276E+00  0.1197E+02
   0.880  0.1907E+00  0.2270E+00  0.1197E+02
   0.890  0.1907E+00  0.2263E+00  0.1198E+02
   0.900  0.1907E+00  0.2271E+00  0.1198E+02
   0.910  0.1907E+00  0.2262E+00  0.1198E+02
   0.920  0.1907E+00  0.2254E+00  0.1199E+02
   0.930  0.1907E+00  0.2246E+00  0.1199E+02
   0.940  0.1902E+00  0.2238E+00  0.1200E+02
   0.950  0.1898E+00  0.2230E+00  0.1200E+02
   0.960  0.1889E+00  0.2222E+00  0.1201E+02
   0.970  0.1881E+00  0.2217E+00  0.1201E+02
   0.980  0.1873E+00  0.2214E+00  0.1201E+02
   0.990  0.1865E+00  0.2215E+00  0.1202E+02
   1.000  0.1857E+00  0.2214E+00  0.1202E+02
   1.010  0.1876E+00  0.2212E+00  0.1203E+02
   1.020  0.1875E+00  0.2210E+00  0.1203E+02
   1.030  0.1873E+00  0.2208E+00  0.1203E+02
   1.040  0.1871E+00  0.2206E+00  0.1204E+02
   1.050  0.1867E+00  0.2204E+00  0.1204E+02
   1.060  0.1864E+00  0.2201E+00  0.1205E+02
   1.070  0.1860E+00  0.2199E+00  0.1205E+02
   1.080  0.1856E+00  0.2197E+00  0.1205E+02
   1.090  0.1852E+00  0.2194E+00  0.1206E+02
   1.100  0.1849E+00  0.2183E+00  0.1206E+02
   1.110  0.1844E+00  0.2175E+00  0.1207E+02
   1.120  0.1840E+00  0.2157E+00  0.1207E+02
   1.130  0.1836E+00  0.2159E+00  0.1207E+02
   1.140  0.1831E+00  0.2161E+00  0.1208E+02
   1.150  0.1827E+00  0.2162E+00  0.1208E+02
   1.160  0.1822E+00  0.2163E+00  0.1209E+02
   1.170  0.1817E+00  0.2162E+00  0.1209E+02
   1.180  0.1817E+00  0.2157E+00  0.1209E+02
   1.190  0.1820E+00  0.2153E+00  0.1210E+02
   1.200  0.1822E+00  0.2148E+00  0.1210E+02
   1.210  0.1825E+00  0.2143E+00  0.1211E+02
   1.220  0.1820E+00  0.2138E+00  0.1211E+02
   1.230  0.1819E+00  0.2133E+00  0.1211E+02
   1.240  0.1819E+00  0.2124E+00  0.1212E+02
   1.250  0.1819E+00  0.2119E+00  0.1212E+02
   1.260  0.1820E+00  0.2117E+00  0.1213E+02
   1.270  0.1815E+00  0.2112E+00  0.1213E+02
   1.280  0.1806E+00  0.2108E+00  0.1213E+02
   1.290  0.1797E+00  0.2104E+00  0.1214E+02
   1.300  0.1788E+00  0.2099E+00  0.1214E+02
   1.310  0.1779E+00  0.2096E+00  0.1215E+02
   1.320  0.1770E+00  0.2097E+00  0.1215E+02
   1.330  0.1765E+00  0.2097E+00  0.1215E+02
   1.340  0.1766E+00  0.2092E+00  0.1216E+02
   1.350  0.1766E+00  0.2086E+00  0.1216E+02
   1.360  0.1766E+00  0.2082E+00  0.1216E+02
   1.370  0.1766E+00  0.2078E+00  0.1217E+02
   1.380  0.1766E+00  0.2075E+00  0.1217E+02
   1.390  0.1765E+00  0.2072E+00  0.1218E+02
   1.400  0.1765E+00  0.2071E+00  0.1218E+02
   1.410  0.1764E+00  0.2071E+00  0.1218E+02
   1.420  0.1764E+00  0.2082E+00  0.1219E+02
   1.430  0.1764E+00  0.2074E+00  0.1219E+02
   1.440  0.1763E+00  0.2066E+00  0.1220E+02
   1.450  0.1759E+00  0.2059E+00  0.1220E+02
   1.460  0.1754E+00  0.2051E+00  0.1220E+02
   1.470  0.1749E+00  0.2044E+00  0.1221E+02
   1.480  0.1744E+00  0.2040E+00  0.1221E+02
   1.490  0.1739E+00  0.2038E+00  0.1221E+02
   1.500  0.1755E+00  0.2035E+00  0.1222E+02
   1.510  0.1750E+00  0.2033E+00  0.1222E+02
   1.520  0.1747E+00  0.2030E+00  0.1223E+02
   1.530  0.1744E+00  0.2028E+00  0.1223E+02
   1.540  0.1740E+00  0.2025E+00  0.1223E+02
   1.550  0.1736E+00  0.2026E+00  0.1224E+02
   1.560  0.1733E+00  0.2024E+00  0.1224E+02
   1.570  0.1729E+00  0.2023E+00  0.1224E+02
   1.580  0.1726E+00  0.2021E+00  0.1225E+02
   1.590  0.1722E+00  0.2019E+00  0.1225E+02
   1.600  0.1718E+00  0.2011E+00  0.1226E+02
   1.610  0.1714E+00  0.2003E+00  0.1226E+02
   1.620  0.1710E+00  0.1994E+00  0.1226E+02
   1.630  0.1706E+00  0.1983E+00  0.1227E+02
   1.640  0.1702E+00  0.1973E+00  0.1227E+02
   1.650  0.1698E+00  0.1972E+00  0.1227E+02
   1.660  0.1695E+00  0.1973E+00  0.1228E+02
   1.670  0.1692E+00  0.1974E+00  0.1228E+02
   1.680  0.1689E+00  0.1975E+00  0.1229E+02
   1.690  0.1686E+00  0.1977E+00  0.1229E+02
   1.700  0.1685E+00  0.1980E+00  0.1229E+02
   1.710  0.1687E+00  0.1979E+00  0.1230E+02
   1.720  0.1689E+00  0.1976E+00  0.1230E+02
   1.730  0.1691E+00  0.1973E+00  0.1230E+02
   1.740  0.1693E+00  0.1968E+00  0.1231E+02
   1.750  0.1695E+00  0.1964E+00  0.1231E+02
   1.760  0.1697E+00  0.1959E+00  0.1231E+02
   1.770  0.1699E+00  0.1955E+00  0.1232E+02
   1.780  0.1701E+00  0.1950E+00  0.1232E+02
   1.790  0.1702E+00  0.1946E+00  0.1233E+02
   1.800  0.1688E+00  0.1941E+00  0.1233E+02
   1.810  0.1679E+00  0.1937E+00  0.1233E+02
   1.820  0.1669E+00  0.1932E+00  0.1234E+02
   1.830  0.1660E+00  0.1927E+00  0.1234E+02
   1.840  0.1654E+00  0.1924E+00  0.1234E+02
   1.850  0.1646E+00  0.1927E+00  0.1235E+02
   1.860  0.1645E+00  0.1927E+00  0.1235E+02
   1.870  0.1645E+00  0.1921E+00  0.1235E+02
   1.880  0.1644E+00  0.1917E+00  0.1236E+02
   1.890  0.1644E+00  0.1915E+00  0.1236E+02
   1.900  0.1643E+00  0.1912E+00  0.1237E+02
   1.910  0.1643E+00  0.1910E+00  0.1237E+02
   1.920  0.1642E+00  0.1908E+00  0.1237E+02
   1.930  0.1641E+00  0.1906E+00  0.1238E+02
   1.940  0.1640E+00  0.1904E+00  0.1238E+02
   1.950  0.1640E+00  0.1901E+00  0.1238E+02
   1.960  0.1639E+00  0.1899E+00  0.1239E+02
   1.970  0.1637E+00  0.1906E+00  0.1239E+02
   1.980  0.1634E+00  0.1895E+00  0.1239E+02
   1.990  0.1630E+00  0.1885E+00  0.1240E+02
   2.000  0.1627E+00  0.1875E+00  0.1240E+02
   2.010  0.1624E+00  0.1874E+00  0.1240E+02
   2.020  0.1622E+00  0.1873E+00  0.1241E+02
   2.030  0.1620E+00  0.1872E+00  0.1241E+02
   2.040  0.1617E+00  0.1870E+00  0.1241E+02
   2.050  0.1637E+00  0.1868E+00  0.1242E+02
   2.060  0.1635E+00  0.1866E+00  0.1242E+02
   2.070  0.1633E+00  0.1865E+00  0.1242E+02
   2.080  0.1631E+00  0.1863E+00  0.1243E+02
   2.090  0.1629E+00  0.1861E+00  0.1243E+02
   2.100  0.1623E+00  0.1859E+00  0.1244E+02
   2.110  0.1617E+00  0.1857E+00  0.1244E+02
   2.120  0.1612E+00  0.1855E+00  0.1244E+02
   2.130  0.1608E+00  0.1853E+00  0.1245E+02
   2.140  0.1604E+00  0.1849E+00  0.1245E+02
   2.150  0.1599E+00  0.1838E+00  0.1245E+02
   2.160  0.1595E+00  0.1830E+00  0.1246E+02
   2.170  0.1591E+00  0.1827E+00  0.1246E+02
   2.180  0.1586E+00  0.1821E+00  0.1246E+02
   2.190  0.1585E+00  0.1816E+00  0.1247E+02
   2.200  0.1581E+00  0.1815E+00  0.1247E+02
   2.210  0.1577E+00  0.1838E+00  0.1247E+02
   2.220  0.1574E+00  0.2674E+00  0.1248E+02
   2.230  0.1571E+00  0.2888E+00  0.1248E+02
   2.240  0.1567E+00  0.3132E+00  0.1249E+02
   2.250  0.1564E+00  0.2839E+00  0.1249E+02
   2.260  0.1566E+00  0.2953E+00  0.1250E+02
   2.270  0.1568E+00  0.3065E+00  0.1250E+02
   2.280  0.1923E+00  0.2930E+00  0.1250E+02
   2.290  0.2475E+00  0.2856E+00  0.1251E+02
   2.300  0.2684E+00  0.2919E+00  0.1252E+02
   2.310  0.2714E+00  0.2985E+00  0.1252E+02
   2.320  0.2608E+00  0.2972E+00  0.1253E+02
   2.330  0.2721E+00  0.2899E+00  0.1253E+02
   2.340  0.2833E+00  0.2890E+00  0.1254E+02
   2.350  0.2667E+00  0.2881E+00  0.1254E+02
   2.360  0.2624E+00  0.2910E+00  0.1255E+02
   2.370  0.2685E+00  0.2954E+00  0.1255E+02
   2.380  0.2746E+00  0.2926E+00  0.1256E+02
   2.390  0.2685E+00  0.2876E+00  0.1257E+02
   2.400  0.2638E+00  0.2873E+00  0.1257E+02
   2.410  0.2630E+00  0.2879E+00  0.1258E+02
   2.420  0.2619E+00  0.2886E+00  0.1258E+02
   2.430  0.2657E+00  0.2892E+00  0.1259E+02
   2.440  0.2703E+00  0.2913E+00  0.1259E+02
   2.450  0.2668E+00  0.2944E+00  0.1260E+02
   2.460  0.2621E+00  0.2881E+00  0.1260E+02
   2.470  0.2622E+00  0.2863E+00  0.1261E+02
   2.480  0.2628E+00  0.2847E+00  0.1262E+02
   2.490  0.2634E+00  0.2858E+00  0.1262E+02
   2.500  0.2640E+00  0.2869E+00  0.1263E+02
   2.510  0.2666E+00  0.2878E+00  0.1263E+02
   2.520  0.2698E+00  0.2887E+00  0.1264E+02
   2.530  0.2635E+00  0.2895E+00  0.1264E+02
   2.540  0.2618E+00  0.2909E+00  0.1265E+02
   2.550  0.2604E+00  0.2861E+00  0.1265E+02
   2.560  0.2615E+00  0.2846E+00  0.1266E+02
   2.570  0.2623E+00  0.2840E+00  0.1267E+02
   2.580  0.2630E+00  0.2835E+00  0.1267E+02
   2.590  0.2638E+00  0.2829E+00  0.1268E+02
   2.600  0.2645E+00  0.2846E+00  0.1268E+02
   2.610  0.2665E+00  0.2854E+00  0.1269E+02
   2.620  0.2620E+00  0.2862E+00  0.1269E+02
   2.630  0.2627E+00  0.2870E+00  0.1270E+02
   2.640  0.2622E+00  0.2872E+00  0.1270E+02
   2.650  0.2616E+00  0.2830E+00  0.1271E+02
   2.660  0.2610E+00  0.2827E+00  0.1271E+02
   2.670  0.2623E+00  0.2824E+00  0.1272E+02
   2.680  0.2630E+00  0.2822E+00  0.1273E+02
   2.690  0.2636E+00  0.2820E+00  0.1273E+02
   2.700  0.2643E+00  0.2819E+00  0.1274E+02
   2.710  0.2649E+00  0.2817E+00  0.1274E+02
   2.720  0.2604E+00  0.2826E+00  0.1275E+02
   2.730  0.2600E+00  0.2833E+00  0.1275E+02
   2.740  0.2597E+00  0.2835E+00  0.1276E+02
   2.750  0.2589E+00  0.2837E+00  0.1276E+02
   2.760  0.2585E+00  0.2809E+00  0.1277E+02
   2.770  0.2582E+00  0.2790E+00  0.1277E+02
   2.780  0.2579E+00  0.2782E+00  0.1278E+02
   2.790  0.2575E+00  0.2784E+00  0.1279E+02
   2.800  0.2589E+00  0.2788E+00  0.1279E+02
   2.810  0.2595E+00  0.2791E+00  0.1280E+02
   2.820  0.2600E+00  0.2795E+00  0.1280E+02
   2.830  0.2582E+00  0.2798E+00  0.1281E+02
   2.840  0.2566E+00  0.2803E+00  0.1281E+02
   2.850  0.2556E+00  0.2807E+00  0.1282E+02
   2.860  0.2555E+00  0.2806E+00  0.1282E+02
   2.870  0.2560E+00  0.2816E+00  0.1283E+02
   2.880  0.2564E+00  0.2819E+00  0.1283E+02
   2.890  0.2568E+00  0.2788E+00  0.1284E+02
   2.900  0.2572E+00  0.2778E+00  0.1284E+02
   2.910  0.2576E+00  0.2767E+00  0.1285E+02
   2.920  0.2582E+00  0.2757E+00  0.1286E+02
   2.930  0.2587E+00  0.2750E+00  0.1286E+02
   2.940  0.2601E+00  0.2747E+00  0.1287E+02
   2.950  0.2611E+00  0.2746E+00  0.1287E+02
   2.960  0.2605E+00  0.2750E+00  0.1288E+02
   2.970  0.2576E+00  0.2753E+00  0.1288E+02
   2.980  0.2545E+00  0.2755E+00  0.1289E+02
   2.990  0.2540E+00  0.2758E+00  0.1289E+02
   3.000  0.2538E+00  0.2761E+00  0.1290E+02
   3.010  0.2536E+00  0.2764E+00  0.1290E+02
   3.020  0.2541E+00  0.3154E+00  0.1291E+02
   3.030  0.2545E+00  0.3547E+00  0.1291E+02
   3.040  0.2549E+00  0.3701E+00  0.1292E+02
   3.050  0.2553E+00  0.3902E+00  0.1293E+02
   3.060  0.2556E+00  0.3613E+00  0.1293E+02
   3.070  0.2559E+00  0.3695E+00  0.1294E+02
   3.080  0.2560E+00  0.3779E+00  0.1295E+02
   3.090  0.2558E+00  0.3736E+00  0.1295E+02
   3.100  0.2559E+00  0.3675E+00  0.1296E+02
   3.110  0.2542E+00  0.3643E+00  0.1296E+02
   3.120  0.2533E+00  0.3696E+00  0.1297E+02
   3.130  0.2531E+00  0.3749E+00  0.1298E+02
   3.140  0.2528E+00  0.3789E+00  0.1298E+02
   3.150  0.2523E+00  0.3705E+00  0.1299E+02
   3.160  0.2520E+00  0.3702E+00  0.1300E+02
   3.170  0.2516E+00  0.3700E+00  0.1300E+02
   3.180  0.2958E+00  0.3691E+00  0.1301E+02
   3.190  0.3346E+00  0.3711E+00  0.1302E+02
   3.200  0.3521E+00  0.3743E+00  0.1302E+02
   3.210  0.3638E+00  0.3718E+00  0.1303E+02
   3.220  0.3439E+00  0.3679E+00  0.1304E+02
   3.230  0.3533E+00  0.3669E+00  0.1304E+02
   3.240  0.3626E+00  0.3673E+00  0.1305E+02
   3.250  0.3573E+00  0.3677E+00  0.1306E+02
   3.260  0.3503E+00  0.3681E+00  0.1307E+02
   3.270  0.3496E+00  0.3685E+00  0.1307E+02
   3.280  0.3545E+00  0.3710E+00  0.1308E+02
   3.290  0.3602E+00  0.3736E+00  0.1309E+02
   3.300  0.3525E+00  0.3687E+00  0.1310E+02
   3.310  0.3505E+00  0.3673E+00  0.1310E+02
   3.320  0.3498E+00  0.3664E+00  0.1311E+02
   3.330  0.3491E+00  0.3654E+00  0.1312E+02
   3.340  0.3514E+00  0.3678E+00  0.1312E+02
   3.350  0.3552E+00  0.3672E+00  0.1313E+02
   3.360  0.3590E+00  0.3670E+00  0.1314E+02
   3.370  0.3512E+00  0.3674E+00  0.1315E+02
   3.380  0.3475E+00  0.3679E+00  0.1315E+02
   3.390  0.3498E+00  0.3696E+00  0.1316E+02
   3.400  0.3506E+00  0.3658E+00  0.1317E+02
   3.410  0.3513E+00  0.3654E+00  0.1317E+02
   3.420  0.3520E+00  0.3651E+00  0.1318E+02
   3.430  0.3529E+00  0.3651E+00  0.1319E+02
   3.440  0.3545E+00  0.3650E+00  0.1320E+02
   3.450  0.3497E+00  0.3650E+00  0.1320E+02
   3.460  0.3475E+00  0.3671E+00  0.1321E+02
   3.470  0.3462E+00  0.3677E+00  0.1322E+02
   3.480  0.3449E+00  0.3679E+00  0.1322E+02
   3.490  0.3480E+00  0.3681E+00  0.1323E+02
   3.500  0.3492E+00  0.3684E+00  0.1324E+02
   3.510  0.3503E+00  0.3654E+00  0.1325E+02
   3.520  0.3515E+00  0.3642E+00  0.1325E+02
   3.530  0.3527E+00  0.3633E+00  0.1326E+02
   3.540  0.3553E+00  0.3622E+00  0.1327E+02
   3.550  0.3514E+00  0.3618E+00  0.1327E+02
   3.560  0.3505E+00  0.3615E+00  0.1328E+02
   3.570  0.3500E+00  0.3616E+00  0.1329E+02
   3.580  0.3491E+00  0.3616E+00  0.1330E+02
   3.590  0.3486E+00  0.3616E+00  0.1330E+02
   3.600  0.3495E+00  0.3631E+00  0.1331E+02
   3.610  0.3501E+00  0.3638E+00  0.1332E+02
   3.620  0.3501E+00  0.3650E+00  0.1332E+02
   3.630  0.3504E+00  0.3659E+00  0.1333E+02
   3.640  0.3507E+00  0.3636E+00  0.1334E+02
   3.650  0.3503E+00  0.3624E+00  0.1335E+02
   3.660  0.3467E+00  0.3618E+00  0.1335E+02
   3.670  0.3463E+00  0.3618E+00  0.1336E+02
   3.680  0.3459E+00  0.3621E+00  0.1337E+02
   3.690  0.3456E+00  0.3623E+00  0.1337E+02
   3.700  0.3459E+00  0.3625E+00  0.1338E+02
   3.710  0.3461E+00  0.3627E+00  0.1339E+02
   3.720  0.3462E+00  0.3626E+00  0.1340E+02
   3.730  0.3464E+00  0.3613E+00  0.1340E+02
   3.740  0.3477E+00  0.3607E+00  0.1341E+02
   3.750  0.3485E+00  0.3626E+00  0.1342E+02
   3.760  0.3493E+00  0.3636E+00  0.1342E+02
   3.770  0.3501E+00  0.3638E+00  0.1343E+02
   3.780  0.3481E+00  0.3618E+00  0.1344E+02
   3.790  0.3467E+00  0.3607E+00  0.1345E+02
   3.800  0.3455E+00  0.3599E+00  0.1345E+02
   3.810  0.3445E+00  0.3591E+00  0.1346E+02
   3.820  0.3441E+00  0.3586E+00  0.1347E+02
   3.830  0.3439E+00  0.3581E+00  0.1347E+02
   3.840  0.3438E+00  0.3581E+00  0.1348E+02
   3.850  0.3437E+00  0.3586E+00  0.1349E+02
   3.860  0.3435E+00  0.3588E+00  0.1349E+02
   3.870  0.3435E+00  0.3590E+00  0.1350E+02
   3.880  0.3434E+00  0.3591E+00  0.1351E+02
   3.890  0.3474E+00  0.3593E+00  0.1352E+02
   3.900  0.3483E+00  0.3594E+00  0.1352E+02
   3.910  0.3487E+00  0.3595E+00  0.1353E+02
   3.920  0.3467E+00  0.3596E+00  0.1354E+02
   3.930  0.3456E+00  0.3598E+00  0.1354E+02
   3.940  0.3452E+00  0.3572E+00  0.1355E+02
   3.950  0.3446E+00  0.3558E+00  0.1356E+02
   3.960  0.3442E+00  0.3553E+00  0.1357E+02
   3.970  0.3438E+00  0.3550E+00  0.1357E+02
   3.980  0.3440E+00  0.3553E+00  0.1358E+02
   3.990  0.3442E+00  0.3555E+00  0.1359E+02
   4.000  0.3444E+00  0.3557E+00  0.1359E+02
   4.010  0.3445E+00  0.3559E+00  0.1360E+02
   4.020  0.3441E+00  0.3562E+00  0.1361E+02
   4.030  0.3431E+00  0.3569E+00  0.1361E+02
   4.040  0.3427E+00  0.3575E+00  0.1362E+02
   4.050  0.3423E+00  0.3582E+00  0.1363E+02
   4.060  0.3425E+00  0.3588E+00  0.1364E+02
   4.070  0.3426E+00  0.3589E+00  0.1364E+02
   4.080  0.3424E+00  0.3593E+00  0.1365E+02
   4.090  0.3423E+00  0.3596E+00  0.1366E+02
   4.100  0.3427E+00  0.3602E+00  0.1366E+02
   4.110  0.3431E+00  0.3546E+00  0.1367E+02
   4.120  0.3431E+00  0.3543E+00  0.1368E+02
   4.130  0.3429E+00  0.3546E+00  0.1368E+02
   4.140  0.3428E+00  0.3547E+00  0.1369E+02
   4.150  0.3426E+00  0.3550E+00  0.1370E+02
   4.160  0.3425E+00  0.3544E+00  0.1370E+02
   4.170  0.3426E+00  0.3541E+00  0.1371E+02
   4.180  0.3427E+00  0.3541E+00  0.1372E+02
   4.190  0.3432E+00  0.3537E+00  0.1373E+02
   4.200  0.3433E+00  0.3534E+00  0.1373E+02
   4.210  0.3435E+00  0.3531E+00  0.1374E+02
   4.220  0.3438E+00  0.3529E+00  0.1375E+02
   4.230  0.3440E+00  0.3529E+00  0.1375E+02
   4.240  0.3428E+00  0.3532E+00  0.1376E+02
   4.250  0.3408E+00  0.3536E+00  0.1377E+02
   4.260  0.3396E+00  0.3538E+00  0.1377E+02
   4.270  0.3394E+00  0.3539E+00  0.1378E+02
   4.280  0.3389E+00  0.3540E+00  0.1379E+02
   4.290  0.3386E+00  0.3529E+00  0.1380E+02
   4.300  0.3384E+00  0.3521E+00  0.1380E+02
   4.310  0.3381E+00  0.3515E+00  0.1381E+02
   4.320  0.3382E+00  0.3512E+00  0.1382E+02
   4.330  0.3383E+00  0.3508E+00  0.1382E+02
   4.340  0.3385E+00  0.3504E+00  0.1383E+02
   4.350  0.3385E+00  0.3509E+00  0.1384E+02
   4.360  0.3385E+00  0.3510E+00  0.1384E+02
   4.370  0.3389E+00  0.3513E+00  0.1385E+02
   4.380  0.3393E+00  0.3514E+00  0.1386E+02
   4.390  0.3396E+00  0.3549E+00  0.1386E+02
   4.400  0.3399E+00  0.3539E+00  0.1387E+02
   4.410  0.3401E+00  0.3535E+00  0.1388E+02
   4.420  0.3393E+00  0.3531E+00  0.1389E+02
   4.430  0.3386E+00  0.3525E+00  0.1389E+02
   4.440  0.3380E+00  0.3520E+00  0.1390E+02
   4.450  0.3377E+00  0.3515E+00  0.1391E+02
   4.460  0.3377E+00  0.3514E+00  0.1391E+02
   4.470  0.3376E+00  0.3513E+00  0.1392E+02
   4.480  0.3380E+00  0.3513E+00  0.1393E+02
   4.490  0.3371E+00  0.3498E+00  0.1393E+02
   4.500  0.3421E+00  0.3490E+00  0.1394E+02
   4.510  0.3928E+00  0.3484E+00  0.1395E+02
   4.520  0.4286E+00  0.3479E+00  0.1396E+02
   4.530  0.4635E+00  0.3476E+00  0.1396E+02
   4.540  0.4630E+00  0.3473E+00  0.1397E+02
   4.550  0.4645E+00  0.3470E+00  0.1398E+02
   4.560  0.5021E+00  0.3468E+00  0.1399E+02
   4.570  0.4936E+00  0.3465E+00  0.1400E+02
   4.580  0.4852E+00  0.3474E+00  0.1401E+02
   4.590  0.4768E+00  0.3481E+00  0.1401E+02
   4.600  0.4688E+00  0.3488E+00  0.1402E+02
   4.610  0.5080E+00  0.3496E+00  0.1403E+02
   4.620  0.5011E+00  0.3503E+00  0.1404E+02
   4.630  0.4896E+00  0.3510E+00  0.1405E+02
   4.640  0.4782E+00  0.3512E+00  0.1406E+02
   4.650  0.4766E+00  0.3502E+00  0.1406E+02
   4.660  0.4767E+00  0.3499E+00  0.1407E+02
   4.670  0.4767E+00  0.3497E+00  0.1408E+02
   4.680  0.4768E+00  0.3494E+00  0.1409E+02
   4.690  0.5172E+00  0.3491E+00  0.1410E+02
   4.700  0.4999E+00  0.3481E+00  0.1411E+02
   4.710  0.4839E+00  0.3475E+00  0.1411E+02
   4.720  0.4798E+00  0.3470E+00  0.1412E+02
   4.730  0.4793E+00  0.3466E+00  0.1413E+02
   4.740  0.4786E+00  0.3462E+00  0.1414E+02
   4.750  0.4783E+00  0.3460E+00  0.1415E+02
   4.760  0.4781E+00  0.3457E+00  0.1416E+02
   4.770  0.4779E+00  0.3455E+00  0.1416E+02
   4.780  0.4776E+00  0.3454E+00  0.1417E+02
   4.790  0.4780E+00  0.3453E+00  0.1418E+02
   4.800  0.5282E+00  0.3452E+00  0.1419E+02
   4.810  0.4892E+00  0.3449E+00  0.1420E+02
   4.820  0.4812E+00  0.3448E+00  0.1421E+02
   4.830  0.4814E+00  0.3447E+00  0.1421E+02
   4.840  0.4802E+00  0.3451E+00  0.1422E+02
   4.850  0.4789E+00  0.3452E+00  0.1423E+02
   4.860  0.4781E+00  0.3452E+00  0.1424E+02
   4.870  0.4772E+00  0.3453E+00  0.1425E+02
   4.880  0.4767E+00  0.3453E+00  0.1425E+02
   4.890  0.4769E+00  0.3454E+00  0.1426E+02
   4.900  0.4773E+00  0.3454E+00  0.1427E+02
   4.910  0.4779E+00  0.3449E+00  0.1428E+02
   4.920  0.4785E+00  0.3444E+00  0.1429E+02
   4.930  0.4790E+00  0.3430E+00  0.1430E+02
   4.940  0.5440E+00  0.3423E+00  0.1430E+02
   4.950  0.4795E+00  0.3419E+00  0.1431E+02
   4.960  0.4805E+00  0.3418E+00  0.1432E+02
   4.970  0.4813E+00  0.3418E+00  0.1433E+02
   4.980  0.4822E+00  0.3418E+00  0.1434E+02
   4.990  0.4829E+00  0.3418E+00  0.1435E+02
   5.000  0.4829E+00  0.3417E+00  0.1435E+02
   5.010  0.4832E+00  0.3416E+00  0.1436E+02
   5.020  0.4851E+00  0.3415E+00  0.1437E+02
   5.030  0.4870E+00  0.3392E+00  0.1438E+02
   5.040  0.4890E+00  0.3392E+00  0.1439E+02
   5.050  0.4913E+00  0.3392E+00  0.1440E+02
   5.060  0.4937E+00  0.3392E+00  0.1440E+02
   5.070  0.4962E+00  0.3393E+00  0.1441E+02
   5.080  0.4988E+00  0.3393E+00  0.1442E+02
   5.090  0.5017E+00  0.3393E+00  0.1443E+02
   5.100  0.5049E+00  0.3394E+00  0.1444E+02
   5.110  0.5601E+00  0.3398E+00  0.1445E+02
   5.120  0.5112E+00  0.3401E+00  0.1446E+02
   5.130  0.5146E+00  0.3405E+00  0.1446E+02
   5.140  0.5183E+00  0.3408E+00  0.1447E+02
   5.150  0.5209E+00  0.3410E+00  0.1448E+02
   5.160  0.5224E+00  0.3415E+00  0.1449E+02
   5.170  0.5235E+00  0.3407E+00  0.1450E+02
   5.180  0.5224E+00  0.3405E+00  0.1451E+02
   5.190  0.5161E+00  0.3396E+00  0.1452E+02
   5.200  0.5108E+00  0.3390E+00  0.1452E+02
   5.210  0.5072E+00  0.3386E+00  0.1453E+02
   5.220  0.5061E+00  0.3383E+00  0.1454E+02
   5.230  0.5076E+00  0.3380E+00  0.1455E+02
   5.240  0.5089E+00  0.3379E+00  0.1456E+02
   5.250  0.5102E+00  0.3379E+00  0.1457E+02
   5.260  0.5116E+00  0.3379E+00  0.1457E+02
   5.270  0.5131E+00  0.3378E+00  0.1458E+02
   5.280  0.4883E+00  0.3379E+00  0.1459E+02
   5.290  0.4855E+00  0.3380E+00  0.1460E+02
   5.300  0.5364E+00  0.3942E+00  0.1461E+02
   5.310  0.4836E+00  0.4524E+00  0.1462E+02
   5.320  0.4825E+00  0.4950E+00  0.1463E+02
   5.330  0.4832E+00  0.4978E+00  0.1464E+02
   5.340  0.4851E+00  0.5470E+00  0.1465E+02
   5.350  0.4868E+00  0.5347E+00  0.1466E+02
   5.360  0.4906E+00  0.5227E+00  0.1467E+02
   5.370  0.4926E+00  0.5102E+00  0.1468E+02
   5.380  0.4915E+00  0.5508E+00  0.1469E+02
   5.390  0.4901E+00  0.5436E+00  0.1470E+02
   5.400  0.4860E+00  0.5283E+00  0.1471E+02
   5.410  0.4771E+00  0.5158E+00  0.1472E+02
   5.420  0.4766E+00  0.5156E+00  0.1473E+02
   5.430  0.4736E+00  0.5160E+00  0.1474E+02
   5.440  0.4731E+00  0.5164E+00  0.1475E+02
   5.450  0.4735E+00  0.5545E+00  0.1476E+02
   5.460  0.4958E+00  0.5332E+00  0.1477E+02
   5.470  0.4929E+00  0.5211E+00  0.1478E+02
   5.480  0.4899E+00  0.5197E+00  0.1479E+02
   5.490  0.4870E+00  0.5201E+00  0.1480E+02
   5.500  0.4841E+00  0.5208E+00  0.1481E+02
   5.510  0.4814E+00  0.5215E+00  0.1482E+02
   5.520  0.4805E+00  0.5223E+00  0.1483E+02
   5.530  0.4805E+00  0.5932E+00  0.1484E+02
   5.540  0.4806E+00  0.5514E+00  0.1485E+02
   5.550  0.4815E+00  0.5303E+00  0.1486E+02
   5.560  0.4834E+00  0.5330E+00  0.1487E+02
   5.570  0.4853E+00  0.5510E+00  0.1488E+02
   5.580  0.4840E+00  0.5546E+00  0.1489E+02
   5.590  0.4851E+00  0.5541E+00  0.1490E+02
   5.600  0.4866E+00  0.5534E+00  0.1491E+02
   5.610  0.4882E+00  0.5538E+00  0.1492E+02
   5.620  0.4900E+00  0.5546E+00  0.1493E+02
   5.630  0.4928E+00  0.5685E+00  0.1494E+02
   5.640  0.4956E+00  0.5647E+00  0.1495E+02
   5.650  0.4966E+00  0.5835E+00  0.1497E+02
   5.660  0.4954E+00  0.5567E+00  0.1498E+02
   5.670  0.4955E+00  0.5532E+00  0.1499E+02
   5.680  0.4942E+00  0.5490E+00  0.1500E+02
   5.690  0.4960E+00  0.5435E+00  0.1501E+02
   5.700  0.4979E+00  0.5398E+00  0.1502E+02
   5.710  0.4997E+00  0.5369E+00  0.1503E+02
   5.720  0.5016E+00  0.5480E+00  0.1504E+02
   5.730  0.5000E+00  0.5473E+00  0.1505E+02
   5.740  0.4947E+00  0.5466E+00  0.1506E+02
   5.750  0.4913E+00  0.5430E+00  0.1507E+02
   5.760  0.4891E+00  0.5342E+00  0.1508E+02
   5.770  0.4871E+00  0.5211E+00  0.1509E+02
   5.780  0.4850E+00  0.5671E+00  0.1510E+02
   5.790  0.4830E+00  0.4885E+00  0.1511E+02
   5.800  0.4812E+00  0.4806E+00  0.1512E+02
   5.810  0.4791E+00  0.4771E+00  0.1513E+02
   5.820  0.4785E+00  0.4745E+00  0.1514E+02
   5.830  0.4798E+00  0.4711E+00  0.1515E+02
   5.840  0.4971E+00  0.4740E+00  0.1516E+02
   5.850  0.5023E+00  0.4729E+00  0.1517E+02
   5.860  0.5008E+00  0.4719E+00  0.1518E+02
   5.870  0.4995E+00  0.4709E+00  0.1519E+02
   5.880  0.4981E+00  0.4742E+00  0.1520E+02
   5.890  0.4964E+00  0.5016E+00  0.1521E+02
   5.900  0.4952E+00  0.5145E+00  0.1522E+02
   5.910  0.4908E+00  0.5180E+00  0.1523E+02
   5.920  0.4863E+00  0.5746E+00  0.1524E+02
   5.930  0.4826E+00  0.5668E+00  0.1525E+02
   5.940  0.4798E+00  0.5555E+00  0.1526E+02
   5.950  0.4774E+00  0.5444E+00  0.1527E+02
   5.960  0.4756E+00  0.5416E+00  0.1528E+02
   5.970  0.4738E+00  0.5403E+00  0.1529E+02
   5.980  0.4722E+00  0.5405E+00  0.1530E+02
   5.990  0.4765E+00  0.5407E+00  0.1531E+02
   6.000  0.4794E+00  0.5409E+00  0.1532E+02
   6.010  0.4809E+00  0.5652E+00  0.1533E+02
   6.020  0.4823E+00  0.5639E+00  0.1534E+02
   6.030  0.4842E+00  0.5648E+00  0.1535E+02
   6.040  0.4872E+00  0.5661E+00  0.1536E+02
   6.050  0.4930E+00  0.5676E+00  0.1537E+02
   6.060  0.4968E+00  0.5691E+00  0.1538E+02
   6.070  0.4990E+00  0.5700E+00  0.1539E+02
   6.080  0.4991E+00  0.5663E+00  0.1541E+02
   6.090  0.4979E+00  0.5628E+00  0.1542E+02
   6.100  0.4971E+00  0.5586E+00  0.1543E+02
   6.110  0.4963E+00  0.5495E+00  0.1544E+02
   6.120  0.4956E+00  0.5423E+00  0.1545E+02
   6.130  0.4950E+00  0.5387E+00  0.1546E+02
   6.140  0.4944E+00  0.5352E+00  0.1547E+02
   6.150  0.4948E+00  0.5333E+00  0.1548E+02
   6.160  0.4957E+00  0.5373E+00  0.1549E+02
   6.170  0.4980E+00  0.5592E+00  0.1550E+02
   6.180  0.5016E+00  0.5618E+00  0.1551E+02
   6.190  0.5070E+00  0.5550E+00  0.1552E+02
   6.200  0.5172E+00  0.5482E+00  0.1553E+02
   6.210  0.5284E+00  0.5414E+00  0.1554E+02
   6.220  0.5347E+00  0.5345E+00  0.1555E+02
   6.230  0.5358E+00  0.5283E+00  0.1556E+02
   6.240  0.5403E+00  0.5223E+00  0.1557E+02
   6.250  0.5447E+00  0.5162E+00  0.1558E+02
   6.260  0.5496E+00  0.5097E+00  0.1559E+02
   6.270  0.5544E+00  0.5052E+00  0.1561E+02
   6.280  0.5592E+00  0.5033E+00  0.1562E+02
   6.290  0.5440E+00  0.5095E+00  0.1563E+02
   6.300  0.5347E+00  0.5123E+00  0.1564E+02
   6.310  0.5303E+00  0.5158E+00  0.1565E+02
   6.320  0.5291E+00  0.5194E+00  0.1566E+02
   6.330  0.5278E+00  0.5238E+00  0.1567E+02
   6.340  0.5352E+00  0.5282E+00  0.1568E+02
   6.350  0.5445E+00  0.5328E+00  0.1569E+02
   6.360  0.4923E+00  0.5378E+00  0.1570E+02
   6.370  0.4909E+00  0.5392E+00  0.1571E+02
   6.380  0.4888E+00  0.5388E+00  0.1572E+02
   6.390  0.4869E+00  0.5386E+00  0.1573E+02
   6.400  0.4853E+00  0.5400E+00  0.1574E+02
   6.410  0.4848E+00  0.5429E+00  0.1575E+02
   6.420  0.4842E+00  0.5455E+00  0.1576E+02
   6.430  0.4838E+00  0.5487E+00  0.1577E+02
   6.440  0.4839E+00  0.5563E+00  0.1578E+02
   6.450  0.4837E+00  0.5660E+00  0.1579E+02
   6.460  0.4827E+00  0.5812E+00  0.1580E+02
   6.470  0.4816E+00  0.6013E+00  0.1581E+02
   6.480  0.4807E+00  0.6209E+00  0.1583E+02
   6.490  0.4810E+00  0.5747E+00  0.1584E+02
   6.500  0.5691E+00  0.5600E+00  0.1585E+02
   6.510  0.4842E+00  0.5478E+00  0.1586E+02
   6.520  0.4853E+00  0.5437E+00  0.1587E+02
   6.530  0.4865E+00  0.5380E+00  0.1588E+02
   6.540  0.4872E+00  0.5354E+00  0.1589E+02
   6.550  0.4881E+00  0.5414E+00  0.1590E+02
   6.560  0.4891E+00  0.5668E+00  0.1591E+02
   6.570  0.4905E+00  0.5124E+00  0.1592E+02
   6.580  0.4919E+00  0.5107E+00  0.1593E+02
   6.590  0.5176E+00  0.5111E+00  0.1594E+02
   6.600  0.5154E+00  0.5118E+00  0.1595E+02
   6.610  0.4825E+00  0.5127E+00  0.1596E+02
   6.620  0.4814E+00  0.5136E+00  0.1597E+02
   6.630  0.4837E+00  0.5143E+00  0.1598E+02
   6.640  0.4871E+00  0.5130E+00  0.1599E+02
   6.650  0.4914E+00  0.5118E+00  0.1600E+02
   6.660  0.4983E+00  0.5108E+00  0.1601E+02
   6.670  0.5052E+00  0.5108E+00  0.1602E+02
   6.680  0.5108E+00  0.5105E+00  0.1603E+02
   6.690  0.5164E+00  0.5106E+00  0.1604E+02
   6.700  0.5225E+00  0.5107E+00  0.1605E+02
   6.710  0.5496E+00  0.5108E+00  0.1606E+02
   6.720  0.5372E+00  0.5767E+00  0.1607E+02
   6.730  0.5250E+00  0.5265E+00  0.1608E+02
   6.740  0.5288E+00  0.5151E+00  0.1609E+02
   6.750  0.5307E+00  0.5157E+00  0.1610E+02
   6.760  0.5347E+00  0.5162E+00  0.1611E+02
   6.770  0.5255E+00  0.5169E+00  0.1612E+02
   6.780  0.5009E+00  0.5174E+00  0.1614E+02
   6.790  0.4771E+00  0.5181E+00  0.1615E+02
   6.800  0.4474E+00  0.5188E+00  0.1615E+02
   6.810  0.4497E+00  0.5221E+00  0.1616E+02
   6.820  0.4501E+00  0.5333E+00  0.1617E+02
   6.830  0.4526E+00  0.5494E+00  0.1618E+02
   6.840  0.4561E+00  0.5666E+00  0.1619E+02
   6.850  0.4592E+00  0.5638E+00  0.1620E+02
   6.860  0.4619E+00  0.5546E+00  0.1621E+02
   6.870  0.4646E+00  0.5500E+00  0.1623E+02
   6.880  0.4672E+00  0.5476E+00  0.1624E+02
   6.890  0.4335E+00  0.5414E+00  0.1625E+02
   6.900  0.4096E+00  0.5374E+00  0.1626E+02
   6.910  0.3992E+00  0.5335E+00  0.1626E+02
   6.920  0.3965E+00  0.5552E+00  0.1627E+02
   6.930  0.3939E+00  0.5458E+00  0.1628E+02
   6.940  0.3913E+00  0.5333E+00  0.1629E+02
   6.950  0.3888E+00  0.5385E+00  0.1630E+02
   6.960  0.3862E+00  0.5115E+00  0.1631E+02
   6.970  0.3837E+00  0.4871E+00  0.1632E+02
   6.980  0.3935E+00  0.4749E+00  0.1633E+02
   6.990  0.3897E+00  0.4684E+00  0.1634E+02
   7.000  0.3865E+00  0.4598E+00  0.1635E+02
   7.010  0.3836E+00  0.4501E+00  0.1635E+02
   7.020  0.3774E+00  0.4411E+00  0.1636E+02
   7.030  0.3762E+00  0.4343E+00  0.1637E+02
   7.040  0.3840E+00  0.4315E+00  0.1638E+02
   7.050  0.4001E+00  0.4286E+00  0.1639E+02
   7.060  0.3926E+00  0.4258E+00  0.1640E+02
   7.070  0.3618E+00  0.4220E+00  0.1640E+02
   7.080  0.3608E+00  0.4101E+00  0.1641E+02
   7.090  0.3599E+00  0.4006E+00  0.1642E+02
   7.100  0.3590E+00  0.3992E+00  0.1643E+02
   7.110  0.3581E+00  0.3984E+00  0.1643E+02
   7.120  0.3573E+00  0.3977E+00  0.1644E+02
   7.130  0.3565E+00  0.3928E+00  0.1645E+02
   7.140  0.3557E+00  0.3842E+00  0.1646E+02
   7.150  0.3524E+00  0.3756E+00  0.1646E+02
   7.160  0.3490E+00  0.3671E+00  0.1647E+02
   7.170  0.3480E+00  0.3632E+00  0.1648E+02
   7.180  0.3481E+00  0.3611E+00  0.1649E+02
   7.190  0.3482E+00  0.3589E+00  0.1649E+02
   7.200  0.3483E+00  0.3568E+00  0.1650E+02
   7.210  0.3484E+00  0.3548E+00  0.1651E+02
   7.220  0.3488E+00  0.3524E+00  0.1651E+02
   7.230  0.3489E+00  0.3520E+00  0.1652E+02
   7.240  0.3390E+00  0.3651E+00  0.1653E+02
   7.250  0.3399E+00  0.3677E+00  0.1653E+02
   7.260  0.3408E+00  0.4083E+00  0.1654E+02
   7.270  0.3424E+00  0.3963E+00  0.1655E+02
   7.280  0.3442E+00  0.3349E+00  0.1656E+02
   7.290  0.3799E+00  0.3389E+00  0.1656E+02
   7.300  0.3198E+00  0.3467E+00  0.1657E+02
   7.310  0.3284E+00  0.3412E+00  0.1658E+02
   7.320  0.3276E+00  0.3383E+00  0.1658E+02
   7.330  0.3267E+00  0.3315E+00  0.1659E+02
   7.340  0.3254E+00  0.3200E+00  0.1660E+02
   7.350  0.3244E+00  0.3085E+00  0.1660E+02
   7.360  0.3234E+00  0.3047E+00  0.1661E+02
   7.370  0.3224E+00  0.3033E+00  0.1662E+02
   7.380  0.3215E+00  0.3019E+00  0.1662E+02
   7.390  0.3206E+00  0.3005E+00  0.1663E+02
   7.400  0.3212E+00  0.2991E+00  0.1664E+02
   7.410  0.3236E+00  0.2995E+00  0.1664E+02
   7.420  0.3282E+00  0.3010E+00  0.1665E+02
   7.430  0.3329E+00  0.3025E+00  0.1665E+02
   7.440  0.3374E+00  0.3041E+00  0.1666E+02
   7.450  0.3412E+00  0.3057E+00  0.1667E+02
   7.460  0.3450E+00  0.3074E+00  0.1667E+02
   7.470  0.3276E+00  0.3090E+00  0.1668E+02
   7.480  0.3256E+00  0.3114E+00  0.1669E+02
   7.490  0.3237E+00  0.3091E+00  0.1669E+02
   7.500  0.3212E+00  0.3081E+00  0.1670E+02
   7.510  0.3182E+00  0.3074E+00  0.1671E+02
   7.520  0.3153E+00  0.3071E+00  0.1671E+02
   7.530  0.3168E+00  0.3150E+00  0.1672E+02
   7.540  0.3185E+00  0.3232E+00  0.1672E+02
   7.550  0.3202E+00  0.3273E+00  0.1673E+02
   7.560  0.3219E+00  0.3314E+00  0.1674E+02
   7.570  0.3267E+00  0.3330E+00  0.1674E+02
   7.580  0.3441E+00  0.3317E+00  0.1675E+02
   7.590  0.3120E+00  0.3207E+00  0.1676E+02
   7.600  0.3111E+00  0.3147E+00  0.1676E+02
   7.610  0.3105E+00  0.3146E+00  0.1677E+02
   7.620  0.3099E+00  0.3146E+00  0.1678E+02
   7.630  0.3116E+00  0.3145E+00  0.1678E+02
   7.640  0.3149E+00  0.3136E+00  0.1679E+02
   7.650  0.3211E+00  0.3118E+00  0.1679E+02
   7.660  0.3892E+00  0.3101E+00  0.1680E+02
   7.670  0.4586E+00  0.3099E+00  0.1681E+02
   7.680  0.5355E+00  0.3109E+00  0.1682E+02
   7.690  0.5282E+00  0.3124E+00  0.1683E+02
   7.700  0.4069E+00  0.3140E+00  0.1683E+02
   7.710  0.3988E+00  0.3403E+00  0.1684E+02
   7.720  0.3908E+00  0.3456E+00  0.1685E+02
   7.730  0.3956E+00  0.3101E+00  0.1685E+02
   7.740  0.4226E+00  0.3123E+00  0.1686E+02
   7.750  0.4493E+00  0.3147E+00  0.1687E+02
   7.760  0.4263E+00  0.3170E+00  0.1688E+02
   7.770  0.3884E+00  0.3195E+00  0.1688E+02
   7.780  0.3648E+00  0.3216E+00  0.1689E+02
   7.790  0.3574E+00  0.3231E+00  0.1690E+02
   7.800  0.3536E+00  0.3254E+00  0.1690E+02
   7.810  0.3539E+00  0.3159E+00  0.1691E+02
   7.820  0.3535E+00  0.3163E+00  0.1692E+02
   7.830  0.3624E+00  0.3167E+00  0.1692E+02
   7.840  0.3732E+00  0.3174E+00  0.1693E+02
   7.850  0.3826E+00  0.4166E+00  0.1694E+02
   7.860  0.3713E+00  0.5477E+00  0.1695E+02
   7.870  0.3567E+00  0.4902E+00  0.1696E+02
   7.880  0.3573E+00  0.4962E+00  0.1697E+02
   7.890  0.3699E+00  0.4891E+00  0.1697E+02
   7.900  0.3814E+00  0.4930E+00  0.1698E+02
   7.910  0.3836E+00  0.4570E+00  0.1699E+02
   7.920  0.3437E+00  0.4219E+00  0.1700E+02
   7.930  0.3307E+00  0.3949E+00  0.1701E+02
   7.940  0.3196E+00  0.3822E+00  0.1701E+02
   7.950  0.3179E+00  0.3911E+00  0.1702E+02
   7.960  0.3164E+00  0.4001E+00  0.1703E+02
   7.970  0.3161E+00  0.4090E+00  0.1703E+02
   7.980  0.3256E+00  0.4226E+00  0.1704E+02
   7.990  0.3352E+00  0.3888E+00  0.1705E+02
   8.000  0.3403E+00  0.3866E+00  0.1706E+02
   8.010  0.3140E+00  0.3727E+00  0.1706E+02
   8.020  0.3081E+00  0.3634E+00  0.1707E+02
   8.030  0.3066E+00  0.3559E+00  0.1708E+02
   8.040  0.3049E+00  0.3496E+00  0.1708E+02
   8.050  0.3033E+00  0.3433E+00  0.1709E+02
   8.060  0.3035E+00  0.3451E+00  0.1710E+02
   8.070  0.3092E+00  0.3522E+00  0.1710E+02
   8.080  0.3205E+00  0.3527E+00  0.1711E+02
   8.090  0.3169E+00  0.3459E+00  0.1712E+02
   8.100  0.3136E+00  0.3428E+00  0.1712E+02
   8.110  0.2701E+00  0.3404E+00  0.1713E+02
   8.120  0.2701E+00  0.3465E+00  0.1714E+02
   8.130  0.2699E+00  0.3502E+00  0.1714E+02
   8.140  0.2705E+00  0.3488E+00  0.1715E+02
   8.150  0.2715E+00  0.3293E+00  0.1715E+02
   8.160  0.2701E+00  0.3092E+00  0.1716E+02
   8.170  0.2805E+00  0.3183E+00  0.1717E+02
   8.180  0.2865E+00  0.3109E+00  0.1717E+02
   8.190  0.2804E+00  0.3112E+00  0.1718E+02
   8.200  0.2743E+00  0.3173E+00  0.1718E+02
   8.210  0.2687E+00  0.3234E+00  0.1719E+02
   8.220  0.2666E+00  0.3468E+00  0.1720E+02
   8.230  0.2685E+00  0.3553E+00  0.1720E+02
   8.240  0.2719E+00  0.3088E+00  0.1721E+02
   8.250  0.2754E+00  0.3060E+00  0.1721E+02
   8.260  0.2795E+00  0.2940E+00  0.1722E+02
   8.270  0.2776E+00  0.2893E+00  0.1723E+02
   8.280  0.2707E+00  0.2849E+00  0.1723E+02
   8.290  0.2397E+00  0.2804E+00  0.1724E+02
   8.300  0.2410E+00  0.2782E+00  0.1724E+02
   8.310  0.2422E+00  0.2775E+00  0.1725E+02
   8.320  0.2434E+00  0.2771E+00  0.1725E+02
   8.330  0.2445E+00  0.2779E+00  0.1726E+02
   8.340  0.2457E+00  0.2792E+00  0.1726E+02
   8.350  0.2469E+00  0.2808E+00  0.1727E+02
   8.360  0.2480E+00  0.2829E+00  0.1727E+02
   8.370  0.2482E+00  0.2850E+00  0.1728E+02
   8.380  0.2474E+00  0.2871E+00  0.1728E+02
   8.390  0.2465E+00  0.2893E+00  0.1729E+02
   8.400  0.2475E+00  0.2896E+00  0.1729E+02
   8.410  0.2571E+00  0.2738E+00  0.1730E+02
   8.420  0.2578E+00  0.2892E+00  0.1731E+02
   8.430  0.2652E+00  0.2856E+00  0.1731E+02
   8.440  0.2612E+00  0.2807E+00  0.1732E+02
   8.450  0.2572E+00  0.2758E+00  0.1732E+02
   8.460  0.2535E+00  0.2709E+00  0.1733E+02
   8.470  0.2503E+00  0.2660E+00  0.1733E+02
   8.480  0.2470E+00  0.2615E+00  0.1734E+02
   8.490  0.2451E+00  0.2576E+00  0.1734E+02
   8.500  0.2445E+00  0.2538E+00  0.1735E+02
   8.510  0.2440E+00  0.2445E+00  0.1735E+02
   8.520  0.2435E+00  0.2260E+00  0.1736E+02
   8.530  0.2430E+00  0.2217E+00  0.1736E+02
   8.540  0.2500E+00  0.2158E+00  0.1737E+02
   8.550  0.2486E+00  0.2099E+00  0.1737E+02
   8.560  0.2472E+00  0.2095E+00  0.1738E+02
   8.570  0.2459E+00  0.2188E+00  0.1738E+02
   8.580  0.2445E+00  0.2522E+00  0.1738E+02
   8.590  0.2432E+00  0.2945E+00  0.1739E+02
   8.600  0.2419E+00  0.2522E+00  0.1740E+02
   8.610  0.2455E+00  0.2478E+00  0.1740E+02
   8.620  0.2657E+00  0.2435E+00  0.1741E+02
   8.630  0.2848E+00  0.2402E+00  0.1741E+02
   8.640  0.3021E+00  0.2408E+00  0.1742E+02
   8.650  0.3268E+00  0.2415E+00  0.1742E+02
   8.660  0.3535E+00  0.2562E+00  0.1743E+02
   8.670  0.3781E+00  0.2805E+00  0.1743E+02
   8.680  0.3736E+00  0.3008E+00  0.1744E+02
   8.690  0.3680E+00  0.3204E+00  0.1745E+02
   8.700  0.3925E+00  0.3446E+00  0.1745E+02
   8.710  0.3813E+00  0.3498E+00  0.1746E+02
   8.720  0.3706E+00  0.3550E+00  0.1747E+02
   8.730  0.3602E+00  0.3466E+00  0.1748E+02
   8.740  0.3562E+00  0.3745E+00  0.1748E+02
   8.750  0.3471E+00  0.3751E+00  0.1749E+02
   8.760  0.3676E+00  0.3695E+00  0.1750E+02
   8.770  0.3787E+00  0.3639E+00  0.1750E+02
   8.780  0.3761E+00  0.3586E+00  0.1751E+02
   8.790  0.3876E+00  0.3532E+00  0.1752E+02
   8.800  0.3722E+00  0.3466E+00  0.1753E+02
   8.810  0.3612E+00  0.3497E+00  0.1753E+02
   8.820  0.3492E+00  0.3528E+00  0.1754E+02
   8.830  0.3445E+00  0.3896E+00  0.1755E+02
   8.840  0.3412E+00  0.3858E+00  0.1756E+02
   8.850  0.3378E+00  0.3820E+00  0.1756E+02
   8.860  0.3349E+00  0.3776E+00  0.1757E+02
   8.870  0.3319E+00  0.3720E+00  0.1758E+02
   8.880  0.3298E+00  0.3746E+00  0.1758E+02
   8.890  0.3277E+00  0.3841E+00  0.1759E+02
   8.900  0.3270E+00  0.3861E+00  0.1760E+02
   8.910  0.3236E+00  0.3887E+00  0.1761E+02
   8.920  0.3210E+00  0.4256E+00  0.1761E+02
   8.930  0.3629E+00  0.4227E+00  0.1762E+02
   8.940  0.3185E+00  0.4197E+00  0.1763E+02
   8.950  0.3154E+00  0.4172E+00  0.1764E+02
   8.960  0.3133E+00  0.4149E+00  0.1764E+02
   8.970  0.3114E+00  0.4528E+00  0.1765E+02
   8.980  0.3102E+00  0.4215E+00  0.1766E+02
   8.990  0.3082E+00  0.4018E+00  0.1767E+02
   9.000  0.3077E+00  0.3987E+00  0.1767E+02
   9.010  0.3077E+00  0.3945E+00  0.1768E+02
   9.020  0.3089E+00  0.3881E+00  0.1769E+02
   9.030  0.2981E+00  0.3800E+00  0.1769E+02
   9.040  0.2924E+00  0.3721E+00  0.1770E+02
   9.050  0.2812E+00  0.3642E+00  0.1771E+02
   9.060  0.2718E+00  0.3563E+00  0.1771E+02
   9.070  0.2718E+00  0.3466E+00  0.1772E+02
   9.080  0.2718E+00  0.3284E+00  0.1773E+02
   9.090  0.2719E+00  0.3238E+00  0.1773E+02
   9.100  0.2719E+00  0.3185E+00  0.1774E+02
   9.110  0.2711E+00  0.3128E+00  0.1774E+02
   9.120  0.2706E+00  0.3122E+00  0.1775E+02
   9.130  0.2537E+00  0.3142E+00  0.1776E+02
   9.140  0.2424E+00  0.3088E+00  0.1776E+02
   9.150  0.2395E+00  0.3252E+00  0.1777E+02
   9.160  0.2368E+00  0.2854E+00  0.1777E+02
   9.170  0.2358E+00  0.2775E+00  0.1778E+02
   9.180  0.2349E+00  0.2691E+00  0.1778E+02
   9.190  0.2337E+00  0.2612E+00  0.1779E+02
   9.200  0.2327E+00  0.2546E+00  0.1779E+02
   9.210  0.2252E+00  0.2472E+00  0.1780E+02
   9.220  0.2235E+00  0.2412E+00  0.1780E+02
   9.230  0.2257E+00  0.2359E+00  0.1781E+02
   9.240  0.2273E+00  0.2307E+00  0.1781E+02
   9.250  0.2252E+00  0.2255E+00  0.1782E+02
   9.260  0.2088E+00  0.2204E+00  0.1782E+02
   9.270  0.1946E+00  0.2152E+00  0.1783E+02
   9.280  0.1918E+00  0.2100E+00  0.1783E+02
   9.290  0.1889E+00  0.2048E+00  0.1783E+02
   9.300  0.1861E+00  0.2004E+00  0.1784E+02
   9.310  0.1832E+00  0.1942E+00  0.1784E+02
   9.320  0.1804E+00  0.1880E+00  0.1785E+02
   9.330  0.1944E+00  0.1859E+00  0.1785E+02
   9.340  0.2124E+00  0.1844E+00  0.1785E+02
   9.350  0.1694E+00  0.1832E+00  0.1786E+02
   9.360  0.1678E+00  0.1824E+00  0.1786E+02
   9.370  0.1694E+00  0.2473E+00  0.1786E+02
   9.380  0.1714E+00  0.1790E+00  0.1787E+02
   9.390  0.1734E+00  0.1775E+00  0.1787E+02
   9.400  0.1753E+00  0.1756E+00  0.1787E+02
   9.410  0.1773E+00  0.1718E+00  0.1788E+02
   9.420  0.1793E+00  0.1671E+00  0.1788E+02
   9.430  0.1782E+00  0.1631E+00  0.1788E+02
   9.440  0.1681E+00  0.1596E+00  0.1789E+02
   9.450  0.1574E+00  0.1561E+00  0.1789E+02
   9.460  0.1486E+00  0.1527E+00  0.1789E+02
   9.470  0.1455E+00  0.1490E+00  0.1790E+02
   9.480  0.1429E+00  0.1431E+00  0.1790E+02
   9.490  0.1406E+00  0.1388E+00  0.1790E+02
   9.500  0.1383E+00  0.1388E+00  0.1791E+02
   9.510  0.1360E+00  0.1389E+00  0.1791E+02
   9.520  0.1339E+00  0.1389E+00  0.1791E+02
   9.530  0.1339E+00  0.1389E+00  0.1791E+02
   9.540  0.1339E+00  0.1389E+00  0.1792E+02
   9.550  0.1339E+00  0.1389E+00  0.1792E+02
   9.560  0.1339E+00  0.1389E+00  0.1792E+02
   9.570  0.1339E+00  0.1389E+00  0.1793E+02
   9.580  0.1339E+00  0.1389E+00  0.1793E+02
   9.590  0.1362E+00  0.1387E+00  0.1793E+02
   9.600  0.1394E+00  0.1385E+00  0.1793E+02
   9.610  0.1460E+00  0.1382E+00  0.1794E+02
   9.620  0.1528E+00  0.1395E+00  0.1794E+02
   9.630  0.1262E+00  0.2265E+00  0.1794E+02
   9.640  0.1283E+00  0.3105E+00  0.1795E+02
   9.650  0.1304E+00  0.1328E+00  0.1795E+02
   9.660  0.1262E+00  0.1267E+00  0.1795E+02
   9.670  0.1164E+00  0.1206E+00  0.1795E+02
   9.680  0.1066E+00  0.1145E+00  0.1796E+02
   9.690  0.9677E-01  0.1084E+00  0.1796E+02
   9.700  0.9177E-01  0.1017E+00  0.1796E+02
   9.710  0.8779E-01  0.9234E-01  0.1796E+02
   9.720  0.8382E-01  0.9072E-01  0.1797E+02
   9.730  0.8009E-01  0.8946E-01  0.1797E+02
   9.740  0.7901E-01  0.8820E-01  0.1797E+02
   9.750  0.7793E-01  0.8694E-01  0.1797E+02
   9.760  0.7684E-01  0.8568E-01  0.1797E+02
   9.770  0.7576E-01  0.8442E-01  0.1797E+02
   9.780  0.7360E-01  0.8316E-01  0.1797E+02
   9.790  0.7156E-01  0.8189E-01  0.1798E+02
   9.800  0.7008E-01  0.8063E-01  0.1798E+02
   9.810  0.6861E-01  0.7937E-01  0.1798E+02
   9.820  0.6713E-01  0.7811E-01  0.1798E+02
   9.830  0.6565E-01  0.7685E-01  0.1798E+02
   9.840  0.6417E-01  0.7559E-01  0.1798E+02
   9.850  0.6270E-01  0.7443E-01  0.1799E+02
   9.860  0.6122E-01  0.7336E-01  0.1799E+02
   9.870  0.5974E-01  0.7229E-01  0.1799E+02
   9.880  0.5827E-01  0.7122E-01  0.1799E+02
   9.890  0.5679E-01  0.7015E-01  0.1799E+02
   9.900  0.5531E-01  0.6908E-01  0.1799E+02
   9.910  0.5126E-01  0.6801E-01  0.1799E+02
   9.920  0.4018E-01  0.6695E-01  0.1799E+02
   9.930  0.2910E-01  0.6588E-01  0.1800E+02
   9.940  0.2368E-01  0.6478E-01  0.1800E+02
   9.950  0.1885E-01  0.5763E-01  0.1800E+02
   9.960  0.1402E-01  0.5098E-01  0.1800E+02
   9.970  0.9189E-02  0.4490E-01  0.1800E+02
   9.980  0.4357E-02  0.3882E-01  0.1800E+02
   9.990  0.0000E+00  0.3299E-01  0.1800E+02
  10.000  0.0000E+00  0.2749E-01  0.1800E+02
