#  E (eV)   dosup(E)     dosdw(E)   Int dos(E) EFermi =   -2.256 eV
 -10.000  0.0000E+00  0.0000E+00  0.0000E+00
  -9.990  0.0000E+00  0.0000E+00  0.0000E+00
  -9.980  0.0000E+00  0.0000E+00  0.0000E+00
  -9.970  0.0000E+00  0.0000E+00  0.0000E+00
  -9.960  0.0000E+00  0.0000E+00  0.0000E+00
  -9.950  0.0000E+00  0.0000E+00  0.0000E+00
  -9.940  0.0000E+00  0.0000E+00  0.0000E+00
  -9.930  0.0000E+00  0.0000E+00  0.0000E+00
  -9.920  0.0000E+00  0.0000E+00  0.0000E+00
  -9.910  0.0000E+00  0.0000E+00  0.0000E+00
  -9.900  0.0000E+00  0.0000E+00  0.0000E+00
  -9.890  0.0000E+00  0.0000E+00  0.0000E+00
  -9.880  0.0000E+00  0.0000E+00  0.0000E+00
  -9.870  0.0000E+00  0.0000E+00  0.0000E+00
  -9.860  0.0000E+00  0.0000E+00  0.0000E+00
  -9.850  0.0000E+00  0.0000E+00  0.0000E+00
  -9.840  0.0000E+00  0.0000E+00  0.0000E+00
  -9.830  0.0000E+00  0.0000E+00  0.0000E+00
  -9.820  0.0000E+00  0.0000E+00  0.0000E+00
  -9.810  0.0000E+00  0.0000E+00  0.0000E+00
  -9.800  0.0000E+00  0.0000E+00  0.0000E+00
  -9.790  0.0000E+00  0.0000E+00  0.0000E+00
  -9.780  0.0000E+00  0.0000E+00  0.0000E+00
  -9.770  0.0000E+00  0.0000E+00  0.0000E+00
  -9.760  0.0000E+00  0.0000E+00  0.0000E+00
  -9.750  0.0000E+00  0.0000E+00  0.0000E+00
  -9.740  0.0000E+00  0.0000E+00  0.0000E+00
  -9.730  0.0000E+00  0.0000E+00  0.0000E+00
  -9.720  0.0000E+00  0.0000E+00  0.0000E+00
  -9.710  0.0000E+00  0.0000E+00  0.0000E+00
  -9.700  0.0000E+00  0.0000E+00  0.0000E+00
  -9.690  0.0000E+00  0.0000E+00  0.0000E+00
  -9.680  0.0000E+00  0.0000E+00  0.0000E+00
  -9.670  0.0000E+00  0.0000E+00  0.0000E+00
  -9.660  0.0000E+00  0.0000E+00  0.0000E+00
  -9.650  0.0000E+00  0.0000E+00  0.0000E+00
  -9.640  0.0000E+00  0.0000E+00  0.0000E+00
  -9.630  0.0000E+00  0.0000E+00  0.0000E+00
  -9.620  0.0000E+00  0.0000E+00  0.0000E+00
  -9.610  0.0000E+00  0.0000E+00  0.0000E+00
  -9.600  0.0000E+00  0.0000E+00  0.0000E+00
  -9.590  0.0000E+00  0.0000E+00  0.0000E+00
  -9.580  0.0000E+00  0.0000E+00  0.0000E+00
  -9.570  0.0000E+00  0.0000E+00  0.0000E+00
  -9.560  0.0000E+00  0.0000E+00  0.0000E+00
  -9.550  0.0000E+00  0.0000E+00  0.0000E+00
  -9.540  0.0000E+00  0.0000E+00  0.0000E+00
  -9.530  0.0000E+00  0.0000E+00  0.0000E+00
  -9.520  0.0000E+00  0.0000E+00  0.0000E+00
  -9.510  0.0000E+00  0.0000E+00  0.0000E+00
  -9.500  0.0000E+00  0.0000E+00  0.0000E+00
  -9.490  0.0000E+00  0.0000E+00  0.0000E+00
  -9.480  0.0000E+00  0.0000E+00  0.0000E+00
  -9.470  0.0000E+00  0.0000E+00  0.0000E+00
  -9.460  0.0000E+00  0.0000E+00  0.0000E+00
  -9.450  0.0000E+00  0.0000E+00  0.0000E+00
  -9.440  0.0000E+00  0.0000E+00  0.0000E+00
  -9.430  0.0000E+00  0.0000E+00  0.0000E+00
  -9.420  0.0000E+00  0.0000E+00  0.0000E+00
  -9.410  0.0000E+00  0.0000E+00  0.0000E+00
  -9.400  0.0000E+00  0.0000E+00  0.0000E+00
  -9.390  0.0000E+00  0.0000E+00  0.0000E+00
  -9.380  0.0000E+00  0.0000E+00  0.0000E+00
  -9.370  0.0000E+00  0.0000E+00  0.0000E+00
  -9.360  0.0000E+00  0.0000E+00  0.0000E+00
  -9.350  0.0000E+00  0.0000E+00  0.0000E+00
  -9.340  0.0000E+00  0.0000E+00  0.0000E+00
  -9.330  0.0000E+00  0.0000E+00  0.0000E+00
  -9.320  0.0000E+00  0.0000E+00  0.0000E+00
  -9.310  0.0000E+00  0.0000E+00  0.0000E+00
  -9.300  0.0000E+00  0.0000E+00  0.0000E+00
  -9.290  0.0000E+00  0.0000E+00  0.0000E+00
  -9.280  0.0000E+00  0.0000E+00  0.0000E+00
  -9.270  0.0000E+00  0.0000E+00  0.0000E+00
  -9.260  0.0000E+00  0.0000E+00  0.0000E+00
  -9.250  0.0000E+00  0.0000E+00  0.0000E+00
  -9.240  0.0000E+00  0.0000E+00  0.0000E+00
  -9.230  0.0000E+00  0.0000E+00  0.0000E+00
  -9.220  0.0000E+00  0.0000E+00  0.0000E+00
  -9.210  0.0000E+00  0.0000E+00  0.0000E+00
  -9.200  0.0000E+00  0.0000E+00  0.0000E+00
  -9.190  0.0000E+00  0.0000E+00  0.0000E+00
  -9.180  0.0000E+00  0.0000E+00  0.0000E+00
  -9.170  0.0000E+00  0.0000E+00  0.0000E+00
  -9.160  0.0000E+00  0.0000E+00  0.0000E+00
  -9.150  0.0000E+00  0.0000E+00  0.0000E+00
  -9.140  0.0000E+00  0.0000E+00  0.0000E+00
  -9.130  0.0000E+00  0.0000E+00  0.0000E+00
  -9.120  0.0000E+00  0.0000E+00  0.0000E+00
  -9.110  0.0000E+00  0.0000E+00  0.0000E+00
  -9.100  0.0000E+00  0.0000E+00  0.0000E+00
  -9.090  0.0000E+00  0.0000E+00  0.0000E+00
  -9.080  0.0000E+00  0.0000E+00  0.0000E+00
  -9.070  0.0000E+00  0.0000E+00  0.0000E+00
  -9.060  0.0000E+00  0.0000E+00  0.0000E+00
  -9.050  0.0000E+00  0.0000E+00  0.0000E+00
  -9.040  0.0000E+00  0.0000E+00  0.0000E+00
  -9.030  0.0000E+00  0.0000E+00  0.0000E+00
  -9.020  0.0000E+00  0.0000E+00  0.0000E+00
  -9.010  0.0000E+00  0.0000E+00  0.0000E+00
  -9.000  0.0000E+00  0.0000E+00  0.0000E+00
  -8.990  0.0000E+00  0.0000E+00  0.0000E+00
  -8.980  0.0000E+00  0.0000E+00  0.0000E+00
  -8.970  0.0000E+00  0.0000E+00  0.0000E+00
  -8.960  0.0000E+00  0.0000E+00  0.0000E+00
  -8.950  0.0000E+00  0.0000E+00  0.0000E+00
  -8.940  0.0000E+00  0.0000E+00  0.0000E+00
  -8.930  0.0000E+00  0.0000E+00  0.0000E+00
  -8.920  0.0000E+00  0.0000E+00  0.0000E+00
  -8.910  0.0000E+00  0.0000E+00  0.0000E+00
  -8.900  0.0000E+00  0.0000E+00  0.0000E+00
  -8.890  0.0000E+00  0.0000E+00  0.0000E+00
  -8.880  0.0000E+00  0.0000E+00  0.0000E+00
  -8.870  0.0000E+00  0.0000E+00  0.0000E+00
  -8.860  0.0000E+00  0.0000E+00  0.0000E+00
  -8.850  0.0000E+00  0.0000E+00  0.0000E+00
  -8.840  0.0000E+00  0.0000E+00  0.0000E+00
  -8.830  0.0000E+00  0.0000E+00  0.0000E+00
  -8.820  0.0000E+00  0.0000E+00  0.0000E+00
  -8.810  0.0000E+00  0.0000E+00  0.0000E+00
  -8.800  0.0000E+00  0.0000E+00  0.0000E+00
  -8.790  0.0000E+00  0.0000E+00  0.0000E+00
  -8.780  0.0000E+00  0.0000E+00  0.0000E+00
  -8.770  0.0000E+00  0.0000E+00  0.0000E+00
  -8.760  0.0000E+00  0.0000E+00  0.0000E+00
  -8.750  0.0000E+00  0.0000E+00  0.0000E+00
  -8.740  0.0000E+00  0.0000E+00  0.0000E+00
  -8.730  0.0000E+00  0.0000E+00  0.0000E+00
  -8.720  0.0000E+00  0.0000E+00  0.0000E+00
  -8.710  0.0000E+00  0.0000E+00  0.0000E+00
  -8.700  0.0000E+00  0.0000E+00  0.0000E+00
  -8.690  0.0000E+00  0.0000E+00  0.0000E+00
  -8.680  0.0000E+00  0.0000E+00  0.0000E+00
  -8.670  0.0000E+00  0.0000E+00  0.0000E+00
  -8.660  0.0000E+00  0.0000E+00  0.0000E+00
  -8.650  0.0000E+00  0.0000E+00  0.0000E+00
  -8.640  0.0000E+00  0.0000E+00  0.0000E+00
  -8.630  0.0000E+00  0.0000E+00  0.0000E+00
  -8.620  0.0000E+00  0.0000E+00  0.0000E+00
  -8.610  0.0000E+00  0.0000E+00  0.0000E+00
  -8.600  0.0000E+00  0.0000E+00  0.0000E+00
  -8.590  0.0000E+00  0.0000E+00  0.0000E+00
  -8.580  0.0000E+00  0.0000E+00  0.0000E+00
  -8.570  0.0000E+00  0.0000E+00  0.0000E+00
  -8.560  0.0000E+00  0.0000E+00  0.0000E+00
  -8.550  0.0000E+00  0.0000E+00  0.0000E+00
  -8.540  0.0000E+00  0.0000E+00  0.0000E+00
  -8.530  0.0000E+00  0.0000E+00  0.0000E+00
  -8.520  0.0000E+00  0.0000E+00  0.0000E+00
  -8.510  0.0000E+00  0.0000E+00  0.0000E+00
  -8.500  0.0000E+00  0.0000E+00  0.0000E+00
  -8.490  0.0000E+00  0.0000E+00  0.0000E+00
  -8.480  0.0000E+00  0.0000E+00  0.0000E+00
  -8.470  0.0000E+00  0.0000E+00  0.0000E+00
  -8.460  0.0000E+00  0.0000E+00  0.0000E+00
  -8.450  0.0000E+00  0.0000E+00  0.0000E+00
  -8.440  0.0000E+00  0.0000E+00  0.0000E+00
  -8.430  0.0000E+00  0.0000E+00  0.0000E+00
  -8.420  0.0000E+00  0.0000E+00  0.0000E+00
  -8.410  0.0000E+00  0.0000E+00  0.0000E+00
  -8.400  0.0000E+00  0.0000E+00  0.0000E+00
  -8.390  0.0000E+00  0.0000E+00  0.0000E+00
  -8.380  0.0000E+00  0.0000E+00  0.0000E+00
  -8.370  0.0000E+00  0.0000E+00  0.0000E+00
  -8.360  0.0000E+00  0.0000E+00  0.0000E+00
  -8.350  0.0000E+00  0.0000E+00  0.0000E+00
  -8.340  0.0000E+00  0.0000E+00  0.0000E+00
  -8.330  0.0000E+00  0.0000E+00  0.0000E+00
  -8.320  0.1735E-01  0.0000E+00  0.4978E-04
  -8.310  0.4757E-01  0.0000E+00  0.3743E-03
  -8.300  0.7779E-01  0.0000E+00  0.1001E-02
  -8.290  0.7450E-01  0.0000E+00  0.2535E-02
  -8.280  0.8013E-01  0.0000E+00  0.3308E-02
  -8.270  0.8575E-01  0.0000E+00  0.4137E-02
  -8.260  0.9138E-01  0.0000E+00  0.5023E-02
  -8.250  0.9700E-01  0.0000E+00  0.5965E-02
  -8.240  0.1026E+00  0.0000E+00  0.6963E-02
  -8.230  0.1166E+00  0.0000E+00  0.8166E-02
  -8.220  0.1004E+00  0.0000E+00  0.9251E-02
  -8.210  0.8420E-01  0.0000E+00  0.1017E-01
  -8.200  0.8636E-01  0.0000E+00  0.1102E-01
  -8.190  0.8945E-01  0.0000E+00  0.1190E-01
  -8.180  0.9255E-01  0.0000E+00  0.1281E-01
  -8.170  0.9564E-01  0.0000E+00  0.1375E-01
  -8.160  0.9873E-01  0.0000E+00  0.1472E-01
  -8.150  0.1018E+00  0.0000E+00  0.1573E-01
  -8.140  0.1049E+00  0.0000E+00  0.1676E-01
  -8.130  0.1080E+00  0.0000E+00  0.1783E-01
  -8.120  0.1011E+00  0.4260E-02  0.1889E-01
  -8.110  0.9930E-01  0.3338E-01  0.2008E-01
  -8.100  0.9750E-01  0.6251E-01  0.2155E-01
  -8.090  0.9570E-01  0.7037E-01  0.2402E-01
  -8.080  0.9390E-01  0.7576E-01  0.2570E-01
  -8.070  0.9210E-01  0.8116E-01  0.2742E-01
  -8.060  0.9274E-01  0.8655E-01  0.2917E-01
  -8.050  0.9478E-01  0.9195E-01  0.3100E-01
  -8.040  0.9681E-01  0.9735E-01  0.3291E-01
  -8.030  0.9885E-01  0.1238E+00  0.3495E-01
  -8.020  0.1009E+00  0.1082E+00  0.3710E-01
  -8.010  0.1029E+00  0.9257E-01  0.3913E-01
  -8.000  0.1050E+00  0.8239E-01  0.4102E-01
  -7.990  0.1070E+00  0.8533E-01  0.4292E-01
  -7.980  0.1080E+00  0.8827E-01  0.4487E-01
  -7.970  0.1027E+00  0.9120E-01  0.4682E-01
  -7.960  0.9734E-01  0.9414E-01  0.4875E-01
  -7.950  0.9875E-01  0.9708E-01  0.5067E-01
  -7.940  0.9867E-01  0.1000E+00  0.5264E-01
  -7.930  0.9860E-01  0.1030E+00  0.5464E-01
  -7.920  0.9852E-01  0.1059E+00  0.5667E-01
  -7.910  0.9844E-01  0.9824E-01  0.5869E-01
  -7.900  0.9836E-01  0.9650E-01  0.6064E-01
  -7.890  0.9828E-01  0.9477E-01  0.6258E-01
  -7.880  0.9820E-01  0.9303E-01  0.6450E-01
  -7.870  0.9819E-01  0.9129E-01  0.6641E-01
  -7.860  0.9971E-01  0.8955E-01  0.6830E-01
  -7.850  0.1012E+00  0.9006E-01  0.7020E-01
  -7.840  0.1028E+00  0.9196E-01  0.7213E-01
  -7.830  0.1043E+00  0.9386E-01  0.7409E-01
  -7.820  0.1058E+00  0.9576E-01  0.7609E-01
  -7.810  0.1073E+00  0.9765E-01  0.7813E-01
  -7.800  0.1088E+00  0.9955E-01  0.8019E-01
  -7.790  0.1104E+00  0.1014E+00  0.8229E-01
  -7.780  0.1042E+00  0.1033E+00  0.8438E-01
  -7.770  0.1030E+00  0.1052E+00  0.8646E-01
  -7.760  0.1017E+00  0.1010E+00  0.8852E-01
  -7.750  0.1005E+00  0.9588E-01  0.9051E-01
  -7.740  0.9920E-01  0.9079E-01  0.9245E-01
  -7.730  0.1018E+00  0.9529E-01  0.9440E-01
  -7.720  0.1021E+00  0.9519E-01  0.9637E-01
  -7.710  0.1024E+00  0.9509E-01  0.9834E-01
  -7.700  0.1027E+00  0.9498E-01  0.1003E+00
  -7.690  0.1030E+00  0.9488E-01  0.1023E+00
  -7.680  0.1033E+00  0.9478E-01  0.1043E+00
  -7.670  0.1036E+00  0.9468E-01  0.1063E+00
  -7.660  0.1039E+00  0.9458E-01  0.1082E+00
  -7.650  0.1043E+00  0.9503E-01  0.1102E+00
  -7.640  0.1046E+00  0.9640E-01  0.1122E+00
  -7.630  0.1049E+00  0.9777E-01  0.1142E+00
  -7.620  0.1059E+00  0.9915E-01  0.1163E+00
  -7.610  0.1072E+00  0.1005E+00  0.1183E+00
  -7.600  0.1085E+00  0.1019E+00  0.1204E+00
  -7.590  0.1097E+00  0.1033E+00  0.1226E+00
  -7.580  0.1110E+00  0.1046E+00  0.1247E+00
  -7.570  0.1121E+00  0.1060E+00  0.1269E+00
  -7.560  0.1102E+00  0.9975E-01  0.1290E+00
  -7.550  0.1083E+00  0.9854E-01  0.1311E+00
  -7.540  0.1073E+00  0.9734E-01  0.1331E+00
  -7.530  0.1070E+00  0.9614E-01  0.1352E+00
  -7.520  0.1067E+00  0.9493E-01  0.1372E+00
  -7.510  0.1063E+00  0.9682E-01  0.1392E+00
  -7.500  0.1060E+00  0.9708E-01  0.1412E+00
  -7.490  0.1057E+00  0.9733E-01  0.1433E+00
  -7.480  0.1054E+00  0.9758E-01  0.1453E+00
  -7.470  0.1078E+00  0.9783E-01  0.1473E+00
  -7.460  0.1082E+00  0.9808E-01  0.1494E+00
  -7.450  0.1087E+00  0.9834E-01  0.1515E+00
  -7.440  0.1091E+00  0.9859E-01  0.1535E+00
  -7.430  0.1096E+00  0.9884E-01  0.1556E+00
  -7.420  0.1100E+00  0.9909E-01  0.1577E+00
  -7.410  0.1105E+00  0.9934E-01  0.1598E+00
  -7.400  0.1109E+00  0.9960E-01  0.1619E+00
  -7.390  0.1114E+00  0.1006E+00  0.1640E+00
  -7.380  0.1118E+00  0.1017E+00  0.1661E+00
  -7.370  0.1123E+00  0.1028E+00  0.1683E+00
  -7.360  0.1128E+00  0.1039E+00  0.1704E+00
  -7.350  0.1132E+00  0.1049E+00  0.1726E+00
  -7.340  0.1142E+00  0.1057E+00  0.1748E+00
  -7.330  0.1154E+00  0.1038E+00  0.1770E+00
  -7.320  0.1167E+00  0.1020E+00  0.1792E+00
  -7.310  0.1152E+00  0.1007E+00  0.1814E+00
  -7.300  0.1150E+00  0.1004E+00  0.1835E+00
  -7.290  0.1149E+00  0.1000E+00  0.1857E+00
  -7.280  0.1148E+00  0.9969E-01  0.1878E+00
  -7.270  0.1147E+00  0.9935E-01  0.1900E+00
  -7.260  0.1147E+00  0.9902E-01  0.1921E+00
  -7.250  0.1147E+00  0.9868E-01  0.1942E+00
  -7.240  0.1148E+00  0.9835E-01  0.1964E+00
  -7.230  0.1148E+00  0.1003E+00  0.1985E+00
  -7.220  0.1149E+00  0.1007E+00  0.2007E+00
  -7.210  0.1149E+00  0.1010E+00  0.2028E+00
  -7.200  0.1149E+00  0.1014E+00  0.2050E+00
  -7.190  0.1150E+00  0.1017E+00  0.2071E+00
  -7.180  0.1150E+00  0.1021E+00  0.2093E+00
  -7.170  0.1182E+00  0.1024E+00  0.2115E+00
  -7.160  0.1188E+00  0.1028E+00  0.2137E+00
  -7.150  0.1194E+00  0.1031E+00  0.2159E+00
  -7.140  0.1200E+00  0.1035E+00  0.2182E+00
  -7.130  0.1205E+00  0.1038E+00  0.2204E+00
  -7.120  0.1211E+00  0.1042E+00  0.2227E+00
  -7.110  0.1217E+00  0.1045E+00  0.2249E+00
  -7.100  0.1223E+00  0.1049E+00  0.2272E+00
  -7.090  0.1229E+00  0.1056E+00  0.2295E+00
  -7.080  0.1235E+00  0.1066E+00  0.2318E+00
  -7.070  0.1241E+00  0.1075E+00  0.2341E+00
  -7.060  0.1246E+00  0.1051E+00  0.2364E+00
  -7.050  0.1252E+00  0.1048E+00  0.2387E+00
  -7.040  0.1264E+00  0.1045E+00  0.2410E+00
  -7.030  0.1263E+00  0.1043E+00  0.2433E+00
  -7.020  0.1259E+00  0.1040E+00  0.2456E+00
  -7.010  0.1264E+00  0.1038E+00  0.2479E+00
  -7.000  0.1270E+00  0.1038E+00  0.2502E+00
  -6.990  0.1276E+00  0.1037E+00  0.2525E+00
  -6.980  0.1281E+00  0.1037E+00  0.2548E+00
  -6.970  0.1287E+00  0.1037E+00  0.2571E+00
  -6.960  0.1291E+00  0.1036E+00  0.2595E+00
  -6.950  0.1294E+00  0.1036E+00  0.2618E+00
  -6.940  0.1297E+00  0.1036E+00  0.2641E+00
  -6.930  0.1300E+00  0.1036E+00  0.2665E+00
  -6.920  0.1303E+00  0.1035E+00  0.2688E+00
  -6.910  0.1306E+00  0.1053E+00  0.2711E+00
  -6.900  0.1309E+00  0.1057E+00  0.2735E+00
  -6.890  0.1312E+00  0.1061E+00  0.2759E+00
  -6.880  0.1315E+00  0.1065E+00  0.2782E+00
  -6.870  0.1360E+00  0.1069E+00  0.2807E+00
  -6.860  0.1369E+00  0.1073E+00  0.2831E+00
  -6.850  0.1377E+00  0.1077E+00  0.2855E+00
  -6.840  0.1386E+00  0.1080E+00  0.2880E+00
  -6.830  0.1395E+00  0.1084E+00  0.2905E+00
  -6.820  0.1403E+00  0.1088E+00  0.2930E+00
  -6.810  0.1412E+00  0.1092E+00  0.2955E+00
  -6.800  0.1421E+00  0.1096E+00  0.2980E+00
  -6.790  0.1429E+00  0.1100E+00  0.3005E+00
  -6.780  0.1438E+00  0.1104E+00  0.3030E+00
  -6.770  0.1447E+00  0.1108E+00  0.3056E+00
  -6.760  0.1455E+00  0.1096E+00  0.3081E+00
  -6.750  0.1474E+00  0.1086E+00  0.3107E+00
  -6.740  0.1488E+00  0.1083E+00  0.3133E+00
  -6.730  0.1502E+00  0.1085E+00  0.3158E+00
  -6.720  0.1516E+00  0.1086E+00  0.3184E+00
  -6.710  0.1531E+00  0.1088E+00  0.3210E+00
  -6.700  0.1546E+00  0.1090E+00  0.3237E+00
  -6.690  0.1561E+00  0.1091E+00  0.3263E+00
  -6.680  0.1575E+00  0.1093E+00  0.3290E+00
  -6.670  0.1587E+00  0.1095E+00  0.3316E+00
  -6.660  0.1595E+00  0.1096E+00  0.3343E+00
  -6.650  0.1603E+00  0.1097E+00  0.3370E+00
  -6.640  0.1611E+00  0.1098E+00  0.3397E+00
  -6.630  0.1619E+00  0.1099E+00  0.3424E+00
  -6.620  0.1628E+00  0.1100E+00  0.3452E+00
  -6.610  0.1636E+00  0.1101E+00  0.3479E+00
  -6.600  0.1727E+00  0.1102E+00  0.3507E+00
  -6.590  0.1744E+00  0.1104E+00  0.3536E+00
  -6.580  0.1761E+00  0.1105E+00  0.3564E+00
  -6.570  0.1778E+00  0.1106E+00  0.3593E+00
  -6.560  0.1795E+00  0.1107E+00  0.3622E+00
  -6.550  0.1812E+00  0.1128E+00  0.3651E+00
  -6.540  0.1829E+00  0.1132E+00  0.3681E+00
  -6.530  0.1846E+00  0.1137E+00  0.3710E+00
  -6.520  0.1873E+00  0.1141E+00  0.3740E+00
  -6.510  0.1918E+00  0.1146E+00  0.3771E+00
  -6.500  0.3951E+00  0.1150E+00  0.3806E+00
  -6.490  0.9772E+00  0.1154E+00  0.3884E+00
  -6.480  0.8277E+00  0.1159E+00  0.3986E+00
  -6.470  0.7983E+00  0.1163E+00  0.4091E+00
  -6.460  0.8590E+00  0.1167E+00  0.4186E+00
  -6.450  0.9197E+00  0.1172E+00  0.4286E+00
  -6.440  0.9406E+00  0.1176E+00  0.4399E+00
  -6.430  0.9143E+00  0.1164E+00  0.4503E+00
  -6.420  0.9268E+00  0.1161E+00  0.4607E+00
  -6.410  0.9671E+00  0.1158E+00  0.4714E+00
  -6.400  0.9924E+00  0.1155E+00  0.4831E+00
  -6.390  0.1013E+01  0.1153E+00  0.4943E+00
  -6.380  0.1034E+01  0.1158E+00  0.5057E+00
  -6.370  0.1074E+01  0.1162E+00  0.5173E+00
  -6.360  0.1441E+01  0.1166E+00  0.5298E+00
  -6.350  0.1154E+01  0.1170E+00  0.5427E+00
  -6.340  0.1187E+01  0.1174E+00  0.5556E+00
  -6.330  0.1225E+01  0.1178E+00  0.5688E+00
  -6.320  0.2006E+01  0.1182E+00  0.5873E+00
  -6.310  0.1390E+01  0.1187E+00  0.6027E+00
  -6.300  0.1366E+01  0.1189E+00  0.6176E+00
  -6.290  0.1112E+01  0.1191E+00  0.6308E+00
  -6.280  0.1058E+01  0.1194E+00  0.6428E+00
  -6.270  0.1017E+01  0.1196E+00  0.6544E+00
  -6.260  0.9816E+00  0.1198E+00  0.6656E+00
  -6.250  0.9342E+00  0.1200E+00  0.6764E+00
  -6.240  0.8648E+00  0.1203E+00  0.6866E+00
  -6.230  0.8399E+00  0.1205E+00  0.6963E+00
  -6.220  0.8172E+00  0.1207E+00  0.7058E+00
  -6.210  0.8007E+00  0.1209E+00  0.7151E+00
  -6.200  0.7842E+00  0.1212E+00  0.7243E+00
  -6.190  0.7678E+00  0.1214E+00  0.7332E+00
  -6.180  0.7481E+00  0.1240E+00  0.7420E+00
  -6.170  0.7305E+00  0.1246E+00  0.7507E+00
  -6.160  0.7148E+00  0.1251E+00  0.7592E+00
  -6.150  0.7005E+00  0.1257E+00  0.7675E+00
  -6.140  0.6939E+00  0.1262E+00  0.7757E+00
  -6.130  0.6833E+00  0.1268E+00  0.7839E+00
  -6.120  0.6679E+00  0.1273E+00  0.7919E+00
  -6.110  0.6527E+00  0.1279E+00  0.7998E+00
  -6.100  0.6387E+00  0.1284E+00  0.8075E+00
  -6.090  0.6266E+00  0.1290E+00  0.8151E+00
  -6.080  0.6145E+00  0.1289E+00  0.8226E+00
  -6.070  0.6038E+00  0.1283E+00  0.8300E+00
  -6.060  0.5947E+00  0.1284E+00  0.8373E+00
  -6.050  0.5857E+00  0.1284E+00  0.8445E+00
  -6.040  0.5767E+00  0.1285E+00  0.8516E+00
  -6.030  0.5711E+00  0.1286E+00  0.8586E+00
  -6.020  0.5672E+00  0.1292E+00  0.8656E+00
  -6.010  0.5647E+00  0.1299E+00  0.8725E+00
  -6.000  0.5622E+00  0.1307E+00  0.8795E+00
  -5.990  0.5560E+00  0.1314E+00  0.8864E+00
  -5.980  0.5497E+00  0.1322E+00  0.8932E+00
  -5.970  0.5434E+00  0.1329E+00  0.9000E+00
  -5.960  0.5301E+00  0.1337E+00  0.9067E+00
  -5.950  0.5224E+00  0.1344E+00  0.9133E+00
  -5.940  0.5147E+00  0.1351E+00  0.9198E+00
  -5.930  0.5075E+00  0.1355E+00  0.9263E+00
  -5.920  0.5020E+00  0.1359E+00  0.9327E+00
  -5.910  0.5005E+00  0.1363E+00  0.9391E+00
  -5.900  0.4990E+00  0.1367E+00  0.9454E+00
  -5.890  0.4984E+00  0.1371E+00  0.9518E+00
  -5.880  0.4986E+00  0.1375E+00  0.9582E+00
  -5.870  0.4989E+00  0.1379E+00  0.9645E+00
  -5.860  0.4966E+00  0.1383E+00  0.9709E+00
  -5.850  0.4874E+00  0.1387E+00  0.9772E+00
  -5.840  0.4791E+00  0.1391E+00  0.9834E+00
  -5.830  0.4742E+00  0.1431E+00  0.9896E+00
  -5.820  0.4710E+00  0.1439E+00  0.9957E+00
  -5.810  0.4683E+00  0.1448E+00  0.1002E+01
  -5.800  0.4655E+00  0.1456E+00  0.1008E+01
  -5.790  0.4587E+00  0.1464E+00  0.1014E+01
  -5.780  0.4532E+00  0.1473E+00  0.1020E+01
  -5.770  0.4490E+00  0.1481E+00  0.1026E+01
  -5.760  0.4453E+00  0.1490E+00  0.1032E+01
  -5.750  0.4425E+00  0.1498E+00  0.1038E+01
  -5.740  0.4399E+00  0.1506E+00  0.1044E+01
  -5.730  0.4377E+00  0.1515E+00  0.1050E+01
  -5.720  0.4355E+00  0.1523E+00  0.1056E+01
  -5.710  0.4333E+00  0.1526E+00  0.1062E+01
  -5.700  0.4311E+00  0.1530E+00  0.1067E+01
  -5.690  0.4292E+00  0.1544E+00  0.1073E+01
  -5.680  0.4289E+00  0.1561E+00  0.1079E+01
  -5.670  0.4288E+00  0.1578E+00  0.1085E+01
  -5.660  0.4288E+00  0.1594E+00  0.1091E+01
  -5.650  0.1117E+01  0.1610E+00  0.1098E+01
  -5.640  0.1413E+01  0.1626E+00  0.1115E+01
  -5.630  0.1734E+01  0.1641E+00  0.1132E+01
  -5.620  0.1382E+01  0.1657E+00  0.1149E+01
  -5.610  0.1503E+01  0.1673E+00  0.1165E+01
  -5.600  0.1601E+01  0.1682E+00  0.1182E+01
  -5.590  0.1475E+01  0.1691E+00  0.1199E+01
  -5.580  0.1496E+01  0.1700E+00  0.1216E+01
  -5.570  0.1571E+01  0.1709E+00  0.1233E+01
  -5.560  0.1576E+01  0.1718E+00  0.1250E+01
  -5.550  0.1559E+01  0.1727E+00  0.1268E+01
  -5.540  0.1553E+01  0.1736E+00  0.1285E+01
  -5.530  0.1616E+01  0.1822E+00  0.1303E+01
  -5.520  0.1688E+01  0.1838E+00  0.1321E+01
  -5.510  0.1705E+01  0.1855E+00  0.1340E+01
  -5.500  0.1707E+01  0.1871E+00  0.1359E+01
  -5.490  0.1735E+01  0.1887E+00  0.1378E+01
  -5.480  0.1776E+01  0.1904E+00  0.1397E+01
  -5.470  0.1860E+01  0.1920E+00  0.1417E+01
  -5.460  0.1889E+01  0.1937E+00  0.1438E+01
  -5.450  0.1808E+01  0.1953E+00  0.1459E+01
  -5.440  0.1820E+01  0.1982E+00  0.1479E+01
  -5.430  0.1813E+01  0.2023E+00  0.1499E+01
  -5.420  0.1824E+01  0.2065E+00  0.1519E+01
  -5.410  0.1849E+01  0.2106E+00  0.1540E+01
  -5.400  0.2011E+01  0.2148E+00  0.1561E+01
  -5.390  0.1747E+01  0.2189E+00  0.1582E+01
  -5.380  0.1807E+01  0.2231E+00  0.1602E+01
  -5.370  0.1820E+01  0.2272E+00  0.1622E+01
  -5.360  0.1929E+01  0.2315E+00  0.1643E+01
  -5.350  0.2073E+01  0.2440E+00  0.1666E+01
  -5.340  0.2230E+01  0.2499E+00  0.1690E+01
  -5.330  0.2459E+01  0.2764E+00  0.1716E+01
  -5.320  0.3639E+01  0.2802E+00  0.1747E+01
  -5.310  0.2681E+01  0.2840E+00  0.1780E+01
  -5.300  0.2240E+01  0.2878E+00  0.1807E+01
  -5.290  0.2009E+01  0.2925E+00  0.1832E+01
  -5.280  0.1778E+01  0.3049E+00  0.1853E+01
  -5.270  0.1799E+01  0.3173E+00  0.1874E+01
  -5.260  0.1887E+01  0.3296E+00  0.1896E+01
  -5.250  0.1590E+01  0.3420E+00  0.1917E+01
  -5.240  0.1412E+01  0.6176E+00  0.1936E+01
  -5.230  0.1298E+01  0.1220E+01  0.1958E+01
  -5.220  0.1245E+01  0.1493E+01  0.1986E+01
  -5.210  0.1252E+01  0.1584E+01  0.2013E+01
  -5.200  0.1236E+01  0.1707E+01  0.2044E+01
  -5.190  0.1221E+01  0.1650E+01  0.2073E+01
  -5.180  0.1404E+01  0.1202E+01  0.2099E+01
  -5.170  0.1132E+01  0.1091E+01  0.2123E+01
  -5.160  0.1250E+01  0.1008E+01  0.2145E+01
  -5.150  0.1237E+01  0.9305E+00  0.2167E+01
  -5.140  0.1185E+01  0.8571E+00  0.2188E+01
  -5.130  0.1172E+01  0.8011E+00  0.2208E+01
  -5.120  0.1283E+01  0.7774E+00  0.2228E+01
  -5.110  0.1182E+01  0.7647E+00  0.2248E+01
  -5.100  0.1107E+01  0.7520E+00  0.2267E+01
  -5.090  0.1126E+01  0.7255E+00  0.2286E+01
  -5.080  0.1461E+01  0.6878E+00  0.2307E+01
  -5.070  0.1446E+01  0.6613E+00  0.2331E+01
  -5.060  0.1458E+01  0.6358E+00  0.2352E+01
  -5.050  0.1363E+01  0.6195E+00  0.2373E+01
  -5.040  0.1351E+01  0.6043E+00  0.2392E+01
  -5.030  0.1366E+01  0.5891E+00  0.2412E+01
  -5.020  0.1360E+01  0.5833E+00  0.2431E+01
  -5.010  0.1380E+01  0.5770E+00  0.2451E+01
  -5.000  0.1505E+01  0.5707E+00  0.2471E+01
  -4.990  0.1565E+01  0.5644E+00  0.2492E+01
  -4.980  0.1476E+01  0.5581E+00  0.2513E+01
  -4.970  0.1416E+01  0.5380E+00  0.2533E+01
  -4.960  0.1405E+01  0.5236E+00  0.2552E+01
  -4.950  0.1482E+01  0.5103E+00  0.2572E+01
  -4.940  0.1562E+01  0.5013E+00  0.2592E+01
  -4.930  0.1580E+01  0.4932E+00  0.2613E+01
  -4.920  0.1689E+01  0.4864E+00  0.2634E+01
  -4.910  0.1867E+01  0.4801E+00  0.2657E+01
  -4.900  0.1977E+01  0.4732E+00  0.2680E+01
  -4.890  0.2349E+01  0.4685E+00  0.2707E+01
  -4.880  0.2493E+01  0.4643E+00  0.2736E+01
  -4.870  0.2379E+01  0.4601E+00  0.2767E+01
  -4.860  0.1541E+01  0.4558E+00  0.2790E+01
  -4.850  0.1355E+01  0.4516E+00  0.2811E+01
  -4.840  0.9919E+00  0.4473E+00  0.2828E+01
  -4.830  0.1046E+01  0.4358E+00  0.2842E+01
  -4.820  0.1737E+01  0.4258E+00  0.2858E+01
  -4.810  0.1894E+01  0.4199E+00  0.2880E+01
  -4.800  0.2102E+01  0.4152E+00  0.2904E+01
  -4.790  0.2219E+01  0.4110E+00  0.2930E+01
  -4.780  0.2288E+01  0.4078E+00  0.2957E+01
  -4.770  0.2261E+01  0.4046E+00  0.2984E+01
  -4.760  0.2191E+01  0.4014E+00  0.3010E+01
  -4.750  0.2180E+01  0.3991E+00  0.3036E+01
  -4.740  0.2021E+01  0.3970E+00  0.3063E+01
  -4.730  0.1868E+01  0.3956E+00  0.3086E+01
  -4.720  0.1799E+01  0.3917E+00  0.3108E+01
  -4.710  0.1686E+01  0.3878E+00  0.3130E+01
  -4.700  0.1500E+01  0.3840E+00  0.3149E+01
  -4.690  0.1680E+01  0.3801E+00  0.3169E+01
  -4.680  0.1380E+01  0.3770E+00  0.3187E+01
  -4.670  0.1366E+01  0.3750E+00  0.3205E+01
  -4.660  0.1492E+01  0.3698E+00  0.3223E+01
  -4.650  0.1629E+01  0.3675E+00  0.3242E+01
  -4.640  0.1702E+01  0.3653E+00  0.3263E+01
  -4.630  0.1903E+01  0.3642E+00  0.3284E+01
  -4.620  0.2436E+01  0.3632E+00  0.3309E+01
  -4.610  0.2183E+01  0.3597E+00  0.3335E+01
  -4.600  0.2052E+01  0.3553E+00  0.3360E+01
  -4.590  0.1942E+01  0.3517E+00  0.3385E+01
  -4.580  0.1955E+01  0.3480E+00  0.3407E+01
  -4.570  0.2065E+01  0.3444E+00  0.3432E+01
  -4.560  0.1910E+01  0.3408E+00  0.3455E+01
  -4.550  0.1915E+01  0.3377E+00  0.3477E+01
  -4.540  0.1910E+01  0.3349E+00  0.3500E+01
  -4.530  0.1831E+01  0.3350E+00  0.3522E+01
  -4.520  0.1823E+01  0.3369E+00  0.3543E+01
  -4.510  0.1835E+01  0.3353E+00  0.3565E+01
  -4.500  0.1858E+01  0.3337E+00  0.3587E+01
  -4.490  0.1830E+01  0.3321E+00  0.3609E+01
  -4.480  0.1773E+01  0.3264E+00  0.3630E+01
  -4.470  0.1785E+01  0.3226E+00  0.3651E+01
  -4.460  0.1824E+01  0.3202E+00  0.3672E+01
  -4.450  0.1868E+01  0.3178E+00  0.3694E+01
  -4.440  0.1908E+01  0.3153E+00  0.3716E+01
  -4.430  0.1941E+01  0.3132E+00  0.3738E+01
  -4.420  0.1964E+01  0.3115E+00  0.3761E+01
  -4.410  0.1970E+01  0.3099E+00  0.3784E+01
  -4.400  0.1985E+01  0.3082E+00  0.3807E+01
  -4.390  0.2018E+01  0.3065E+00  0.3830E+01
  -4.380  0.2073E+01  0.3051E+00  0.3853E+01
  -4.370  0.2104E+01  0.3043E+00  0.3877E+01
  -4.360  0.2149E+01  0.3034E+00  0.3902E+01
  -4.350  0.2194E+01  0.3026E+00  0.3926E+01
  -4.340  0.2339E+01  0.3017E+00  0.3952E+01
  -4.330  0.2266E+01  0.3364E+00  0.3979E+01
  -4.320  0.2080E+01  0.3290E+00  0.4005E+01
  -4.310  0.1896E+01  0.3223E+00  0.4027E+01
  -4.300  0.1834E+01  0.3157E+00  0.4049E+01
  -4.290  0.1834E+01  0.3068E+00  0.4072E+01
  -4.280  0.1853E+01  0.2993E+00  0.4094E+01
  -4.270  0.1893E+01  0.2962E+00  0.4115E+01
  -4.260  0.1962E+01  0.2959E+00  0.4137E+01
  -4.250  0.2035E+01  0.2964E+00  0.4160E+01
  -4.240  0.2116E+01  0.2969E+00  0.4184E+01
  -4.230  0.2204E+01  0.2974E+00  0.4209E+01
  -4.220  0.2660E+01  0.2979E+00  0.4235E+01
  -4.210  0.2854E+01  0.2991E+00  0.4265E+01
  -4.200  0.2855E+01  0.3011E+00  0.4297E+01
  -4.190  0.3206E+01  0.3031E+00  0.4330E+01
  -4.180  0.3177E+01  0.3051E+00  0.4364E+01
  -4.170  0.3185E+01  0.3071E+00  0.4399E+01
  -4.160  0.3296E+01  0.3092E+00  0.4435E+01
  -4.150  0.3443E+01  0.3138E+00  0.4471E+01
  -4.140  0.3757E+01  0.3247E+00  0.4512E+01
  -4.130  0.4343E+01  0.3356E+00  0.4557E+01
  -4.120  0.7853E+01  0.3464E+00  0.4617E+01
  -4.110  0.3915E+01  0.3573E+00  0.4679E+01
  -4.100  0.2557E+01  0.3682E+00  0.4714E+01
  -4.090  0.2493E+01  0.3801E+00  0.4743E+01
  -4.080  0.2334E+01  0.3934E+00  0.4771E+01
  -4.070  0.2940E+01  0.3469E+00  0.4802E+01
  -4.060  0.2776E+01  0.3543E+00  0.4833E+01
  -4.050  0.2844E+01  0.3882E+00  0.4865E+01
  -4.040  0.2961E+01  0.4255E+00  0.4898E+01
  -4.030  0.3060E+01  0.4628E+00  0.4933E+01
  -4.020  0.3179E+01  0.3372E+00  0.4968E+01
  -4.010  0.3373E+01  0.3068E+00  0.5003E+01
  -4.000  0.3919E+01  0.2502E+00  0.5042E+01
  -3.990  0.4258E+01  0.2410E+00  0.5087E+01
  -3.980  0.3918E+01  0.2365E+00  0.5130E+01
  -3.970  0.4674E+01  0.2354E+00  0.5177E+01
  -3.960  0.3875E+01  0.2343E+00  0.5221E+01
  -3.950  0.3544E+01  0.2314E+00  0.5260E+01
  -3.940  0.3150E+01  0.2236E+00  0.5296E+01
  -3.930  0.2924E+01  0.7943E+00  0.5330E+01
  -3.920  0.2692E+01  0.1332E+01  0.5371E+01
  -3.910  0.2469E+01  0.1387E+01  0.5410E+01
  -3.900  0.2316E+01  0.1094E+01  0.5447E+01
  -3.890  0.2278E+01  0.1303E+01  0.5482E+01
  -3.880  0.2281E+01  0.1419E+01  0.5518E+01
  -3.870  0.1984E+01  0.1340E+01  0.5552E+01
  -3.860  0.1918E+01  0.1298E+01  0.5585E+01
  -3.850  0.2184E+01  0.1362E+01  0.5618E+01
  -3.840  0.2195E+01  0.1444E+01  0.5653E+01
  -3.830  0.2218E+01  0.1372E+01  0.5689E+01
  -3.820  0.2400E+01  0.1389E+01  0.5727E+01
  -3.810  0.2073E+01  0.1594E+01  0.5763E+01
  -3.800  0.1770E+01  0.1510E+01  0.5798E+01
  -3.790  0.1063E+01  0.1512E+01  0.5826E+01
  -3.780  0.5669E+00  0.1474E+01  0.5847E+01
  -3.770  0.5605E+00  0.1488E+01  0.5868E+01
  -3.760  0.1496E+01  0.1519E+01  0.5890E+01
  -3.750  0.2979E+01  0.1543E+01  0.5932E+01
  -3.740  0.2661E+01  0.1556E+01  0.5980E+01
  -3.730  0.2030E+01  0.1606E+01  0.6020E+01
  -3.720  0.1898E+01  0.1630E+01  0.6056E+01
  -3.710  0.1823E+01  0.1660E+01  0.6091E+01
  -3.700  0.1895E+01  0.1692E+01  0.6126E+01
  -3.690  0.1768E+01  0.2113E+01  0.6162E+01
  -3.680  0.1774E+01  0.1865E+01  0.6199E+01
  -3.670  0.1731E+01  0.1935E+01  0.6235E+01
  -3.660  0.1740E+01  0.2063E+01  0.6273E+01
  -3.650  0.1629E+01  0.2138E+01  0.6312E+01
  -3.640  0.1652E+01  0.2234E+01  0.6350E+01
  -3.630  0.1487E+01  0.2327E+01  0.6390E+01
  -3.620  0.5706E+00  0.2418E+01  0.6423E+01
  -3.610  0.5556E+00  0.2120E+01  0.6451E+01
  -3.600  0.5512E+00  0.1826E+01  0.6477E+01
  -3.590  0.5442E+00  0.1774E+01  0.6500E+01
  -3.580  0.5356E+00  0.1972E+01  0.6523E+01
  -3.570  0.5329E+00  0.2827E+01  0.6553E+01
  -3.560  0.5302E+00  0.2579E+01  0.6586E+01
  -3.550  0.5275E+00  0.2213E+01  0.6615E+01
  -3.540  0.5437E+00  0.2116E+01  0.6642E+01
  -3.530  0.5234E+00  0.2092E+01  0.6668E+01
  -3.520  0.5109E+00  0.2128E+01  0.6694E+01
  -3.510  0.4981E+00  0.2028E+01  0.6720E+01
  -3.500  0.4910E+00  0.1939E+01  0.6745E+01
  -3.490  0.4883E+00  0.1889E+01  0.6769E+01
  -3.480  0.4883E+00  0.1894E+01  0.6793E+01
  -3.470  0.4861E+00  0.1910E+01  0.6816E+01
  -3.460  0.4831E+00  0.1938E+01  0.6840E+01
  -3.450  0.4801E+00  0.1995E+01  0.6865E+01
  -3.440  0.4770E+00  0.1878E+01  0.6889E+01
  -3.430  0.4751E+00  0.1937E+01  0.6913E+01
  -3.420  0.4744E+00  0.2274E+01  0.6939E+01
  -3.410  0.4737E+00  0.3768E+01  0.6970E+01
  -3.400  0.4730E+00  0.2574E+01  0.7001E+01
  -3.390  0.4723E+00  0.2795E+01  0.7032E+01
  -3.380  0.4716E+00  0.2330E+01  0.7065E+01
  -3.370  0.4709E+00  0.2167E+01  0.7092E+01
  -3.360  0.4703E+00  0.2112E+01  0.7118E+01
  -3.350  0.4698E+00  0.2016E+01  0.7144E+01
  -3.340  0.5565E+00  0.1921E+01  0.7168E+01
  -3.330  0.4850E+00  0.1845E+01  0.7192E+01
  -3.320  0.4626E+00  0.1805E+01  0.7215E+01
  -3.310  0.4578E+00  0.1961E+01  0.7239E+01
  -3.300  0.4544E+00  0.1923E+01  0.7263E+01
  -3.290  0.4510E+00  0.1901E+01  0.7286E+01
  -3.280  0.4488E+00  0.1908E+01  0.7310E+01
  -3.270  0.4472E+00  0.1916E+01  0.7333E+01
  -3.260  0.4747E+00  0.1942E+01  0.7357E+01
  -3.250  0.4675E+00  0.1953E+01  0.7382E+01
  -3.240  0.4593E+00  0.2040E+01  0.7406E+01
  -3.230  0.4535E+00  0.2216E+01  0.7432E+01
  -3.220  0.4466E+00  0.1859E+01  0.7457E+01
  -3.210  0.4414E+00  0.1455E+01  0.7480E+01
  -3.200  0.4397E+00  0.1174E+01  0.7498E+01
  -3.190  0.4379E+00  0.1014E+01  0.7513E+01
  -3.180  0.4362E+00  0.9013E+00  0.7527E+01
  -3.170  0.4344E+00  0.8206E+00  0.7539E+01
  -3.160  0.4342E+00  0.8422E+00  0.7552E+01
  -3.150  0.4347E+00  0.8938E+00  0.7565E+01
  -3.140  0.4380E+00  0.9474E+00  0.7579E+01
  -3.130  0.4418E+00  0.1058E+01  0.7593E+01
  -3.120  0.4456E+00  0.1200E+01  0.7609E+01
  -3.110  0.4494E+00  0.1347E+01  0.7626E+01
  -3.100  0.4217E+00  0.1751E+01  0.7646E+01
  -3.090  0.4202E+00  0.1821E+01  0.7669E+01
  -3.080  0.4187E+00  0.1728E+01  0.7691E+01
  -3.070  0.4172E+00  0.1703E+01  0.7712E+01
  -3.060  0.4157E+00  0.1707E+01  0.7733E+01
  -3.050  0.4149E+00  0.1683E+01  0.7755E+01
  -3.040  0.4586E+00  0.1343E+01  0.7773E+01
  -3.030  0.4416E+00  0.1265E+01  0.7791E+01
  -3.020  0.4248E+00  0.1171E+01  0.7807E+01
  -3.010  0.4165E+00  0.1028E+01  0.7823E+01
  -3.000  0.4130E+00  0.6529E+00  0.7835E+01
  -2.990  0.4110E+00  0.6185E+00  0.7845E+01
  -2.980  0.4090E+00  0.6692E+00  0.7855E+01
  -2.970  0.4070E+00  0.7936E+00  0.7867E+01
  -2.960  0.4050E+00  0.9216E+00  0.7879E+01
  -2.950  0.4031E+00  0.1243E+01  0.7895E+01
  -2.940  0.4009E+00  0.1148E+01  0.7911E+01
  -2.930  0.3986E+00  0.1248E+01  0.7928E+01
  -2.920  0.3956E+00  0.1365E+01  0.7945E+01
  -2.910  0.3930E+00  0.1475E+01  0.7964E+01
  -2.900  0.3919E+00  0.1522E+01  0.7983E+01
  -2.890  0.4676E+00  0.1386E+01  0.8002E+01
  -2.880  0.3950E+00  0.1229E+01  0.8020E+01
  -2.870  0.3922E+00  0.1100E+01  0.8035E+01
  -2.860  0.3910E+00  0.1158E+01  0.8051E+01
  -2.850  0.3897E+00  0.1177E+01  0.8067E+01
  -2.840  0.3885E+00  0.1194E+01  0.8083E+01
  -2.830  0.3875E+00  0.1267E+01  0.8099E+01
  -2.820  0.3931E+00  0.1225E+01  0.8115E+01
  -2.810  0.3987E+00  0.1208E+01  0.8131E+01
  -2.800  0.3955E+00  0.1206E+01  0.8147E+01
  -2.790  0.3916E+00  0.1202E+01  0.8163E+01
  -2.780  0.4676E+00  0.1216E+01  0.8180E+01
  -2.770  0.3965E+00  0.1210E+01  0.8196E+01
  -2.760  0.3888E+00  0.1208E+01  0.8212E+01
  -2.750  0.3819E+00  0.1206E+01  0.8228E+01
  -2.740  0.3751E+00  0.1221E+01  0.8244E+01
  -2.730  0.3683E+00  0.1246E+01  0.8260E+01
  -2.720  0.3706E+00  0.1273E+01  0.8276E+01
  -2.710  0.4426E+00  0.1303E+01  0.8293E+01
  -2.700  0.4188E+00  0.1320E+01  0.8310E+01
  -2.690  0.3950E+00  0.1414E+01  0.8328E+01
  -2.680  0.3674E+00  0.1405E+01  0.8346E+01
  -2.670  0.4512E+00  0.1351E+01  0.8364E+01
  -2.660  0.3915E+00  0.1291E+01  0.8382E+01
  -2.650  0.3317E+00  0.1232E+01  0.8398E+01
  -2.640  0.2720E+00  0.1230E+01  0.8413E+01
  -2.630  0.2071E+00  0.1235E+01  0.8428E+01
  -2.620  0.1399E+00  0.1115E+01  0.8441E+01
  -2.610  0.1363E+00  0.1059E+01  0.8454E+01
  -2.600  0.1353E+00  0.9458E+00  0.8465E+01
  -2.590  0.1347E+00  0.9571E+00  0.8476E+01
  -2.580  0.1342E+00  0.1104E+01  0.8488E+01
  -2.570  0.1335E+00  0.1220E+01  0.8501E+01
  -2.560  0.1329E+00  0.1242E+01  0.8514E+01
  -2.550  0.1322E+00  0.1272E+01  0.8528E+01
  -2.540  0.1312E+00  0.1302E+01  0.8543E+01
  -2.530  0.1300E+00  0.1329E+01  0.8557E+01
  -2.520  0.1290E+00  0.1430E+01  0.8572E+01
  -2.510  0.1290E+00  0.1444E+01  0.8588E+01
  -2.500  0.1291E+00  0.1464E+01  0.8604E+01
  -2.490  0.1291E+00  0.1476E+01  0.8620E+01
  -2.480  0.1291E+00  0.1483E+01  0.8636E+01
  -2.470  0.1292E+00  0.1475E+01  0.8652E+01
  -2.460  0.1292E+00  0.1446E+01  0.8668E+01
  -2.450  0.1292E+00  0.1417E+01  0.8683E+01
  -2.440  0.1293E+00  0.1423E+01  0.8699E+01
  -2.430  0.1293E+00  0.1427E+01  0.8714E+01
  -2.420  0.1294E+00  0.1431E+01  0.8730E+01
  -2.410  0.1294E+00  0.1441E+01  0.8746E+01
  -2.400  0.1294E+00  0.1458E+01  0.8761E+01
  -2.390  0.1295E+00  0.1464E+01  0.8777E+01
  -2.380  0.1295E+00  0.1478E+01  0.8793E+01
  -2.370  0.1295E+00  0.1491E+01  0.8809E+01
  -2.360  0.1296E+00  0.1504E+01  0.8826E+01
  -2.350  0.1296E+00  0.1512E+01  0.8842E+01
  -2.340  0.1296E+00  0.1515E+01  0.8859E+01
  -2.330  0.1297E+00  0.1533E+01  0.8875E+01
  -2.320  0.1297E+00  0.1539E+01  0.8892E+01
  -2.310  0.1298E+00  0.1546E+01  0.8909E+01
  -2.300  0.1298E+00  0.1555E+01  0.8925E+01
  -2.290  0.1298E+00  0.1561E+01  0.8942E+01
  -2.280  0.1299E+00  0.1581E+01  0.8959E+01
  -2.270  0.1299E+00  0.1598E+01  0.8976E+01
  -2.260  0.1299E+00  0.1615E+01  0.8994E+01
  -2.250  0.1300E+00  0.1629E+01  0.9011E+01
  -2.240  0.1300E+00  0.1679E+01  0.9029E+01
  -2.230  0.1300E+00  0.1714E+01  0.9047E+01
  -2.220  0.1301E+00  0.1742E+01  0.9066E+01
  -2.210  0.1301E+00  0.1800E+01  0.9085E+01
  -2.200  0.1300E+00  0.1834E+01  0.9104E+01
  -2.190  0.1284E+00  0.1913E+01  0.9125E+01
  -2.180  0.1268E+00  0.1918E+01  0.9145E+01
  -2.170  0.1253E+00  0.1916E+01  0.9165E+01
  -2.160  0.1280E+00  0.1924E+01  0.9186E+01
  -2.150  0.1274E+00  0.1888E+01  0.9206E+01
  -2.140  0.1268E+00  0.1741E+01  0.9227E+01
  -2.130  0.1262E+00  0.1763E+01  0.9245E+01
  -2.120  0.1255E+00  0.1820E+01  0.9264E+01
  -2.110  0.1249E+00  0.1863E+01  0.9284E+01
  -2.100  0.1242E+00  0.1985E+01  0.9304E+01
  -2.090  0.1234E+00  0.2104E+01  0.9326E+01
  -2.080  0.1224E+00  0.2409E+01  0.9349E+01
  -2.070  0.1211E+00  0.2547E+01  0.9376E+01
  -2.060  0.1210E+00  0.2672E+01  0.9403E+01
  -2.050  0.1209E+00  0.2733E+01  0.9431E+01
  -2.040  0.1208E+00  0.2879E+01  0.9460E+01
  -2.030  0.1206E+00  0.3061E+01  0.9491E+01
  -2.020  0.1205E+00  0.3657E+01  0.9527E+01
  -2.010  0.1204E+00  0.3774E+01  0.9567E+01
  -2.000  0.1203E+00  0.4356E+01  0.9613E+01
  -1.990  0.1202E+00  0.2759E+01  0.9650E+01
  -1.980  0.1201E+00  0.3266E+01  0.9681E+01
  -1.970  0.1200E+00  0.5255E+01  0.9720E+01
  -1.960  0.1199E+00  0.5116E+01  0.9774E+01
  -1.950  0.1198E+00  0.5254E+01  0.9826E+01
  -1.940  0.1198E+00  0.7355E+01  0.9883E+01
  -1.930  0.1199E+00  0.1571E+01  0.9914E+01
  -1.920  0.1201E+00  0.1562E+01  0.9931E+01
  -1.910  0.1202E+00  0.1586E+01  0.9948E+01
  -1.900  0.1203E+00  0.1606E+01  0.9965E+01
  -1.890  0.1204E+00  0.1625E+01  0.9982E+01
  -1.880  0.1267E+00  0.1631E+01  0.1000E+02
  -1.870  0.1342E+00  0.1637E+01  0.1002E+02
  -1.860  0.1416E+00  0.1744E+01  0.1004E+02
  -1.850  0.1491E+00  0.1852E+01  0.1006E+02
  -1.840  0.1565E+00  0.1970E+01  0.1008E+02
  -1.830  0.1640E+00  0.2058E+01  0.1010E+02
  -1.820  0.1593E+00  0.2581E+01  0.1012E+02
  -1.810  0.1611E+00  0.2442E+01  0.1015E+02
  -1.800  0.1628E+00  0.1949E+01  0.1018E+02
  -1.790  0.1646E+00  0.1999E+01  0.1020E+02
  -1.780  0.1663E+00  0.1864E+01  0.1022E+02
  -1.770  0.1680E+00  0.1887E+01  0.1024E+02
  -1.760  0.1698E+00  0.1957E+01  0.1026E+02
  -1.750  0.1715E+00  0.1967E+01  0.1028E+02
  -1.740  0.1733E+00  0.2356E+01  0.1030E+02
  -1.730  0.1750E+00  0.2047E+01  0.1033E+02
  -1.720  0.1768E+00  0.1657E+01  0.1035E+02
  -1.710  0.1899E+00  0.1558E+01  0.1036E+02
  -1.700  0.1857E+00  0.1222E+01  0.1038E+02
  -1.690  0.1815E+00  0.1021E+01  0.1039E+02
  -1.680  0.1773E+00  0.8451E+00  0.1040E+02
  -1.670  0.1731E+00  0.5276E+00  0.1041E+02
  -1.660  0.1707E+00  0.4900E+00  0.1042E+02
  -1.650  0.1720E+00  0.7093E+00  0.1043E+02
  -1.640  0.1732E+00  0.1329E+01  0.1044E+02
  -1.630  0.1736E+00  0.1527E+01  0.1045E+02
  -1.620  0.1733E+00  0.1669E+01  0.1047E+02
  -1.610  0.1737E+00  0.1811E+01  0.1049E+02
  -1.600  0.1742E+00  0.1864E+01  0.1051E+02
  -1.590  0.1748E+00  0.1756E+01  0.1053E+02
  -1.580  0.1752E+00  0.1648E+01  0.1055E+02
  -1.570  0.1756E+00  0.1606E+01  0.1057E+02
  -1.560  0.1757E+00  0.1444E+01  0.1059E+02
  -1.550  0.1758E+00  0.1358E+01  0.1060E+02
  -1.540  0.1768E+00  0.1312E+01  0.1062E+02
  -1.530  0.1777E+00  0.1324E+01  0.1063E+02
  -1.520  0.1813E+00  0.1337E+01  0.1065E+02
  -1.510  0.1789E+00  0.1276E+01  0.1066E+02
  -1.500  0.1785E+00  0.1316E+01  0.1068E+02
  -1.490  0.1781E+00  0.1316E+01  0.1069E+02
  -1.480  0.1776E+00  0.1249E+01  0.1071E+02
  -1.470  0.1772E+00  0.1269E+01  0.1072E+02
  -1.460  0.1768E+00  0.1264E+01  0.1074E+02
  -1.450  0.1763E+00  0.1269E+01  0.1075E+02
  -1.440  0.1759E+00  0.1258E+01  0.1076E+02
  -1.430  0.1754E+00  0.1312E+01  0.1078E+02
  -1.420  0.1750E+00  0.1133E+01  0.1079E+02
  -1.410  0.1758E+00  0.1058E+01  0.1081E+02
  -1.400  0.1767E+00  0.3619E+00  0.1081E+02
  -1.390  0.1777E+00  0.3638E+00  0.1082E+02
  -1.380  0.1786E+00  0.3656E+00  0.1082E+02
  -1.370  0.1795E+00  0.3674E+00  0.1083E+02
  -1.360  0.1805E+00  0.3693E+00  0.1084E+02
  -1.350  0.1814E+00  0.3713E+00  0.1084E+02
  -1.340  0.1823E+00  0.3785E+00  0.1085E+02
  -1.330  0.1833E+00  0.3749E+00  0.1085E+02
  -1.320  0.1842E+00  0.3724E+00  0.1086E+02
  -1.310  0.1851E+00  0.3689E+00  0.1086E+02
  -1.300  0.1861E+00  0.3633E+00  0.1087E+02
  -1.290  0.1870E+00  0.3612E+00  0.1087E+02
  -1.280  0.1867E+00  0.3619E+00  0.1088E+02
  -1.270  0.1850E+00  0.3636E+00  0.1089E+02
  -1.260  0.1834E+00  0.3652E+00  0.1089E+02
  -1.250  0.1818E+00  0.3668E+00  0.1090E+02
  -1.240  0.1841E+00  0.3684E+00  0.1090E+02
  -1.230  0.1844E+00  0.3701E+00  0.1091E+02
  -1.220  0.1847E+00  0.3717E+00  0.1091E+02
  -1.210  0.1850E+00  0.3733E+00  0.1092E+02
  -1.200  0.1852E+00  0.3749E+00  0.1092E+02
  -1.190  0.1855E+00  0.3763E+00  0.1093E+02
  -1.180  0.1858E+00  0.3775E+00  0.1094E+02
  -1.170  0.1861E+00  0.3787E+00  0.1094E+02
  -1.160  0.1864E+00  0.3933E+00  0.1095E+02
  -1.150  0.1867E+00  0.4407E+00  0.1095E+02
  -1.140  0.1870E+00  0.4240E+00  0.1096E+02
  -1.130  0.1873E+00  0.4056E+00  0.1097E+02
  -1.120  0.1875E+00  0.3878E+00  0.1097E+02
  -1.110  0.1883E+00  0.3784E+00  0.1098E+02
  -1.100  0.1893E+00  0.3746E+00  0.1098E+02
  -1.090  0.1903E+00  0.3741E+00  0.1099E+02
  -1.080  0.1913E+00  0.3737E+00  0.1099E+02
  -1.070  0.1923E+00  0.3734E+00  0.1100E+02
  -1.060  0.1933E+00  0.3732E+00  0.1101E+02
  -1.050  0.1943E+00  0.3729E+00  0.1101E+02
  -1.040  0.1953E+00  0.3725E+00  0.1102E+02
  -1.030  0.1961E+00  0.3721E+00  0.1102E+02
  -1.020  0.1959E+00  0.3716E+00  0.1103E+02
  -1.010  0.1962E+00  0.3705E+00  0.1103E+02
  -1.000  0.1965E+00  0.3696E+00  0.1104E+02
  -0.990  0.1927E+00  0.3700E+00  0.1105E+02
  -0.980  0.1916E+00  0.3705E+00  0.1105E+02
  -0.970  0.1902E+00  0.3709E+00  0.1106E+02
  -0.960  0.1897E+00  0.4477E+00  0.1106E+02
  -0.950  0.1892E+00  0.3794E+00  0.1107E+02
  -0.940  0.1887E+00  0.3779E+00  0.1107E+02
  -0.930  0.1882E+00  0.3889E+00  0.1108E+02
  -0.920  0.1878E+00  0.3867E+00  0.1109E+02
  -0.910  0.1903E+00  0.3844E+00  0.1109E+02
  -0.900  0.1905E+00  0.3822E+00  0.1110E+02
  -0.890  0.1907E+00  0.3799E+00  0.1110E+02
  -0.880  0.1909E+00  0.3779E+00  0.1111E+02
  -0.870  0.1939E+00  0.3760E+00  0.1111E+02
  -0.860  0.1942E+00  0.3740E+00  0.1112E+02
  -0.850  0.1945E+00  0.3721E+00  0.1113E+02
  -0.840  0.1948E+00  0.3954E+00  0.1113E+02
  -0.830  0.1952E+00  0.3938E+00  0.1114E+02
  -0.820  0.1955E+00  0.3930E+00  0.1114E+02
  -0.810  0.1958E+00  0.3922E+00  0.1115E+02
  -0.800  0.1961E+00  0.3914E+00  0.1115E+02
  -0.790  0.1964E+00  0.3906E+00  0.1116E+02
  -0.780  0.1968E+00  0.3899E+00  0.1117E+02
  -0.770  0.1971E+00  0.3891E+00  0.1117E+02
  -0.760  0.1978E+00  0.3883E+00  0.1118E+02
  -0.750  0.1986E+00  0.3875E+00  0.1118E+02
  -0.740  0.1994E+00  0.3584E+00  0.1119E+02
  -0.730  0.2002E+00  0.3511E+00  0.1120E+02
  -0.720  0.2010E+00  0.3438E+00  0.1120E+02
  -0.710  0.2018E+00  0.3357E+00  0.1121E+02
  -0.700  0.2026E+00  0.3255E+00  0.1121E+02
  -0.690  0.2029E+00  0.3153E+00  0.1122E+02
  -0.680  0.2022E+00  0.3013E+00  0.1122E+02
  -0.670  0.2016E+00  0.2861E+00  0.1123E+02
  -0.660  0.2009E+00  0.2769E+00  0.1123E+02
  -0.650  0.2007E+00  0.2762E+00  0.1124E+02
  -0.640  0.2008E+00  0.2756E+00  0.1124E+02
  -0.630  0.2010E+00  0.2749E+00  0.1125E+02
  -0.620  0.2013E+00  0.2743E+00  0.1125E+02
  -0.610  0.2015E+00  0.2738E+00  0.1126E+02
  -0.600  0.2018E+00  0.2738E+00  0.1126E+02
  -0.590  0.2020E+00  0.2746E+00  0.1127E+02
  -0.580  0.2023E+00  0.2754E+00  0.1127E+02
  -0.570  0.2025E+00  0.2762E+00  0.1127E+02
  -0.560  0.2028E+00  0.2770E+00  0.1128E+02
  -0.550  0.2049E+00  0.2782E+00  0.1128E+02
  -0.540  0.2056E+00  0.2798E+00  0.1129E+02
  -0.530  0.2062E+00  0.2814E+00  0.1129E+02
  -0.520  0.2068E+00  0.2830E+00  0.1130E+02
  -0.510  0.2075E+00  0.2847E+00  0.1130E+02
  -0.500  0.2081E+00  0.2863E+00  0.1131E+02
  -0.490  0.2087E+00  0.2879E+00  0.1131E+02
  -0.480  0.2093E+00  0.2895E+00  0.1132E+02
  -0.470  0.2100E+00  0.2738E+00  0.1132E+02
  -0.460  0.2106E+00  0.2743E+00  0.1133E+02
  -0.450  0.2112E+00  0.2747E+00  0.1133E+02
  -0.440  0.2118E+00  0.2716E+00  0.1134E+02
  -0.430  0.2125E+00  0.2706E+00  0.1134E+02
  -0.420  0.2131E+00  0.2697E+00  0.1135E+02
  -0.410  0.2137E+00  0.2687E+00  0.1135E+02
  -0.400  0.2143E+00  0.2677E+00  0.1136E+02
  -0.390  0.2147E+00  0.2667E+00  0.1136E+02
  -0.380  0.2151E+00  0.2657E+00  0.1137E+02
  -0.370  0.2157E+00  0.2676E+00  0.1137E+02
  -0.360  0.2163E+00  0.2674E+00  0.1138E+02
  -0.350  0.2168E+00  0.2671E+00  0.1138E+02
  -0.340  0.2148E+00  0.2668E+00  0.1139E+02
  -0.330  0.2145E+00  0.2664E+00  0.1139E+02
  -0.320  0.2146E+00  0.2661E+00  0.1140E+02
  -0.310  0.2148E+00  0.2657E+00  0.1140E+02
  -0.300  0.2207E+00  0.2651E+00  0.1141E+02
  -0.290  0.2210E+00  0.2646E+00  0.1141E+02
  -0.280  0.2214E+00  0.2637E+00  0.1142E+02
  -0.270  0.2218E+00  0.2638E+00  0.1142E+02
  -0.260  0.2223E+00  0.2640E+00  0.1143E+02
  -0.250  0.2228E+00  0.2641E+00  0.1143E+02
  -0.240  0.2232E+00  0.2643E+00  0.1143E+02
  -0.230  0.2237E+00  0.2647E+00  0.1144E+02
  -0.220  0.2241E+00  0.2654E+00  0.1144E+02
  -0.210  0.2246E+00  0.2661E+00  0.1145E+02
  -0.200  0.2250E+00  0.2673E+00  0.1145E+02
  -0.190  0.2255E+00  0.2753E+00  0.1146E+02
  -0.180  0.2259E+00  0.2834E+00  0.1146E+02
  -0.170  0.2264E+00  0.2914E+00  0.1147E+02
  -0.160  0.2268E+00  0.2989E+00  0.1147E+02
  -0.150  0.2275E+00  0.3052E+00  0.1148E+02
  -0.140  0.2307E+00  0.3115E+00  0.1149E+02
  -0.130  0.2326E+00  0.2858E+00  0.1149E+02
  -0.120  0.2346E+00  0.2858E+00  0.1150E+02
  -0.110  0.2365E+00  0.2857E+00  0.1150E+02
  -0.100  0.2384E+00  0.2857E+00  0.1151E+02
  -0.090  0.2404E+00  0.2857E+00  0.1151E+02
  -0.080  0.2423E+00  0.2857E+00  0.1152E+02
  -0.070  0.2442E+00  0.2856E+00  0.1152E+02
  -0.060  0.2462E+00  0.2856E+00  0.1153E+02
  -0.050  0.2481E+00  0.2856E+00  0.1153E+02
  -0.040  0.2501E+00  0.2854E+00  0.1154E+02
  -0.030  0.2520E+00  0.2875E+00  0.1154E+02
  -0.020  0.2539E+00  0.2877E+00  0.1155E+02
  -0.010  0.2559E+00  0.2878E+00  0.1155E+02
   0.000  0.2578E+00  0.2879E+00  0.1156E+02
   0.010  0.2597E+00  0.2881E+00  0.1157E+02
   0.020  0.2616E+00  0.2882E+00  0.1157E+02
   0.030  0.2625E+00  0.2883E+00  0.1158E+02
   0.040  0.2634E+00  0.2884E+00  0.1158E+02
   0.050  0.2881E+00  0.2886E+00  0.1159E+02
   0.060  0.3320E+00  0.2886E+00  0.1159E+02
   0.070  0.2882E+00  0.2881E+00  0.1160E+02
   0.080  0.2732E+00  0.2877E+00  0.1160E+02
   0.090  0.2582E+00  0.2872E+00  0.1161E+02
   0.100  0.2432E+00  0.2868E+00  0.1162E+02
   0.110  0.2314E+00  0.2863E+00  0.1162E+02
   0.120  0.2319E+00  0.2725E+00  0.1163E+02
   0.130  0.2325E+00  0.2720E+00  0.1163E+02
   0.140  0.2330E+00  0.2716E+00  0.1164E+02
   0.150  0.2336E+00  0.2712E+00  0.1164E+02
   0.160  0.2341E+00  0.2677E+00  0.1165E+02
   0.170  0.2341E+00  0.2665E+00  0.1165E+02
   0.180  0.2331E+00  0.2656E+00  0.1166E+02
   0.190  0.2321E+00  0.2646E+00  0.1166E+02
   0.200  0.2311E+00  0.2637E+00  0.1167E+02
   0.210  0.2302E+00  0.2627E+00  0.1167E+02
   0.220  0.2292E+00  0.2618E+00  0.1168E+02
   0.230  0.2280E+00  0.2610E+00  0.1168E+02
   0.240  0.2267E+00  0.2601E+00  0.1169E+02
   0.250  0.2254E+00  0.2591E+00  0.1169E+02
   0.260  0.2241E+00  0.2581E+00  0.1170E+02
   0.270  0.2228E+00  0.2571E+00  0.1170E+02
   0.280  0.2213E+00  0.2561E+00  0.1171E+02
   0.290  0.2199E+00  0.2551E+00  0.1171E+02
   0.300  0.2196E+00  0.2541E+00  0.1171E+02
   0.310  0.2187E+00  0.2531E+00  0.1172E+02
   0.320  0.2180E+00  0.2521E+00  0.1172E+02
   0.330  0.2174E+00  0.2511E+00  0.1173E+02
   0.340  0.2166E+00  0.2520E+00  0.1173E+02
   0.350  0.2155E+00  0.2513E+00  0.1174E+02
   0.360  0.2150E+00  0.2506E+00  0.1174E+02
   0.370  0.2144E+00  0.2499E+00  0.1175E+02
   0.380  0.2139E+00  0.2497E+00  0.1175E+02
   0.390  0.2134E+00  0.2498E+00  0.1176E+02
   0.400  0.2128E+00  0.2499E+00  0.1176E+02
   0.410  0.2123E+00  0.2500E+00  0.1177E+02
   0.420  0.2117E+00  0.2501E+00  0.1177E+02
   0.430  0.2096E+00  0.2502E+00  0.1178E+02
   0.440  0.2086E+00  0.2503E+00  0.1178E+02
   0.450  0.2076E+00  0.2503E+00  0.1178E+02
   0.460  0.2065E+00  0.2504E+00  0.1179E+02
   0.470  0.2055E+00  0.2505E+00  0.1179E+02
   0.480  0.2044E+00  0.2506E+00  0.1180E+02
   0.490  0.2035E+00  0.2506E+00  0.1180E+02
   0.500  0.2026E+00  0.2494E+00  0.1181E+02
   0.510  0.2017E+00  0.2478E+00  0.1181E+02
   0.520  0.2011E+00  0.2463E+00  0.1182E+02
   0.530  0.2005E+00  0.2453E+00  0.1182E+02
   0.540  0.2086E+00  0.2443E+00  0.1183E+02
   0.550  0.2078E+00  0.2433E+00  0.1183E+02
   0.560  0.2070E+00  0.2423E+00  0.1183E+02
   0.570  0.2062E+00  0.2413E+00  0.1184E+02
   0.580  0.2054E+00  0.2403E+00  0.1184E+02
   0.590  0.2046E+00  0.2393E+00  0.1185E+02
   0.600  0.2038E+00  0.2382E+00  0.1185E+02
   0.610  0.2029E+00  0.2371E+00  0.1186E+02
   0.620  0.2020E+00  0.2360E+00  0.1186E+02
   0.630  0.2012E+00  0.2354E+00  0.1187E+02
   0.640  0.2003E+00  0.2350E+00  0.1187E+02
   0.650  0.1994E+00  0.2344E+00  0.1187E+02
   0.660  0.1986E+00  0.2337E+00  0.1188E+02
   0.670  0.1977E+00  0.2328E+00  0.1188E+02
   0.680  0.1968E+00  0.2325E+00  0.1189E+02
   0.690  0.1960E+00  0.2323E+00  0.1189E+02
   0.700  0.1951E+00  0.2320E+00  0.1190E+02
   0.710  0.1942E+00  0.2317E+00  0.1190E+02
   0.720  0.1934E+00  0.2314E+00  0.1190E+02
   0.730  0.1925E+00  0.2312E+00  0.1191E+02
   0.740  0.1925E+00  0.2322E+00  0.1191E+02
   0.750  0.1928E+00  0.2322E+00  0.1192E+02
   0.760  0.1931E+00  0.2321E+00  0.1192E+02
   0.770  0.1934E+00  0.2321E+00  0.1193E+02
   0.780  0.1947E+00  0.2321E+00  0.1193E+02
   0.790  0.1951E+00  0.2320E+00  0.1193E+02
   0.800  0.1956E+00  0.2320E+00  0.1194E+02
   0.810  0.1960E+00  0.2319E+00  0.1194E+02
   0.820  0.1965E+00  0.2319E+00  0.1195E+02
   0.830  0.1969E+00  0.2316E+00  0.1195E+02
   0.840  0.1974E+00  0.2306E+00  0.1195E+02
   0.850  0.1975E+00  0.2297E+00  0.1196E+02
   0.860  0.1971E+00  0.2288E+00  0.1196E+02
   0.870  0.1968E+00  0.2260E+00  0.1197E+02
   0.880  0.1961E+00  0.2284E+00  0.1197E+02
   0.890  0.1949E+00  0.2276E+00  0.1198E+02
   0.900  0.1937E+00  0.2268E+00  0.1198E+02
   0.910  0.1925E+00  0.2260E+00  0.1198E+02
   0.920  0.1913E+00  0.2253E+00  0.1199E+02
   0.930  0.1901E+00  0.2248E+00  0.1199E+02
   0.940  0.1889E+00  0.2245E+00  0.1200E+02
   0.950  0.1881E+00  0.2242E+00  0.1200E+02
   0.960  0.1879E+00  0.2239E+00  0.1201E+02
   0.970  0.1878E+00  0.2236E+00  0.1201E+02
   0.980  0.1875E+00  0.2233E+00  0.1201E+02
   0.990  0.1871E+00  0.2230E+00  0.1202E+02
   1.000  0.1868E+00  0.2226E+00  0.1202E+02
   1.010  0.1865E+00  0.2221E+00  0.1203E+02
   1.020  0.1864E+00  0.2217E+00  0.1203E+02
   1.030  0.1863E+00  0.2212E+00  0.1203E+02
   1.040  0.1860E+00  0.2207E+00  0.1204E+02
   1.050  0.1858E+00  0.2202E+00  0.1204E+02
   1.060  0.1855E+00  0.2197E+00  0.1205E+02
   1.070  0.1852E+00  0.2192E+00  0.1205E+02
   1.080  0.1847E+00  0.2187E+00  0.1205E+02
   1.090  0.1844E+00  0.2182E+00  0.1206E+02
   1.100  0.1841E+00  0.2177E+00  0.1206E+02
   1.110  0.1838E+00  0.2171E+00  0.1207E+02
   1.120  0.1834E+00  0.2166E+00  0.1207E+02
   1.130  0.1831E+00  0.2160E+00  0.1207E+02
   1.140  0.1828E+00  0.2154E+00  0.1208E+02
   1.150  0.1824E+00  0.2149E+00  0.1208E+02
   1.160  0.1821E+00  0.2143E+00  0.1209E+02
   1.170  0.1817E+00  0.2137E+00  0.1209E+02
   1.180  0.1814E+00  0.2142E+00  0.1209E+02
   1.190  0.1810E+00  0.2137E+00  0.1210E+02
   1.200  0.1807E+00  0.2137E+00  0.1210E+02
   1.210  0.1804E+00  0.2139E+00  0.1211E+02
   1.220  0.1800E+00  0.2140E+00  0.1211E+02
   1.230  0.1797E+00  0.2140E+00  0.1211E+02
   1.240  0.1793E+00  0.2139E+00  0.1212E+02
   1.250  0.1790E+00  0.2142E+00  0.1212E+02
   1.260  0.1786E+00  0.2139E+00  0.1213E+02
   1.270  0.1783E+00  0.2131E+00  0.1213E+02
   1.280  0.1780E+00  0.2125E+00  0.1213E+02
   1.290  0.1843E+00  0.2124E+00  0.1214E+02
   1.300  0.1847E+00  0.2122E+00  0.1214E+02
   1.310  0.1833E+00  0.2121E+00  0.1215E+02
   1.320  0.1826E+00  0.2120E+00  0.1215E+02
   1.330  0.1818E+00  0.2119E+00  0.1215E+02
   1.340  0.1811E+00  0.2118E+00  0.1216E+02
   1.350  0.1803E+00  0.2110E+00  0.1216E+02
   1.360  0.1796E+00  0.2100E+00  0.1217E+02
   1.370  0.1789E+00  0.2090E+00  0.1217E+02
   1.380  0.1783E+00  0.2080E+00  0.1217E+02
   1.390  0.1777E+00  0.2069E+00  0.1218E+02
   1.400  0.1771E+00  0.2062E+00  0.1218E+02
   1.410  0.1765E+00  0.2054E+00  0.1218E+02
   1.420  0.1759E+00  0.2046E+00  0.1219E+02
   1.430  0.1753E+00  0.2038E+00  0.1219E+02
   1.440  0.1747E+00  0.2031E+00  0.1220E+02
   1.450  0.1741E+00  0.2027E+00  0.1220E+02
   1.460  0.1735E+00  0.2027E+00  0.1220E+02
   1.470  0.1729E+00  0.2027E+00  0.1221E+02
   1.480  0.1723E+00  0.2027E+00  0.1221E+02
   1.490  0.1717E+00  0.2026E+00  0.1221E+02
   1.500  0.1712E+00  0.2025E+00  0.1222E+02
   1.510  0.1706E+00  0.2024E+00  0.1222E+02
   1.520  0.1700E+00  0.2023E+00  0.1223E+02
   1.530  0.1694E+00  0.2022E+00  0.1223E+02
   1.540  0.1689E+00  0.2021E+00  0.1223E+02
   1.550  0.1692E+00  0.2020E+00  0.1224E+02
   1.560  0.1696E+00  0.2019E+00  0.1224E+02
   1.570  0.1700E+00  0.2018E+00  0.1224E+02
   1.580  0.1704E+00  0.2018E+00  0.1225E+02
   1.590  0.1707E+00  0.2017E+00  0.1225E+02
   1.600  0.1711E+00  0.2016E+00  0.1226E+02
   1.610  0.1715E+00  0.2015E+00  0.1226E+02
   1.620  0.1719E+00  0.2014E+00  0.1226E+02
   1.630  0.1722E+00  0.2012E+00  0.1227E+02
   1.640  0.1725E+00  0.2008E+00  0.1227E+02
   1.650  0.1728E+00  0.2003E+00  0.1227E+02
   1.660  0.1731E+00  0.2008E+00  0.1228E+02
   1.670  0.1734E+00  0.2005E+00  0.1228E+02
   1.680  0.1737E+00  0.2002E+00  0.1229E+02
   1.690  0.1740E+00  0.1987E+00  0.1229E+02
   1.700  0.1743E+00  0.1979E+00  0.1229E+02
   1.710  0.1737E+00  0.1971E+00  0.1230E+02
   1.720  0.1731E+00  0.1963E+00  0.1230E+02
   1.730  0.1725E+00  0.1956E+00  0.1230E+02
   1.740  0.1719E+00  0.1949E+00  0.1231E+02
   1.750  0.1713E+00  0.1943E+00  0.1231E+02
   1.760  0.1707E+00  0.1978E+00  0.1231E+02
   1.770  0.1701E+00  0.1973E+00  0.1232E+02
   1.780  0.1695E+00  0.1968E+00  0.1232E+02
   1.790  0.1688E+00  0.1963E+00  0.1233E+02
   1.800  0.1680E+00  0.1958E+00  0.1233E+02
   1.810  0.1673E+00  0.1953E+00  0.1233E+02
   1.820  0.1667E+00  0.1948E+00  0.1234E+02
   1.830  0.1664E+00  0.1943E+00  0.1234E+02
   1.840  0.1660E+00  0.1937E+00  0.1234E+02
   1.850  0.1663E+00  0.1932E+00  0.1235E+02
   1.860  0.1659E+00  0.1926E+00  0.1235E+02
   1.870  0.1655E+00  0.1919E+00  0.1235E+02
   1.880  0.1652E+00  0.1914E+00  0.1236E+02
   1.890  0.1648E+00  0.1909E+00  0.1236E+02
   1.900  0.1645E+00  0.1906E+00  0.1237E+02
   1.910  0.1642E+00  0.1903E+00  0.1237E+02
   1.920  0.1639E+00  0.1900E+00  0.1237E+02
   1.930  0.1637E+00  0.1896E+00  0.1238E+02
   1.940  0.1634E+00  0.1893E+00  0.1238E+02
   1.950  0.1631E+00  0.1890E+00  0.1238E+02
   1.960  0.1628E+00  0.1887E+00  0.1239E+02
   1.970  0.1625E+00  0.1884E+00  0.1239E+02
   1.980  0.1622E+00  0.1881E+00  0.1239E+02
   1.990  0.1619E+00  0.1877E+00  0.1240E+02
   2.000  0.1616E+00  0.1873E+00  0.1240E+02
   2.010  0.1613E+00  0.1869E+00  0.1240E+02
   2.020  0.1610E+00  0.1865E+00  0.1241E+02
   2.030  0.1608E+00  0.1861E+00  0.1241E+02
   2.040  0.1605E+00  0.1857E+00  0.1241E+02
   2.050  0.1602E+00  0.1853E+00  0.1242E+02
   2.060  0.1599E+00  0.1849E+00  0.1242E+02
   2.070  0.1596E+00  0.1845E+00  0.1242E+02
   2.080  0.1593E+00  0.1845E+00  0.1243E+02
   2.090  0.1590E+00  0.1847E+00  0.1243E+02
   2.100  0.1587E+00  0.1849E+00  0.1244E+02
   2.110  0.1584E+00  0.1851E+00  0.1244E+02
   2.120  0.1582E+00  0.1853E+00  0.1244E+02
   2.130  0.1581E+00  0.1855E+00  0.1245E+02
   2.140  0.1580E+00  0.1857E+00  0.1245E+02
   2.150  0.1578E+00  0.1852E+00  0.1245E+02
   2.160  0.1577E+00  0.1845E+00  0.1246E+02
   2.170  0.1576E+00  0.1842E+00  0.1246E+02
   2.180  0.1574E+00  0.1849E+00  0.1246E+02
   2.190  0.1643E+00  0.1849E+00  0.1247E+02
   2.200  0.1640E+00  0.1849E+00  0.1247E+02
   2.210  0.1636E+00  0.1857E+00  0.1247E+02
   2.220  0.1631E+00  0.2275E+00  0.1248E+02
   2.230  0.1627E+00  0.2692E+00  0.1248E+02
   2.240  0.1623E+00  0.2721E+00  0.1249E+02
   2.250  0.1619E+00  0.2798E+00  0.1249E+02
   2.260  0.1614E+00  0.2876E+00  0.1249E+02
   2.270  0.1610E+00  0.2942E+00  0.1250E+02
   2.280  0.1733E+00  0.2999E+00  0.1250E+02
   2.290  0.2137E+00  0.3195E+00  0.1251E+02
   2.300  0.2540E+00  0.2952E+00  0.1251E+02
   2.310  0.2472E+00  0.2745E+00  0.1252E+02
   2.320  0.2533E+00  0.2784E+00  0.1253E+02
   2.330  0.2600E+00  0.2824E+00  0.1253E+02
   2.340  0.2667E+00  0.2864E+00  0.1254E+02
   2.350  0.2735E+00  0.2903E+00  0.1254E+02
   2.360  0.2882E+00  0.2943E+00  0.1255E+02
   2.370  0.2659E+00  0.2983E+00  0.1255E+02
   2.380  0.2504E+00  0.3022E+00  0.1256E+02
   2.390  0.2538E+00  0.2916E+00  0.1256E+02
   2.400  0.2571E+00  0.2890E+00  0.1257E+02
   2.410  0.2605E+00  0.2864E+00  0.1258E+02
   2.420  0.2639E+00  0.2838E+00  0.1258E+02
   2.430  0.2673E+00  0.2812E+00  0.1259E+02
   2.440  0.2713E+00  0.2821E+00  0.1259E+02
   2.450  0.2752E+00  0.2847E+00  0.1260E+02
   2.460  0.2645E+00  0.2871E+00  0.1260E+02
   2.470  0.2623E+00  0.2896E+00  0.1261E+02
   2.480  0.2601E+00  0.2920E+00  0.1261E+02
   2.490  0.2579E+00  0.2944E+00  0.1262E+02
   2.500  0.2557E+00  0.2968E+00  0.1263E+02
   2.510  0.2570E+00  0.2971E+00  0.1263E+02
   2.520  0.2597E+00  0.2898E+00  0.1264E+02
   2.530  0.2625E+00  0.2824E+00  0.1264E+02
   2.540  0.2652E+00  0.2853E+00  0.1265E+02
   2.550  0.2679E+00  0.2849E+00  0.1265E+02
   2.560  0.2707E+00  0.2843E+00  0.1266E+02
   2.570  0.2734E+00  0.2838E+00  0.1266E+02
   2.580  0.2746E+00  0.2833E+00  0.1267E+02
   2.590  0.2676E+00  0.2828E+00  0.1268E+02
   2.600  0.2604E+00  0.2823E+00  0.1268E+02
   2.610  0.2628E+00  0.2823E+00  0.1269E+02
   2.620  0.2624E+00  0.2838E+00  0.1269E+02
   2.630  0.2620E+00  0.2852E+00  0.1270E+02
   2.640  0.2618E+00  0.2858E+00  0.1270E+02
   2.650  0.2612E+00  0.2869E+00  0.1271E+02
   2.660  0.2606E+00  0.2880E+00  0.1271E+02
   2.670  0.2600E+00  0.2891E+00  0.1272E+02
   2.680  0.2595E+00  0.2901E+00  0.1272E+02
   2.690  0.2608E+00  0.2816E+00  0.1273E+02
   2.700  0.2621E+00  0.2844E+00  0.1274E+02
   2.710  0.2634E+00  0.2821E+00  0.1274E+02
   2.720  0.2647E+00  0.2799E+00  0.1275E+02
   2.730  0.2661E+00  0.2777E+00  0.1275E+02
   2.740  0.2676E+00  0.2809E+00  0.1276E+02
   2.750  0.2690E+00  0.2807E+00  0.1276E+02
   2.760  0.2617E+00  0.2805E+00  0.1277E+02
   2.770  0.2600E+00  0.2803E+00  0.1277E+02
   2.780  0.2583E+00  0.2801E+00  0.1278E+02
   2.790  0.2565E+00  0.2800E+00  0.1278E+02
   2.800  0.2548E+00  0.2798E+00  0.1279E+02
   2.810  0.2572E+00  0.2797E+00  0.1280E+02
   2.820  0.2573E+00  0.2795E+00  0.1280E+02
   2.830  0.2574E+00  0.2794E+00  0.1281E+02
   2.840  0.2575E+00  0.2801E+00  0.1281E+02
   2.850  0.2576E+00  0.2810E+00  0.1282E+02
   2.860  0.2572E+00  0.2819E+00  0.1282E+02
   2.870  0.2568E+00  0.2828E+00  0.1283E+02
   2.880  0.2566E+00  0.2836E+00  0.1283E+02
   2.890  0.2565E+00  0.2808E+00  0.1284E+02
   2.900  0.2564E+00  0.2778E+00  0.1284E+02
   2.910  0.2568E+00  0.2757E+00  0.1285E+02
   2.920  0.2577E+00  0.2747E+00  0.1285E+02
   2.930  0.2587E+00  0.2738E+00  0.1286E+02
   2.940  0.2596E+00  0.2729E+00  0.1286E+02
   2.950  0.2605E+00  0.2719E+00  0.1287E+02
   2.960  0.2598E+00  0.2710E+00  0.1288E+02
   2.970  0.2570E+00  0.2701E+00  0.1288E+02
   2.980  0.2541E+00  0.2691E+00  0.1289E+02
   2.990  0.2532E+00  0.2711E+00  0.1289E+02
   3.000  0.2524E+00  0.2711E+00  0.1290E+02
   3.010  0.2517E+00  0.2716E+00  0.1290E+02
   3.020  0.2509E+00  0.2862E+00  0.1291E+02
   3.030  0.2501E+00  0.3186E+00  0.1291E+02
   3.040  0.2494E+00  0.3510E+00  0.1292E+02
   3.050  0.2486E+00  0.3502E+00  0.1293E+02
   3.060  0.2502E+00  0.3567E+00  0.1293E+02
   3.070  0.2509E+00  0.3632E+00  0.1294E+02
   3.080  0.2511E+00  0.3698E+00  0.1294E+02
   3.090  0.2512E+00  0.3763E+00  0.1295E+02
   3.100  0.2514E+00  0.3828E+00  0.1296E+02
   3.110  0.2516E+00  0.3962E+00  0.1296E+02
   3.120  0.2517E+00  0.3804E+00  0.1297E+02
   3.130  0.2519E+00  0.3626E+00  0.1298E+02
   3.140  0.2521E+00  0.3655E+00  0.1298E+02
   3.150  0.2522E+00  0.3684E+00  0.1299E+02
   3.160  0.2524E+00  0.3710E+00  0.1299E+02
   3.170  0.2526E+00  0.3732E+00  0.1300E+02
   3.180  0.2784E+00  0.3756E+00  0.1301E+02
   3.190  0.3126E+00  0.3781E+00  0.1301E+02
   3.200  0.3470E+00  0.3801E+00  0.1302E+02
   3.210  0.3389E+00  0.3822E+00  0.1303E+02
   3.220  0.3440E+00  0.3725E+00  0.1304E+02
   3.230  0.3491E+00  0.3695E+00  0.1304E+02
   3.240  0.3542E+00  0.3665E+00  0.1305E+02
   3.250  0.3593E+00  0.3636E+00  0.1306E+02
   3.260  0.3872E+00  0.3608E+00  0.1306E+02
   3.270  0.3683E+00  0.3589E+00  0.1307E+02
   3.280  0.3494E+00  0.3618E+00  0.1308E+02
   3.290  0.3408E+00  0.3638E+00  0.1309E+02
   3.300  0.3434E+00  0.3659E+00  0.1309E+02
   3.310  0.3460E+00  0.3679E+00  0.1310E+02
   3.320  0.3486E+00  0.3700E+00  0.1311E+02
   3.330  0.3512E+00  0.3720E+00  0.1311E+02
   3.340  0.3538E+00  0.3747E+00  0.1312E+02
   3.350  0.3564E+00  0.3768E+00  0.1313E+02
   3.360  0.3606E+00  0.3750E+00  0.1314E+02
   3.370  0.3531E+00  0.3697E+00  0.1314E+02
   3.380  0.3510E+00  0.3643E+00  0.1315E+02
   3.390  0.3488E+00  0.3674E+00  0.1316E+02
   3.400  0.3467E+00  0.3674E+00  0.1317E+02
   3.410  0.3456E+00  0.3660E+00  0.1317E+02
   3.420  0.3446E+00  0.3638E+00  0.1318E+02
   3.430  0.3467E+00  0.3620E+00  0.1319E+02
   3.440  0.3490E+00  0.3616E+00  0.1319E+02
   3.450  0.3519E+00  0.3612E+00  0.1320E+02
   3.460  0.3547E+00  0.3607E+00  0.1321E+02
   3.470  0.3569E+00  0.3608E+00  0.1321E+02
   3.480  0.3591E+00  0.3620E+00  0.1322E+02
   3.490  0.3601E+00  0.3631E+00  0.1323E+02
   3.500  0.3602E+00  0.3643E+00  0.1324E+02
   3.510  0.3559E+00  0.3655E+00  0.1324E+02
   3.520  0.3498E+00  0.3667E+00  0.1325E+02
   3.530  0.3436E+00  0.3679E+00  0.1326E+02
   3.540  0.3470E+00  0.3691E+00  0.1327E+02
   3.550  0.3466E+00  0.3703E+00  0.1327E+02
   3.560  0.3461E+00  0.3628E+00  0.1328E+02
   3.570  0.3457E+00  0.3613E+00  0.1329E+02
   3.580  0.3453E+00  0.3598E+00  0.1329E+02
   3.590  0.3449E+00  0.3583E+00  0.1330E+02
   3.600  0.3446E+00  0.3568E+00  0.1331E+02
   3.610  0.3442E+00  0.3587E+00  0.1331E+02
   3.620  0.3449E+00  0.3587E+00  0.1332E+02
   3.630  0.3462E+00  0.3600E+00  0.1333E+02
   3.640  0.3475E+00  0.3605E+00  0.1334E+02
   3.650  0.3488E+00  0.3610E+00  0.1334E+02
   3.660  0.3501E+00  0.3614E+00  0.1335E+02
   3.670  0.3514E+00  0.3619E+00  0.1336E+02
   3.680  0.3527E+00  0.3623E+00  0.1336E+02
   3.690  0.3540E+00  0.3628E+00  0.1337E+02
   3.700  0.3476E+00  0.3708E+00  0.1338E+02
   3.710  0.3461E+00  0.3710E+00  0.1339E+02
   3.720  0.3464E+00  0.3707E+00  0.1339E+02
   3.730  0.3452E+00  0.3691E+00  0.1340E+02
   3.740  0.3440E+00  0.3689E+00  0.1341E+02
   3.750  0.3457E+00  0.3686E+00  0.1341E+02
   3.760  0.3461E+00  0.3684E+00  0.1342E+02
   3.770  0.3465E+00  0.3683E+00  0.1343E+02
   3.780  0.3469E+00  0.3659E+00  0.1344E+02
   3.790  0.3474E+00  0.3630E+00  0.1344E+02
   3.800  0.3478E+00  0.3602E+00  0.1345E+02
   3.810  0.3482E+00  0.3593E+00  0.1346E+02
   3.820  0.3459E+00  0.3584E+00  0.1346E+02
   3.830  0.3454E+00  0.3575E+00  0.1347E+02
   3.840  0.3450E+00  0.3566E+00  0.1348E+02
   3.850  0.3445E+00  0.3558E+00  0.1349E+02
   3.860  0.3442E+00  0.3549E+00  0.1349E+02
   3.870  0.3449E+00  0.3541E+00  0.1350E+02
   3.880  0.3457E+00  0.3533E+00  0.1351E+02
   3.890  0.3465E+00  0.3548E+00  0.1351E+02
   3.900  0.3476E+00  0.3547E+00  0.1352E+02
   3.910  0.3487E+00  0.3545E+00  0.1353E+02
   3.920  0.3473E+00  0.3543E+00  0.1353E+02
   3.930  0.3451E+00  0.3542E+00  0.1354E+02
   3.940  0.3429E+00  0.3540E+00  0.1355E+02
   3.950  0.3425E+00  0.3539E+00  0.1356E+02
   3.960  0.3420E+00  0.3547E+00  0.1356E+02
   3.970  0.3415E+00  0.3561E+00  0.1357E+02
   3.980  0.3410E+00  0.3570E+00  0.1358E+02
   3.990  0.3406E+00  0.3579E+00  0.1358E+02
   4.000  0.3401E+00  0.3588E+00  0.1359E+02
   4.010  0.3396E+00  0.3597E+00  0.1360E+02
   4.020  0.3391E+00  0.3607E+00  0.1360E+02
   4.030  0.3413E+00  0.3629E+00  0.1361E+02
   4.040  0.3412E+00  0.3638E+00  0.1362E+02
   4.050  0.3411E+00  0.3613E+00  0.1363E+02
   4.060  0.3412E+00  0.3610E+00  0.1363E+02
   4.070  0.3414E+00  0.3607E+00  0.1364E+02
   4.080  0.3416E+00  0.3601E+00  0.1365E+02
   4.090  0.3418E+00  0.3584E+00  0.1365E+02
   4.100  0.3420E+00  0.3567E+00  0.1366E+02
   4.110  0.3422E+00  0.3559E+00  0.1367E+02
   4.120  0.3434E+00  0.3554E+00  0.1367E+02
   4.130  0.3438E+00  0.3549E+00  0.1368E+02
   4.140  0.3442E+00  0.3544E+00  0.1369E+02
   4.150  0.3446E+00  0.3539E+00  0.1370E+02
   4.160  0.3452E+00  0.3534E+00  0.1370E+02
   4.170  0.3455E+00  0.3529E+00  0.1371E+02
   4.180  0.3452E+00  0.3524E+00  0.1372E+02
   4.190  0.3407E+00  0.3520E+00  0.1372E+02
   4.200  0.3399E+00  0.3517E+00  0.1373E+02
   4.210  0.3391E+00  0.3513E+00  0.1374E+02
   4.220  0.3348E+00  0.3526E+00  0.1375E+02
   4.230  0.3341E+00  0.3528E+00  0.1375E+02
   4.240  0.3335E+00  0.3530E+00  0.1376E+02
   4.250  0.3331E+00  0.3532E+00  0.1377E+02
   4.260  0.3327E+00  0.3535E+00  0.1377E+02
   4.270  0.3324E+00  0.3537E+00  0.1378E+02
   4.280  0.3322E+00  0.3541E+00  0.1379E+02
   4.290  0.3319E+00  0.3545E+00  0.1379E+02
   4.300  0.3317E+00  0.3548E+00  0.1380E+02
   4.310  0.3315E+00  0.3548E+00  0.1381E+02
   4.320  0.3314E+00  0.3546E+00  0.1381E+02
   4.330  0.3314E+00  0.3547E+00  0.1382E+02
   4.340  0.3313E+00  0.3549E+00  0.1383E+02
   4.350  0.3330E+00  0.3547E+00  0.1383E+02
   4.360  0.3334E+00  0.3531E+00  0.1384E+02
   4.370  0.3338E+00  0.3515E+00  0.1385E+02
   4.380  0.3342E+00  0.3506E+00  0.1386E+02
   4.390  0.3345E+00  0.3505E+00  0.1386E+02
   4.400  0.3349E+00  0.3503E+00  0.1387E+02
   4.410  0.3358E+00  0.3502E+00  0.1388E+02
   4.420  0.3363E+00  0.3501E+00  0.1388E+02
   4.430  0.3367E+00  0.3499E+00  0.1389E+02
   4.440  0.3372E+00  0.3498E+00  0.1390E+02
   4.450  0.3376E+00  0.3497E+00  0.1390E+02
   4.460  0.3380E+00  0.3496E+00  0.1391E+02
   4.470  0.3385E+00  0.3495E+00  0.1392E+02
   4.480  0.3388E+00  0.3487E+00  0.1392E+02
   4.490  0.3375E+00  0.3482E+00  0.1393E+02
   4.500  0.3380E+00  0.3477E+00  0.1394E+02
   4.510  0.3556E+00  0.3472E+00  0.1394E+02
   4.520  0.3742E+00  0.3467E+00  0.1395E+02
   4.530  0.3928E+00  0.3463E+00  0.1396E+02
   4.540  0.4078E+00  0.3461E+00  0.1397E+02
   4.550  0.4197E+00  0.3458E+00  0.1397E+02
   4.560  0.4316E+00  0.3456E+00  0.1398E+02
   4.570  0.4628E+00  0.3454E+00  0.1399E+02
   4.580  0.4631E+00  0.3451E+00  0.1400E+02
   4.590  0.4635E+00  0.3449E+00  0.1401E+02
   4.600  0.4639E+00  0.3460E+00  0.1401E+02
   4.610  0.4643E+00  0.3460E+00  0.1402E+02
   4.620  0.4647E+00  0.3460E+00  0.1403E+02
   4.630  0.4653E+00  0.3466E+00  0.1404E+02
   4.640  0.4659E+00  0.3467E+00  0.1405E+02
   4.650  0.5099E+00  0.3469E+00  0.1405E+02
   4.660  0.5065E+00  0.3470E+00  0.1406E+02
   4.670  0.5031E+00  0.3472E+00  0.1407E+02
   4.680  0.4992E+00  0.3473E+00  0.1408E+02
   4.690  0.4955E+00  0.3474E+00  0.1409E+02
   4.700  0.4919E+00  0.3476E+00  0.1410E+02
   4.710  0.4883E+00  0.3454E+00  0.1411E+02
   4.720  0.4848E+00  0.3450E+00  0.1411E+02
   4.730  0.4827E+00  0.3409E+00  0.1412E+02
   4.740  0.4803E+00  0.3406E+00  0.1413E+02
   4.750  0.4781E+00  0.3403E+00  0.1414E+02
   4.760  0.4759E+00  0.3402E+00  0.1415E+02
   4.770  0.4737E+00  0.3402E+00  0.1416E+02
   4.780  0.4733E+00  0.3402E+00  0.1416E+02
   4.790  0.4754E+00  0.3404E+00  0.1417E+02
   4.800  0.4777E+00  0.3406E+00  0.1418E+02
   4.810  0.5176E+00  0.3408E+00  0.1419E+02
   4.820  0.5188E+00  0.3410E+00  0.1420E+02
   4.830  0.5184E+00  0.3412E+00  0.1421E+02
   4.840  0.5170E+00  0.3414E+00  0.1422E+02
   4.850  0.5147E+00  0.3416E+00  0.1422E+02
   4.860  0.5125E+00  0.3418E+00  0.1423E+02
   4.870  0.5102E+00  0.3420E+00  0.1424E+02
   4.880  0.5080E+00  0.3421E+00  0.1425E+02
   4.890  0.5059E+00  0.3423E+00  0.1426E+02
   4.900  0.5039E+00  0.3425E+00  0.1427E+02
   4.910  0.5041E+00  0.3420E+00  0.1427E+02
   4.920  0.5067E+00  0.3413E+00  0.1428E+02
   4.930  0.5095E+00  0.3406E+00  0.1429E+02
   4.940  0.5123E+00  0.3397E+00  0.1430E+02
   4.950  0.5150E+00  0.3394E+00  0.1431E+02
   4.960  0.5178E+00  0.3392E+00  0.1432E+02
   4.970  0.5206E+00  0.3390E+00  0.1433E+02
   4.980  0.5234E+00  0.3396E+00  0.1433E+02
   4.990  0.5265E+00  0.3396E+00  0.1434E+02
   5.000  0.5295E+00  0.3395E+00  0.1435E+02
   5.010  0.5317E+00  0.3396E+00  0.1436E+02
   5.020  0.5285E+00  0.3397E+00  0.1437E+02
   5.030  0.5247E+00  0.3408E+00  0.1438E+02
   5.040  0.5210E+00  0.3411E+00  0.1439E+02
   5.050  0.5584E+00  0.3414E+00  0.1440E+02
   5.060  0.5508E+00  0.3418E+00  0.1440E+02
   5.070  0.5437E+00  0.3421E+00  0.1441E+02
   5.080  0.5375E+00  0.3421E+00  0.1442E+02
   5.090  0.5370E+00  0.3413E+00  0.1443E+02
   5.100  0.5396E+00  0.3405E+00  0.1444E+02
   5.110  0.5412E+00  0.3402E+00  0.1445E+02
   5.120  0.5332E+00  0.3401E+00  0.1446E+02
   5.130  0.5251E+00  0.3400E+00  0.1447E+02
   5.140  0.5220E+00  0.3400E+00  0.1447E+02
   5.150  0.5202E+00  0.3399E+00  0.1448E+02
   5.160  0.5176E+00  0.3399E+00  0.1449E+02
   5.170  0.5150E+00  0.3398E+00  0.1450E+02
   5.180  0.5124E+00  0.3398E+00  0.1451E+02
   5.190  0.5099E+00  0.3398E+00  0.1452E+02
   5.200  0.5073E+00  0.3399E+00  0.1453E+02
   5.210  0.5038E+00  0.3399E+00  0.1453E+02
   5.220  0.5000E+00  0.3400E+00  0.1454E+02
   5.230  0.4964E+00  0.3402E+00  0.1455E+02
   5.240  0.4935E+00  0.3405E+00  0.1456E+02
   5.250  0.4905E+00  0.3410E+00  0.1457E+02
   5.260  0.4875E+00  0.3414E+00  0.1458E+02
   5.270  0.4845E+00  0.3418E+00  0.1458E+02
   5.280  0.4820E+00  0.3423E+00  0.1459E+02
   5.290  0.4802E+00  0.3427E+00  0.1460E+02
   5.300  0.4784E+00  0.3634E+00  0.1461E+02
   5.310  0.4766E+00  0.3931E+00  0.1462E+02
   5.320  0.4745E+00  0.4233E+00  0.1463E+02
   5.330  0.4724E+00  0.4439E+00  0.1464E+02
   5.340  0.4694E+00  0.4633E+00  0.1464E+02
   5.350  0.4639E+00  0.5076E+00  0.1465E+02
   5.360  0.4587E+00  0.5115E+00  0.1466E+02
   5.370  0.4955E+00  0.5153E+00  0.1467E+02
   5.380  0.4975E+00  0.5191E+00  0.1468E+02
   5.390  0.4891E+00  0.5216E+00  0.1469E+02
   5.400  0.4823E+00  0.5250E+00  0.1470E+02
   5.410  0.4761E+00  0.5387E+00  0.1471E+02
   5.420  0.4715E+00  0.5806E+00  0.1472E+02
   5.430  0.4686E+00  0.5789E+00  0.1474E+02
   5.440  0.4657E+00  0.5774E+00  0.1475E+02
   5.450  0.4628E+00  0.5759E+00  0.1476E+02
   5.460  0.4598E+00  0.5744E+00  0.1477E+02
   5.470  0.4607E+00  0.5733E+00  0.1478E+02
   5.480  0.4608E+00  0.5722E+00  0.1479E+02
   5.490  0.4615E+00  0.5700E+00  0.1480E+02
   5.500  0.4620E+00  0.5715E+00  0.1481E+02
   5.510  0.4610E+00  0.5756E+00  0.1482E+02
   5.520  0.4598E+00  0.5807E+00  0.1483E+02
   5.530  0.4586E+00  0.5783E+00  0.1484E+02
   5.540  0.4576E+00  0.6198E+00  0.1485E+02
   5.550  0.4709E+00  0.6159E+00  0.1486E+02
   5.560  0.4695E+00  0.6108E+00  0.1487E+02
   5.570  0.4686E+00  0.6018E+00  0.1488E+02
   5.580  0.4676E+00  0.5928E+00  0.1489E+02
   5.590  0.4667E+00  0.5834E+00  0.1490E+02
   5.600  0.4657E+00  0.5740E+00  0.1492E+02
   5.610  0.4647E+00  0.5649E+00  0.1493E+02
   5.620  0.4644E+00  0.5562E+00  0.1494E+02
   5.630  0.4634E+00  0.5522E+00  0.1495E+02
   5.640  0.4627E+00  0.5503E+00  0.1496E+02
   5.650  0.4621E+00  0.5484E+00  0.1497E+02
   5.660  0.4615E+00  0.5465E+00  0.1498E+02
   5.670  0.4609E+00  0.5447E+00  0.1499E+02
   5.680  0.4603E+00  0.5429E+00  0.1500E+02
   5.690  0.4599E+00  0.5411E+00  0.1501E+02
   5.700  0.4595E+00  0.5392E+00  0.1502E+02
   5.710  0.4591E+00  0.5374E+00  0.1503E+02
   5.720  0.4587E+00  0.5298E+00  0.1504E+02
   5.730  0.4583E+00  0.5002E+00  0.1505E+02
   5.740  0.4623E+00  0.5375E+00  0.1506E+02
   5.750  0.4738E+00  0.5280E+00  0.1507E+02
   5.760  0.4854E+00  0.5185E+00  0.1508E+02
   5.770  0.4864E+00  0.5087E+00  0.1509E+02
   5.780  0.4845E+00  0.4967E+00  0.1510E+02
   5.790  0.4839E+00  0.4847E+00  0.1511E+02
   5.800  0.4833E+00  0.4728E+00  0.1512E+02
   5.810  0.4827E+00  0.4660E+00  0.1512E+02
   5.820  0.4821E+00  0.4720E+00  0.1513E+02
   5.830  0.4815E+00  0.4791E+00  0.1514E+02
   5.840  0.4810E+00  0.4862E+00  0.1515E+02
   5.850  0.4825E+00  0.4934E+00  0.1516E+02
   5.860  0.4854E+00  0.4897E+00  0.1517E+02
   5.870  0.4894E+00  0.4844E+00  0.1518E+02
   5.880  0.4935E+00  0.4790E+00  0.1519E+02
   5.890  0.4977E+00  0.4732E+00  0.1520E+02
   5.900  0.5020E+00  0.4672E+00  0.1521E+02
   5.910  0.5062E+00  0.4613E+00  0.1522E+02
   5.920  0.5105E+00  0.4558E+00  0.1523E+02
   5.930  0.5147E+00  0.4502E+00  0.1524E+02
   5.940  0.5189E+00  0.4447E+00  0.1525E+02
   5.950  0.5215E+00  0.4391E+00  0.1526E+02
   5.960  0.5203E+00  0.4345E+00  0.1527E+02
   5.970  0.5189E+00  0.4993E+00  0.1528E+02
   5.980  0.5176E+00  0.5145E+00  0.1529E+02
   5.990  0.5158E+00  0.5400E+00  0.1530E+02
   6.000  0.5139E+00  0.5301E+00  0.1531E+02
   6.010  0.5120E+00  0.5195E+00  0.1532E+02
   6.020  0.5105E+00  0.5088E+00  0.1533E+02
   6.030  0.5104E+00  0.4982E+00  0.1534E+02
   6.040  0.5137E+00  0.5049E+00  0.1535E+02
   6.050  0.5202E+00  0.5011E+00  0.1536E+02
   6.060  0.5383E+00  0.5013E+00  0.1537E+02
   6.070  0.5362E+00  0.5017E+00  0.1538E+02
   6.080  0.5318E+00  0.5020E+00  0.1539E+02
   6.090  0.5268E+00  0.5058E+00  0.1541E+02
   6.100  0.5223E+00  0.5110E+00  0.1542E+02
   6.110  0.5197E+00  0.5157E+00  0.1543E+02
   6.120  0.5181E+00  0.5204E+00  0.1544E+02
   6.130  0.5194E+00  0.5250E+00  0.1545E+02
   6.140  0.5212E+00  0.5297E+00  0.1546E+02
   6.150  0.5231E+00  0.5343E+00  0.1547E+02
   6.160  0.5256E+00  0.5388E+00  0.1548E+02
   6.170  0.5275E+00  0.5425E+00  0.1549E+02
   6.180  0.5295E+00  0.5461E+00  0.1550E+02
   6.190  0.5315E+00  0.5498E+00  0.1551E+02
   6.200  0.5353E+00  0.5552E+00  0.1552E+02
   6.210  0.5385E+00  0.5606E+00  0.1553E+02
   6.220  0.5421E+00  0.5660E+00  0.1554E+02
   6.230  0.5460E+00  0.5699E+00  0.1555E+02
   6.240  0.5500E+00  0.5742E+00  0.1557E+02
   6.250  0.5544E+00  0.5804E+00  0.1558E+02
   6.260  0.5400E+00  0.5865E+00  0.1559E+02
   6.270  0.5384E+00  0.5926E+00  0.1560E+02
   6.280  0.5368E+00  0.5988E+00  0.1561E+02
   6.290  0.5351E+00  0.6054E+00  0.1562E+02
   6.300  0.5335E+00  0.6121E+00  0.1563E+02
   6.310  0.5320E+00  0.6099E+00  0.1565E+02
   6.320  0.5281E+00  0.6062E+00  0.1566E+02
   6.330  0.5243E+00  0.5934E+00  0.1567E+02
   6.340  0.5205E+00  0.5768E+00  0.1568E+02
   6.350  0.5166E+00  0.5709E+00  0.1569E+02
   6.360  0.5129E+00  0.5664E+00  0.1570E+02
   6.370  0.5093E+00  0.5671E+00  0.1571E+02
   6.380  0.5056E+00  0.5686E+00  0.1572E+02
   6.390  0.5027E+00  0.5706E+00  0.1573E+02
   6.400  0.5021E+00  0.5726E+00  0.1574E+02
   6.410  0.5134E+00  0.5746E+00  0.1575E+02
   6.420  0.5234E+00  0.5765E+00  0.1577E+02
   6.430  0.5335E+00  0.5785E+00  0.1578E+02
   6.440  0.5436E+00  0.5799E+00  0.1579E+02
   6.450  0.4782E+00  0.5842E+00  0.1580E+02
   6.460  0.4792E+00  0.5694E+00  0.1581E+02
   6.470  0.4829E+00  0.5649E+00  0.1582E+02
   6.480  0.4874E+00  0.5605E+00  0.1583E+02
   6.490  0.4919E+00  0.5562E+00  0.1584E+02
   6.500  0.4965E+00  0.5519E+00  0.1585E+02
   6.510  0.5010E+00  0.5484E+00  0.1586E+02
   6.520  0.5055E+00  0.5477E+00  0.1587E+02
   6.530  0.5165E+00  0.5470E+00  0.1588E+02
   6.540  0.5370E+00  0.5485E+00  0.1589E+02
   6.550  0.5354E+00  0.5518E+00  0.1590E+02
   6.560  0.5339E+00  0.5551E+00  0.1592E+02
   6.570  0.5323E+00  0.5584E+00  0.1593E+02
   6.580  0.5298E+00  0.5618E+00  0.1594E+02
   6.590  0.5280E+00  0.5651E+00  0.1595E+02
   6.600  0.5263E+00  0.5677E+00  0.1596E+02
   6.610  0.5245E+00  0.5699E+00  0.1597E+02
   6.620  0.5227E+00  0.5708E+00  0.1598E+02
   6.630  0.5210E+00  0.5762E+00  0.1599E+02
   6.640  0.5193E+00  0.5831E+00  0.1600E+02
   6.650  0.5177E+00  0.5900E+00  0.1601E+02
   6.660  0.5161E+00  0.6001E+00  0.1602E+02
   6.670  0.5148E+00  0.5332E+00  0.1604E+02
   6.680  0.5121E+00  0.5434E+00  0.1605E+02
   6.690  0.5092E+00  0.5493E+00  0.1606E+02
   6.700  0.5638E+00  0.5530E+00  0.1607E+02
   6.710  0.5573E+00  0.5566E+00  0.1608E+02
   6.720  0.5846E+00  0.5599E+00  0.1609E+02
   6.730  0.5725E+00  0.5569E+00  0.1610E+02
   6.740  0.5543E+00  0.5538E+00  0.1611E+02
   6.750  0.4643E+00  0.5508E+00  0.1612E+02
   6.760  0.4536E+00  0.5477E+00  0.1613E+02
   6.770  0.4476E+00  0.5447E+00  0.1614E+02
   6.780  0.4401E+00  0.5416E+00  0.1615E+02
   6.790  0.4335E+00  0.5385E+00  0.1616E+02
   6.800  0.4277E+00  0.5356E+00  0.1617E+02
   6.810  0.4218E+00  0.5334E+00  0.1618E+02
   6.820  0.4160E+00  0.5312E+00  0.1619E+02
   6.830  0.5210E+00  0.5290E+00  0.1620E+02
   6.840  0.4594E+00  0.5267E+00  0.1621E+02
   6.850  0.3988E+00  0.5231E+00  0.1622E+02
   6.860  0.3856E+00  0.5194E+00  0.1623E+02
   6.870  0.3795E+00  0.5157E+00  0.1624E+02
   6.880  0.3735E+00  0.5120E+00  0.1625E+02
   6.890  0.3730E+00  0.5251E+00  0.1626E+02
   6.900  0.3733E+00  0.5432E+00  0.1627E+02
   6.910  0.3736E+00  0.5599E+00  0.1628E+02
   6.920  0.3739E+00  0.5089E+00  0.1628E+02
   6.930  0.3741E+00  0.4956E+00  0.1629E+02
   6.940  0.3744E+00  0.4819E+00  0.1630E+02
   6.950  0.3747E+00  0.4681E+00  0.1631E+02
   6.960  0.3741E+00  0.4543E+00  0.1632E+02
   6.970  0.3725E+00  0.4462E+00  0.1633E+02
   6.980  0.3712E+00  0.4402E+00  0.1633E+02
   6.990  0.3698E+00  0.4330E+00  0.1634E+02
   7.000  0.3684E+00  0.4248E+00  0.1635E+02
   7.010  0.3671E+00  0.4164E+00  0.1636E+02
   7.020  0.3658E+00  0.4248E+00  0.1637E+02
   7.030  0.3646E+00  0.4318E+00  0.1637E+02
   7.040  0.3634E+00  0.4370E+00  0.1638E+02
   7.050  0.3593E+00  0.4423E+00  0.1639E+02
   7.060  0.3579E+00  0.4475E+00  0.1640E+02
   7.070  0.3565E+00  0.4442E+00  0.1641E+02
   7.080  0.3565E+00  0.4981E+00  0.1642E+02
   7.090  0.3569E+00  0.4353E+00  0.1643E+02
   7.100  0.3574E+00  0.4026E+00  0.1643E+02
   7.110  0.3576E+00  0.3990E+00  0.1644E+02
   7.120  0.3573E+00  0.3954E+00  0.1645E+02
   7.130  0.3575E+00  0.3918E+00  0.1646E+02
   7.140  0.3586E+00  0.3882E+00  0.1646E+02
   7.150  0.3598E+00  0.3847E+00  0.1647E+02
   7.160  0.3609E+00  0.3811E+00  0.1648E+02
   7.170  0.3621E+00  0.3534E+00  0.1649E+02
   7.180  0.3561E+00  0.3489E+00  0.1649E+02
   7.190  0.3493E+00  0.3445E+00  0.1650E+02
   7.200  0.3423E+00  0.3401E+00  0.1651E+02
   7.210  0.3398E+00  0.3387E+00  0.1651E+02
   7.220  0.3399E+00  0.3391E+00  0.1652E+02
   7.230  0.3400E+00  0.3360E+00  0.1653E+02
   7.240  0.3401E+00  0.3326E+00  0.1653E+02
   7.250  0.3401E+00  0.3288E+00  0.1654E+02
   7.260  0.3407E+00  0.3250E+00  0.1655E+02
   7.270  0.3416E+00  0.3211E+00  0.1655E+02
   7.280  0.3426E+00  0.3173E+00  0.1656E+02
   7.290  0.3436E+00  0.3135E+00  0.1657E+02
   7.300  0.3446E+00  0.3097E+00  0.1657E+02
   7.310  0.3456E+00  0.3059E+00  0.1658E+02
   7.320  0.3466E+00  0.3021E+00  0.1659E+02
   7.330  0.3476E+00  0.2983E+00  0.1659E+02
   7.340  0.3486E+00  0.2945E+00  0.1660E+02
   7.350  0.3498E+00  0.2907E+00  0.1661E+02
   7.360  0.3531E+00  0.2888E+00  0.1661E+02
   7.370  0.3551E+00  0.2881E+00  0.1662E+02
   7.380  0.3868E+00  0.2875E+00  0.1663E+02
   7.390  0.3831E+00  0.2868E+00  0.1663E+02
   7.400  0.3780E+00  0.2863E+00  0.1664E+02
   7.410  0.3729E+00  0.2865E+00  0.1665E+02
   7.420  0.3678E+00  0.2871E+00  0.1665E+02
   7.430  0.3627E+00  0.2877E+00  0.1666E+02
   7.440  0.3576E+00  0.2882E+00  0.1666E+02
   7.450  0.3547E+00  0.2887E+00  0.1667E+02
   7.460  0.3593E+00  0.2909E+00  0.1668E+02
   7.470  0.3855E+00  0.2934E+00  0.1668E+02
   7.480  0.3784E+00  0.2960E+00  0.1669E+02
   7.490  0.3714E+00  0.2986E+00  0.1670E+02
   7.500  0.3643E+00  0.3011E+00  0.1670E+02
   7.510  0.3573E+00  0.3037E+00  0.1671E+02
   7.520  0.3507E+00  0.3062E+00  0.1672E+02
   7.530  0.3445E+00  0.3088E+00  0.1672E+02
   7.540  0.3383E+00  0.3113E+00  0.1673E+02
   7.550  0.3345E+00  0.3143E+00  0.1674E+02
   7.560  0.3345E+00  0.3174E+00  0.1674E+02
   7.570  0.3345E+00  0.3196E+00  0.1675E+02
   7.580  0.3344E+00  0.3224E+00  0.1676E+02
   7.590  0.3344E+00  0.3252E+00  0.1676E+02
   7.600  0.3344E+00  0.3280E+00  0.1677E+02
   7.610  0.3389E+00  0.3284E+00  0.1678E+02
   7.620  0.3438E+00  0.3268E+00  0.1678E+02
   7.630  0.3486E+00  0.3353E+00  0.1679E+02
   7.640  0.3534E+00  0.3426E+00  0.1680E+02
   7.650  0.3583E+00  0.3874E+00  0.1681E+02
   7.660  0.3740E+00  0.3943E+00  0.1681E+02
   7.670  0.3947E+00  0.3911E+00  0.1682E+02
   7.680  0.4153E+00  0.3836E+00  0.1683E+02
   7.690  0.4303E+00  0.3761E+00  0.1684E+02
   7.700  0.4450E+00  0.3685E+00  0.1685E+02
   7.710  0.4029E+00  0.3610E+00  0.1685E+02
   7.720  0.3875E+00  0.3530E+00  0.1686E+02
   7.730  0.3783E+00  0.3859E+00  0.1687E+02
   7.740  0.3697E+00  0.3801E+00  0.1688E+02
   7.750  0.3611E+00  0.3743E+00  0.1688E+02
   7.760  0.3560E+00  0.3684E+00  0.1689E+02
   7.770  0.3522E+00  0.3626E+00  0.1690E+02
   7.780  0.3484E+00  0.3568E+00  0.1690E+02
   7.790  0.3447E+00  0.3510E+00  0.1691E+02
   7.800  0.3388E+00  0.3490E+00  0.1692E+02
   7.810  0.3329E+00  0.3470E+00  0.1693E+02
   7.820  0.3271E+00  0.3450E+00  0.1693E+02
   7.830  0.3212E+00  0.3433E+00  0.1694E+02
   7.840  0.3157E+00  0.3420E+00  0.1695E+02
   7.850  0.3308E+00  0.3407E+00  0.1695E+02
   7.860  0.3352E+00  0.3394E+00  0.1696E+02
   7.870  0.3402E+00  0.4440E+00  0.1697E+02
   7.880  0.3452E+00  0.4397E+00  0.1698E+02
   7.890  0.3502E+00  0.4300E+00  0.1698E+02
   7.900  0.3552E+00  0.4204E+00  0.1699E+02
   7.910  0.3602E+00  0.4107E+00  0.1700E+02
   7.920  0.3686E+00  0.4010E+00  0.1701E+02
   7.930  0.3700E+00  0.3914E+00  0.1701E+02
   7.940  0.3948E+00  0.3876E+00  0.1702E+02
   7.950  0.3732E+00  0.3850E+00  0.1703E+02
   7.960  0.3516E+00  0.3823E+00  0.1704E+02
   7.970  0.3300E+00  0.3802E+00  0.1704E+02
   7.980  0.3084E+00  0.3792E+00  0.1705E+02
   7.990  0.2990E+00  0.3782E+00  0.1706E+02
   8.000  0.2896E+00  0.3772E+00  0.1706E+02
   8.010  0.2802E+00  0.3764E+00  0.1707E+02
   8.020  0.2751E+00  0.3770E+00  0.1708E+02
   8.030  0.2724E+00  0.3717E+00  0.1708E+02
   8.040  0.2538E+00  0.3654E+00  0.1709E+02
   8.050  0.2530E+00  0.3591E+00  0.1710E+02
   8.060  0.2521E+00  0.3528E+00  0.1710E+02
   8.070  0.2513E+00  0.3466E+00  0.1711E+02
   8.080  0.2505E+00  0.3406E+00  0.1711E+02
   8.090  0.2496E+00  0.3348E+00  0.1712E+02
   8.100  0.2470E+00  0.3297E+00  0.1713E+02
   8.110  0.2442E+00  0.3245E+00  0.1713E+02
   8.120  0.2414E+00  0.3193E+00  0.1714E+02
   8.130  0.2386E+00  0.3141E+00  0.1714E+02
   8.140  0.2360E+00  0.3096E+00  0.1715E+02
   8.150  0.2370E+00  0.3077E+00  0.1715E+02
   8.160  0.2403E+00  0.3066E+00  0.1716E+02
   8.170  0.2430E+00  0.3060E+00  0.1717E+02
   8.180  0.2429E+00  0.3054E+00  0.1717E+02
   8.190  0.2429E+00  0.3048E+00  0.1718E+02
   8.200  0.2428E+00  0.3054E+00  0.1718E+02
   8.210  0.2433E+00  0.3061E+00  0.1719E+02
   8.220  0.2438E+00  0.3068E+00  0.1719E+02
   8.230  0.2442E+00  0.3075E+00  0.1720E+02
   8.240  0.2447E+00  0.3053E+00  0.1720E+02
   8.250  0.2452E+00  0.3028E+00  0.1721E+02
   8.260  0.2456E+00  0.3003E+00  0.1721E+02
   8.270  0.3115E+00  0.3566E+00  0.1722E+02
   8.280  0.3106E+00  0.3475E+00  0.1723E+02
   8.290  0.3116E+00  0.3383E+00  0.1723E+02
   8.300  0.3129E+00  0.3292E+00  0.1724E+02
   8.310  0.2535E+00  0.3200E+00  0.1725E+02
   8.320  0.2382E+00  0.3109E+00  0.1725E+02
   8.330  0.2380E+00  0.3006E+00  0.1726E+02
   8.340  0.2378E+00  0.2714E+00  0.1726E+02
   8.350  0.2376E+00  0.2018E+00  0.1727E+02
   8.360  0.2373E+00  0.2194E+00  0.1727E+02
   8.370  0.2371E+00  0.2217E+00  0.1728E+02
   8.380  0.2369E+00  0.2240E+00  0.1728E+02
   8.390  0.2367E+00  0.2263E+00  0.1729E+02
   8.400  0.2365E+00  0.2286E+00  0.1729E+02
   8.410  0.2363E+00  0.2309E+00  0.1729E+02
   8.420  0.2362E+00  0.2333E+00  0.1730E+02
   8.430  0.2367E+00  0.2361E+00  0.1730E+02
   8.440  0.2373E+00  0.2365E+00  0.1731E+02
   8.450  0.2378E+00  0.2321E+00  0.1731E+02
   8.460  0.2383E+00  0.2288E+00  0.1732E+02
   8.470  0.2388E+00  0.2285E+00  0.1732E+02
   8.480  0.2394E+00  0.2282E+00  0.1733E+02
   8.490  0.2399E+00  0.2279E+00  0.1733E+02
   8.500  0.2404E+00  0.2276E+00  0.1734E+02
   8.510  0.2427E+00  0.2273E+00  0.1734E+02
   8.520  0.2451E+00  0.2269E+00  0.1735E+02
   8.530  0.2474E+00  0.2266E+00  0.1735E+02
   8.540  0.2497E+00  0.2263E+00  0.1736E+02
   8.550  0.2521E+00  0.2260E+00  0.1736E+02
   8.560  0.2544E+00  0.2257E+00  0.1737E+02
   8.570  0.2567E+00  0.2260E+00  0.1737E+02
   8.580  0.2591E+00  0.2269E+00  0.1738E+02
   8.590  0.2629E+00  0.2281E+00  0.1738E+02
   8.600  0.2673E+00  0.2293E+00  0.1739E+02
   8.610  0.2737E+00  0.2304E+00  0.1739E+02
   8.620  0.2862E+00  0.2316E+00  0.1740E+02
   8.630  0.2905E+00  0.2328E+00  0.1740E+02
   8.640  0.2947E+00  0.2340E+00  0.1741E+02
   8.650  0.2989E+00  0.2352E+00  0.1741E+02
   8.660  0.3036E+00  0.2473E+00  0.1742E+02
   8.670  0.3108E+00  0.2647E+00  0.1742E+02
   8.680  0.3607E+00  0.2822E+00  0.1743E+02
   8.690  0.4250E+00  0.2996E+00  0.1743E+02
   8.700  0.4869E+00  0.3171E+00  0.1744E+02
   8.710  0.5664E+00  0.3253E+00  0.1745E+02
   8.720  0.5684E+00  0.3331E+00  0.1746E+02
   8.730  0.3910E+00  0.3397E+00  0.1747E+02
   8.740  0.3896E+00  0.3463E+00  0.1748E+02
   8.750  0.3883E+00  0.3529E+00  0.1748E+02
   8.760  0.3870E+00  0.3920E+00  0.1749E+02
   8.770  0.3857E+00  0.4004E+00  0.1750E+02
   8.780  0.3846E+00  0.4009E+00  0.1751E+02
   8.790  0.3846E+00  0.4013E+00  0.1752E+02
   8.800  0.3847E+00  0.3952E+00  0.1752E+02
   8.810  0.3847E+00  0.3891E+00  0.1753E+02
   8.820  0.3847E+00  0.4289E+00  0.1754E+02
   8.830  0.3847E+00  0.4268E+00  0.1755E+02
   8.840  0.4160E+00  0.4249E+00  0.1756E+02
   8.850  0.4196E+00  0.4234E+00  0.1756E+02
   8.860  0.3970E+00  0.4230E+00  0.1757E+02
   8.870  0.3934E+00  0.4226E+00  0.1758E+02
   8.880  0.3839E+00  0.4256E+00  0.1759E+02
   8.890  0.3744E+00  0.4763E+00  0.1760E+02
   8.900  0.3649E+00  0.4951E+00  0.1761E+02
   8.910  0.3554E+00  0.5108E+00  0.1761E+02
   8.920  0.3514E+00  0.4391E+00  0.1762E+02
   8.930  0.3476E+00  0.4316E+00  0.1763E+02
   8.940  0.3438E+00  0.4241E+00  0.1764E+02
   8.950  0.3261E+00  0.4165E+00  0.1765E+02
   8.960  0.3062E+00  0.4094E+00  0.1765E+02
   8.970  0.2888E+00  0.4041E+00  0.1766E+02
   8.980  0.2725E+00  0.3988E+00  0.1767E+02
   8.990  0.2703E+00  0.3935E+00  0.1767E+02
   9.000  0.2688E+00  0.3882E+00  0.1768E+02
   9.010  0.2675E+00  0.3829E+00  0.1769E+02
   9.020  0.2662E+00  0.3776E+00  0.1769E+02
   9.030  0.2648E+00  0.3732E+00  0.1770E+02
   9.040  0.2635E+00  0.3711E+00  0.1771E+02
   9.050  0.2622E+00  0.3690E+00  0.1771E+02
   9.060  0.2609E+00  0.3669E+00  0.1772E+02
   9.070  0.2596E+00  0.3649E+00  0.1772E+02
   9.080  0.2583E+00  0.3609E+00  0.1773E+02
   9.090  0.2570E+00  0.3445E+00  0.1774E+02
   9.100  0.2556E+00  0.3338E+00  0.1774E+02
   9.110  0.2991E+00  0.3285E+00  0.1775E+02
   9.120  0.2993E+00  0.3837E+00  0.1776E+02
   9.130  0.2995E+00  0.4168E+00  0.1776E+02
   9.140  0.2997E+00  0.3213E+00  0.1777E+02
   9.150  0.2998E+00  0.3499E+00  0.1778E+02
   9.160  0.3000E+00  0.3362E+00  0.1778E+02
   9.170  0.2875E+00  0.3115E+00  0.1779E+02
   9.180  0.2467E+00  0.2988E+00  0.1780E+02
   9.190  0.2201E+00  0.2862E+00  0.1780E+02
   9.200  0.2162E+00  0.2735E+00  0.1781E+02
   9.210  0.2123E+00  0.2608E+00  0.1781E+02
   9.220  0.1991E+00  0.2475E+00  0.1782E+02
   9.230  0.1957E+00  0.2336E+00  0.1782E+02
   9.240  0.1922E+00  0.2229E+00  0.1782E+02
   9.250  0.1888E+00  0.2150E+00  0.1783E+02
   9.260  0.1853E+00  0.2071E+00  0.1783E+02
   9.270  0.1818E+00  0.1993E+00  0.1784E+02
   9.280  0.1784E+00  0.1941E+00  0.1784E+02
   9.290  0.1749E+00  0.1888E+00  0.1784E+02
   9.300  0.1715E+00  0.1836E+00  0.1785E+02
   9.310  0.1680E+00  0.1784E+00  0.1785E+02
   9.320  0.1645E+00  0.1731E+00  0.1785E+02
   9.330  0.1611E+00  0.1710E+00  0.1786E+02
   9.340  0.1576E+00  0.1694E+00  0.1786E+02
   9.350  0.1541E+00  0.1684E+00  0.1786E+02
   9.360  0.1507E+00  0.1682E+00  0.1787E+02
   9.370  0.1518E+00  0.1679E+00  0.1787E+02
   9.380  0.1535E+00  0.1677E+00  0.1787E+02
   9.390  0.1552E+00  0.1675E+00  0.1788E+02
   9.400  0.1569E+00  0.1673E+00  0.1788E+02
   9.410  0.1587E+00  0.1671E+00  0.1788E+02
   9.420  0.1604E+00  0.1668E+00  0.1789E+02
   9.430  0.1621E+00  0.1667E+00  0.1789E+02
   9.440  0.1639E+00  0.1665E+00  0.1789E+02
   9.450  0.1656E+00  0.1664E+00  0.1790E+02
   9.460  0.1673E+00  0.1662E+00  0.1790E+02
   9.470  0.1690E+00  0.1661E+00  0.1790E+02
   9.480  0.1708E+00  0.1659E+00  0.1791E+02
   9.490  0.1725E+00  0.1658E+00  0.1791E+02
   9.500  0.2967E+00  0.1656E+00  0.1791E+02
   9.510  0.3065E+00  0.1655E+00  0.1792E+02
   9.520  0.3163E+00  0.1653E+00  0.1792E+02
   9.530  0.3261E+00  0.2299E+00  0.1793E+02
   9.540  0.2082E+00  0.2089E+00  0.1793E+02
   9.550  0.2028E+00  0.1879E+00  0.1794E+02
   9.560  0.1974E+00  0.1669E+00  0.1794E+02
   9.570  0.1793E+00  0.1460E+00  0.1794E+02
   9.580  0.1565E+00  0.1263E+00  0.1795E+02
   9.590  0.1272E+00  0.1212E+00  0.1795E+02
   9.600  0.8470E-01  0.1161E+00  0.1795E+02
   9.610  0.8066E-01  0.1110E+00  0.1795E+02
   9.620  0.7662E-01  0.1059E+00  0.1796E+02
   9.630  0.7257E-01  0.1043E+00  0.1796E+02
   9.640  0.6853E-01  0.1035E+00  0.1796E+02
   9.650  0.6449E-01  0.1028E+00  0.1796E+02
   9.660  0.6208E-01  0.1018E+00  0.1796E+02
   9.670  0.6063E-01  0.1008E+00  0.1796E+02
   9.680  0.5917E-01  0.9980E-01  0.1797E+02
   9.690  0.5772E-01  0.9878E-01  0.1797E+02
   9.700  0.5626E-01  0.9777E-01  0.1797E+02
   9.710  0.5481E-01  0.9675E-01  0.1797E+02
   9.720  0.5335E-01  0.9573E-01  0.1797E+02
   9.730  0.5189E-01  0.9471E-01  0.1797E+02
   9.740  0.5044E-01  0.9370E-01  0.1797E+02
   9.750  0.4898E-01  0.9268E-01  0.1798E+02
   9.760  0.4753E-01  0.9166E-01  0.1798E+02
   9.770  0.4607E-01  0.8999E-01  0.1798E+02
   9.780  0.4462E-01  0.8728E-01  0.1798E+02
   9.790  0.4316E-01  0.8457E-01  0.1798E+02
   9.800  0.4171E-01  0.8185E-01  0.1798E+02
   9.810  0.4025E-01  0.7914E-01  0.1798E+02
   9.820  0.3879E-01  0.7643E-01  0.1798E+02
   9.830  0.3734E-01  0.7372E-01  0.1799E+02
   9.840  0.3588E-01  0.7100E-01  0.1799E+02
   9.850  0.3443E-01  0.6829E-01  0.1799E+02
   9.860  0.3297E-01  0.6558E-01  0.1799E+02
   9.870  0.3152E-01  0.6287E-01  0.1799E+02
   9.880  0.3006E-01  0.6015E-01  0.1799E+02
   9.890  0.2860E-01  0.5744E-01  0.1799E+02
   9.900  0.2715E-01  0.5473E-01  0.1799E+02
   9.910  0.2569E-01  0.5202E-01  0.1799E+02
   9.920  0.2424E-01  0.4930E-01  0.1799E+02
   9.930  0.2278E-01  0.4659E-01  0.1800E+02
   9.940  0.2133E-01  0.4388E-01  0.1800E+02
   9.950  0.1987E-01  0.4117E-01  0.1800E+02
   9.960  0.1841E-01  0.3845E-01  0.1800E+02
   9.970  0.1696E-01  0.3574E-01  0.1800E+02
   9.980  0.1550E-01  0.3303E-01  0.1800E+02
   9.990  0.1405E-01  0.3032E-01  0.1800E+02
  10.000  0.1259E-01  0.2597E-01  0.1800E+02
