 &plot nbnd=  18, nks=   100 /
            0.000000  0.000000  0.000000
   -8.806   -8.550   -5.094   -4.700   -4.547   -3.702   -3.226   -3.213   -3.079   -3.016
   -2.022   -1.987   -1.129   -1.044    2.351    2.381    3.158    3.259
            0.013514 -0.007802  0.000000
   -8.798   -8.542   -5.091   -4.700   -4.546   -3.699   -3.234   -3.220   -3.085   -3.016
   -2.037   -1.964   -1.121   -1.035    2.358    2.388    3.166    3.266
            0.027027 -0.015604  0.000000
   -8.774   -8.518   -5.084   -4.700   -4.544   -3.691   -3.274   -3.223   -3.097   -3.013
   -2.079   -1.898   -1.108   -1.000    2.378    2.408    3.189    3.288
            0.040541 -0.023406  0.000000
   -8.734   -8.478   -5.070   -4.702   -4.536   -3.678   -3.343   -3.226   -3.112   -3.003
   -2.140   -1.798   -1.104   -0.932    2.411    2.442    3.227    3.325
            0.054054 -0.031208  0.000000
   -8.679   -8.421   -5.052   -4.711   -4.521   -3.662   -3.430   -3.232   -3.130   -2.985
   -2.215   -1.673   -1.107   -0.839    2.458    2.489    3.280    3.376
            0.067568 -0.039010  0.000000
   -8.609   -8.350   -5.029   -4.726   -4.496   -3.652   -3.518   -3.243   -3.151   -2.955
   -2.299   -1.530   -1.113   -0.728    2.518    2.549    3.347    3.442
            0.081081 -0.046812  0.000000
   -8.524   -8.263   -5.001   -4.749   -4.460   -3.692   -3.559   -3.259   -3.174   -2.915
   -2.389   -1.372   -1.122   -0.604    2.591    2.623    3.430    3.522
            0.094595 -0.054614  0.000000
   -8.425   -8.161   -4.968   -4.778   -4.415   -3.789   -3.542   -3.283   -3.195   -2.866
   -2.481   -1.202   -1.133   -0.468    2.677    2.710    3.527    3.616
            0.108108 -0.062416  0.000000
   -8.312   -8.044   -4.930   -4.812   -4.361   -3.900   -3.512   -3.312   -3.214   -2.808
   -2.576   -1.146   -1.022   -0.322    2.777    2.811    3.639    3.725
            0.121622 -0.070218  0.000000
   -8.186   -7.914   -4.888   -4.847   -4.300   -4.014   -3.484   -3.338   -3.229   -2.741
   -2.671   -1.160   -0.833   -0.166    2.890    2.925    3.765    3.848
            0.135135 -0.078020  0.000000
   -8.049   -7.771   -4.885   -4.841   -4.231   -4.129   -3.479   -3.344   -3.240   -2.766
   -2.667   -1.176   -0.634   -0.001    3.016    3.052    3.904    3.985
            0.148649 -0.085822  0.000000
   -7.903   -7.616   -4.920   -4.790   -4.242   -4.156   -3.504   -3.325   -3.241   -2.861
   -2.586   -1.193   -0.427    0.173    3.156    3.193    4.058    4.136
            0.162162 -0.093624  0.000000
   -7.749   -7.450   -4.953   -4.735   -4.354   -4.075   -3.545   -3.314   -3.217   -2.954
   -2.498   -1.212   -0.212    0.357    3.309    3.347    4.226    4.300
            0.175676 -0.101426  0.000000
   -7.590   -7.275   -4.978   -4.676   -4.463   -3.989   -3.587   -3.321   -3.166   -3.046
   -2.405   -1.231    0.012    0.550    3.475    3.515    4.407    4.479
            0.189189 -0.109228  0.000000
   -7.431   -7.094   -4.994   -4.612   -4.570   -3.898   -3.627   -3.335   -3.137   -3.103
   -2.306   -1.251    0.245    0.754    3.655    3.696    4.601    4.671
            0.202703 -0.117030  0.000000
   -7.275   -6.907   -4.995   -4.673   -4.544   -3.803   -3.659   -3.351   -3.225   -3.035
   -2.202   -1.272    0.486    0.967    3.848    3.891    4.809    4.877
            0.216216 -0.124832  0.000000
   -7.130   -6.721   -4.976   -4.774   -4.471   -3.704   -3.680   -3.368   -3.311   -2.962
   -2.094   -1.293    0.736    1.190    4.054    4.098    5.030    5.097
            0.229730 -0.132635  0.000000
   -7.000   -6.538   -4.933   -4.871   -4.390   -3.685   -3.604   -3.393   -3.387   -2.887
   -1.983   -1.314    0.995    1.424    4.273    4.320    5.264    5.330
            0.243243 -0.140437  0.000000
   -6.894   -6.364   -4.964   -4.862   -4.300   -3.667   -3.518   -3.455   -3.405   -2.811
   -1.869   -1.336    1.264    1.668    4.506    4.554    5.512    5.576
            0.256757 -0.148239  0.000000
   -6.813   -6.205   -5.054   -4.766   -4.195   -3.621   -3.562   -3.423   -3.382   -2.733
   -1.753   -1.358    1.541    1.922    4.751    4.802    5.772    5.836
            0.270270 -0.156041  0.000000
   -6.760   -6.067   -5.139   -4.652   -4.068   -3.634   -3.543   -3.439   -3.277   -2.655
   -1.636   -1.380    1.828    2.187    5.010    5.063    6.046    6.109
            0.283784 -0.163843  0.000000
   -6.731   -5.955   -5.221   -4.532   -3.909   -3.703   -3.474   -3.407   -3.171   -2.577
   -1.518   -1.401    2.125    2.463    5.282    5.337    6.332    6.395
            0.297297 -0.171645  0.000000
   -6.722   -5.871   -5.298   -4.419   -3.777   -3.703   -3.484   -3.255   -3.064   -2.500
   -1.422   -1.401    2.431    2.749    5.567    5.624    6.632    6.694
            0.310811 -0.179447  0.000000
   -6.729   -5.814   -5.370   -4.321   -3.836   -3.501   -3.467   -3.057   -2.958   -2.424
   -1.442   -1.285    2.746    3.046    5.864    5.923    6.944    7.006
            0.324324 -0.187249  0.000000
   -6.747   -5.780   -5.439   -4.237   -3.893   -3.517   -3.193   -2.853   -2.825   -2.349
   -1.462   -1.171    3.071    3.354    6.173    6.234    7.269    7.332
            0.337838 -0.195051  0.000000
   -6.773   -5.764   -5.502   -4.167   -3.943   -3.534   -2.895   -2.747   -2.566   -2.273
   -1.481   -1.061    3.405    3.672    6.494    6.556    7.606    7.658
            0.351351 -0.202853  0.000000
   -6.803   -5.763   -5.561   -4.117   -3.978   -3.549   -2.672   -2.548   -2.312   -2.172
   -1.498   -0.954    3.748    4.000    6.823    6.885    7.956    7.974
            0.364865 -0.210655  0.000000
   -6.836   -5.772   -5.614   -4.106   -3.977   -3.564   -2.573   -2.215   -2.180   -1.933
   -1.515   -0.853    4.100    4.337    7.159    7.217    8.278    8.310
            0.378378 -0.218457  0.000000
   -6.869   -5.788   -5.663   -4.130   -3.943   -3.577   -2.486   -2.112   -1.865   -1.624
   -1.530   -0.758    4.460    4.684    7.491    7.535    8.539    8.613
            0.391892 -0.226259  0.000000
   -6.902   -5.807   -5.707   -4.162   -3.902   -3.589   -2.406   -2.055   -1.546   -1.505
   -1.302   -0.670    4.828    5.039    7.780    7.797    8.678    8.846
            0.405405 -0.234061  0.000000
   -6.932   -5.828   -5.746   -4.194   -3.863   -3.601   -2.334   -2.005   -1.557   -1.149
   -0.978   -0.589    5.200    5.400    7.793    7.997    8.789    8.953
            0.418919 -0.241863  0.000000
   -6.960   -5.849   -5.779   -4.223   -3.828   -3.610   -2.270   -1.962   -1.567   -0.798
   -0.663   -0.515    5.577    5.766    7.535    7.951    9.061    9.105
            0.432432 -0.249665  0.000000
   -6.985   -5.869   -5.808   -4.248   -3.798   -3.619   -2.215   -1.925   -1.577   -0.465
   -0.461   -0.349    5.953    6.133    7.178    7.707    9.410    9.430
            0.445946 -0.257467  0.000000
   -7.006   -5.886   -5.831   -4.269   -3.772   -3.626   -2.169   -1.894   -1.584   -0.409
   -0.150   -0.076    6.322    6.494    6.819    7.413    9.791    9.839
            0.459459 -0.265269  0.000000
   -7.022   -5.900   -5.849   -4.285   -3.753   -3.631   -2.133   -1.870   -1.590   -0.367
    0.122    0.161    6.499    6.671    6.838    7.139   10.206   10.272
            0.472973 -0.273071  0.000000
   -7.034   -5.910   -5.862   -4.297   -3.738   -3.635   -2.106   -1.853   -1.594   -0.338
    0.336    0.346    6.246    6.921    6.979    7.141   10.037   10.084
            0.486486 -0.280873  0.000000
   -7.041   -5.916   -5.870   -4.304   -3.730   -3.637   -2.091   -1.842   -1.597   -0.320
    0.464    0.475    6.083    6.781    7.204    7.364    9.802    9.855
            0.500000 -0.288675  0.000000
   -7.044   -5.919   -5.873   -4.306   -3.727   -3.638   -2.085   -1.839   -1.598   -0.314
    0.505    0.523    6.026    6.733    7.289    7.450    9.711    9.766
            0.493827 -0.270856  0.000000
   -7.038   -5.913   -5.869   -4.302   -3.729   -3.641   -2.105   -1.841   -1.601   -0.365
    0.502    0.521    6.075    6.775    7.223    7.384    9.791    9.844
            0.487654 -0.253036  0.000000
   -7.020   -5.896   -5.857   -4.291   -3.736   -3.647   -2.162   -1.849   -1.610   -0.505
    0.440    0.556    6.219    6.898    7.048    7.211   10.004   10.053
            0.481481 -0.235217  0.000000
   -6.990   -5.869   -5.837   -4.274   -3.748   -3.659   -2.257   -1.863   -1.625   -0.708
    0.346    0.592    6.447    6.805    6.973    7.095   10.293   10.329
            0.475309 -0.217397  0.000000
   -6.948   -5.833   -5.807   -4.249   -3.764   -3.674   -2.387   -1.882   -1.645   -0.952
    0.231    0.615    6.529    6.701    6.748    7.353    9.997   10.053
            0.469136 -0.199578  0.000000
   -6.895   -5.795   -5.762   -4.219   -3.787   -3.693   -2.548   -1.908   -1.670   -1.221
    0.105    0.622    6.241    6.424    7.097    7.653    9.669    9.706
            0.462963 -0.181758  0.000000
   -6.830   -5.756   -5.701   -4.184   -3.817   -3.714   -2.734   -1.948   -1.698   -1.500
   -0.025    0.614    5.953    6.145    7.477    7.961    9.387    9.390
            0.456790 -0.163939  0.000000
   -6.753   -5.714   -5.627   -4.146   -3.858   -3.738   -2.935   -2.029   -1.752   -1.728
   -0.154    0.590    5.670    5.872    7.846    8.199    9.129    9.204
            0.450617 -0.146120  0.000000
   -6.666   -5.669   -5.542   -4.109   -3.913   -3.762   -3.138   -2.229   -1.895   -1.759
   -0.282    0.553    5.397    5.610    8.100    8.239    8.986    9.175
            0.444444 -0.128300  0.000000
   -6.567   -5.622   -5.445   -4.089   -3.978   -3.786   -3.326   -2.511   -1.958   -1.789
   -0.407    0.504    5.136    5.359    8.096    8.101    8.996    9.152
            0.438272 -0.110481  0.000000
   -6.458   -5.574   -5.339   -4.169   -3.985   -3.809   -3.479   -2.810   -2.002   -1.817
   -0.530    0.445    4.889    5.123    7.889    7.937    8.947    9.013
            0.432099 -0.092661  0.000000
   -6.338   -5.527   -5.222   -4.337   -3.952   -3.829   -3.588   -3.108   -2.042   -1.841
   -0.653    0.377    4.656    4.900    7.671    7.730    8.794    8.822
            0.425926 -0.074842  0.000000
   -6.210   -5.482   -5.096   -4.545   -3.918   -3.844   -3.660   -3.398   -2.080   -1.859
   -0.775    0.301    4.438    4.692    7.459    7.522    8.604    8.612
            0.419753 -0.057022  0.000000
   -6.072   -5.442   -4.961   -4.769   -3.889   -3.857   -3.707   -3.675   -2.117   -1.870
   -0.897    0.217    4.236    4.499    7.260    7.323    8.394    8.423
            0.413580 -0.039203  0.000000
   -5.928   -5.407   -4.996   -4.821   -3.956   -3.872   -3.841   -3.734   -2.152   -1.872
   -1.021    0.126    4.049    4.322    7.076    7.140    8.202    8.246
            0.407407 -0.021383  0.000000
   -5.783   -5.380   -5.210   -4.680   -4.191   -3.868   -3.841   -3.746   -2.185   -1.863
   -1.148    0.029    3.880    4.159    6.910    6.973    8.028    8.084
            0.401235 -0.003564  0.000000
   -5.671   -5.376   -5.360   -4.592   -4.355   -3.874   -3.827   -3.750   -2.216   -1.845
   -1.276   -0.073    3.727    4.012    6.762    6.824    7.874    7.932
            0.395062  0.014256  0.000000
   -5.729   -5.352   -5.349   -4.716   -4.282   -3.884   -3.803   -3.751   -2.244   -1.817
   -1.407   -0.181    3.591    3.881    6.632    6.693    7.739    7.797
            0.388889  0.032075  0.000000
   -5.893   -5.346   -5.202   -4.903   -4.123   -3.891   -3.772   -3.756   -2.269   -1.782
   -1.540   -0.292    3.472    3.766    6.520    6.581    7.624    7.683
            0.382716  0.049894  0.000000
   -6.061   -5.350   -5.081   -5.029   -3.948   -3.894   -3.763   -3.735   -2.290   -1.749
   -1.668   -0.407    3.372    3.667    6.428    6.489    7.529    7.588
            0.376543  0.067714  0.000000
   -6.216   -5.361   -5.241   -4.851   -3.889   -3.772   -3.772   -3.689   -2.307   -1.829
   -1.682   -0.524    3.290    3.585    6.354    6.415    7.453    7.513
            0.370370  0.085533  0.000000
   -6.354   -5.389   -5.368   -4.678   -3.877   -3.773   -3.669   -3.567   -2.320   -1.970
   -1.638   -0.642    3.228    3.522    6.300    6.361    7.398    7.458
            0.364198  0.103353  0.000000
   -6.474   -5.503   -5.390   -4.521   -3.868   -3.748   -3.626   -3.384   -2.328   -2.115
   -1.592   -0.758    3.186    3.477    6.265    6.326    7.362    7.423
            0.358025  0.121172  0.000000
   -6.573   -5.600   -5.410   -4.393   -3.872   -3.670   -3.590   -3.202   -2.331   -2.263
   -1.551   -0.868    3.164    3.452    6.250    6.311    7.347    7.409
            0.351852  0.138992  0.000000
   -6.652   -5.676   -5.429   -4.302   -3.885   -3.562   -3.538   -3.027   -2.412   -2.330
   -1.516   -0.967    3.163    3.447    6.254    6.316    7.353    7.415
            0.345679  0.156811  0.000000
   -6.710   -5.729   -5.448   -4.244   -3.900   -3.541   -3.362   -2.869   -2.560   -2.324
   -1.491   -1.047    3.184    3.464    6.278    6.340    7.379    7.441
            0.339506  0.174631  0.000000
   -6.747   -5.759   -5.466   -4.209   -3.915   -3.530   -3.161   -2.740   -2.701   -2.314
   -1.477   -1.095    3.227    3.503    6.322    6.384    7.425    7.488
            0.333333  0.192450  0.000000
   -6.764   -5.768   -5.481   -4.189   -3.927   -3.528   -2.996   -2.784   -2.655   -2.299
   -1.474   -1.097    3.293    3.565    6.386    6.448    7.492    7.554
            0.323810  0.186952  0.000000
   -6.746   -5.781   -5.436   -4.240   -3.891   -3.517   -3.204   -2.857   -2.834   -2.352
   -1.461   -1.175    3.058    3.342    6.161    6.222    7.256    7.319
            0.314286  0.181453  0.000000
   -6.733   -5.803   -5.388   -4.298   -3.851   -3.505   -3.400   -3.001   -2.931   -2.405
   -1.447   -1.255    2.829    3.125    5.943    6.002    7.026    7.089
            0.304762  0.175954  0.000000
   -6.724   -5.836   -5.338   -4.363   -3.809   -3.579   -3.493   -3.151   -3.005   -2.458
   -1.433   -1.336    2.604    2.912    5.730    5.788    6.803    6.865
            0.295238  0.170456  0.000000
   -6.722   -5.882   -5.286   -4.436   -3.772   -3.731   -3.482   -3.282   -3.080   -2.512
   -1.419   -1.418    2.383    2.705    5.523    5.580    6.585    6.648
            0.285714  0.164957  0.000000
   -6.728   -5.942   -5.232   -4.515   -3.884   -3.713   -3.474   -3.390   -3.155   -2.566
   -1.501   -1.404    2.168    2.503    5.322    5.377    6.374    6.437
            0.276190  0.159459  0.000000
   -6.744   -6.015   -5.176   -4.599   -4.003   -3.665   -3.502   -3.441   -3.231   -2.621
   -1.584   -1.389    1.957    2.307    5.128    5.182    6.170    6.232
            0.266667  0.153960  0.000000
   -6.771   -6.102   -5.117   -4.683   -4.105   -3.615   -3.567   -3.435   -3.306   -2.676
   -1.667   -1.374    1.751    2.116    4.940    4.992    5.972    6.035
            0.257143  0.148461  0.000000
   -6.811   -6.201   -5.056   -4.763   -4.192   -3.619   -3.564   -3.423   -3.379   -2.731
   -1.750   -1.359    1.549    1.930    4.759    4.809    5.780    5.843
            0.247619  0.142963  0.000000
   -6.864   -6.310   -4.994   -4.834   -4.268   -3.655   -3.520   -3.444   -3.411   -2.786
   -1.832   -1.343    1.353    1.749    4.584    4.633    5.595    5.659
            0.238095  0.137464  0.000000
   -6.931   -6.429   -4.929   -4.892   -4.336   -3.677   -3.544   -3.438   -3.398   -2.840
   -1.913   -1.328    1.161    1.574    4.415    4.463    5.416    5.481
            0.228571  0.131966  0.000000
   -7.011   -6.553   -4.938   -4.863   -4.397   -3.685   -3.612   -3.386   -3.385   -2.894
   -1.993   -1.313    0.973    1.403    4.254    4.300    5.244    5.309
            0.219048  0.126467  0.000000
   -7.101   -6.682   -4.969   -4.795   -4.454   -3.683   -3.683   -3.372   -3.329   -2.947
   -2.071   -1.297    0.790    1.238    4.099    4.144    5.078    5.144
            0.209524  0.120969  0.000000
   -7.200   -6.813   -4.988   -4.725   -4.508   -3.753   -3.672   -3.360   -3.269   -2.999
   -2.148   -1.282    0.611    1.078    3.950    3.994    4.919    4.986
            0.200000  0.115470  0.000000
   -7.306   -6.945   -4.996   -4.653   -4.558   -3.822   -3.654   -3.348   -3.208   -3.049
   -2.223   -1.267    0.437    0.923    3.808    3.851    4.766    4.835
            0.190476  0.109971  0.000000
   -7.416   -7.076   -4.994   -4.606   -4.580   -3.889   -3.630   -3.336   -3.145   -3.097
   -2.296   -1.253    0.267    0.774    3.672    3.714    4.620    4.690
            0.180952  0.104473  0.000000
   -7.528   -7.205   -4.986   -4.652   -4.505   -3.954   -3.603   -3.326   -3.143   -3.082
   -2.367   -1.239    0.102    0.629    3.544    3.584    4.481    4.552
            0.171429  0.098974  0.000000
   -7.640   -7.331   -4.971   -4.695   -4.429   -4.017   -3.574   -3.318   -3.184   -3.018
   -2.435   -1.225   -0.059    0.489    3.421    3.461    4.348    4.421
            0.161905  0.093476  0.000000
   -7.752   -7.453   -4.952   -4.736   -4.352   -4.077   -3.544   -3.314   -3.217   -2.952
   -2.500   -1.211   -0.216    0.353    3.306    3.344    4.222    4.297
            0.152381  0.087977  0.000000
   -7.861   -7.571   -4.930   -4.775   -4.273   -4.135   -3.515   -3.320   -3.238   -2.886
   -2.562   -1.198   -0.369    0.223    3.197    3.234    4.103    4.180
            0.142857  0.082479  0.000000
   -7.967   -7.684   -4.906   -4.812   -4.194   -4.189   -3.491   -3.334   -3.243   -2.820
   -2.621   -1.186   -0.517    0.097    3.094    3.131    3.991    4.069
            0.133333  0.076980  0.000000
   -8.068   -7.791   -4.880   -4.847   -4.241   -4.113   -3.477   -3.345   -3.239   -2.753
   -2.677   -1.174   -0.661   -0.024    2.999    3.034    3.885    3.966
            0.123810  0.071481  0.000000
   -8.165   -7.892   -4.881   -4.853   -4.289   -4.033   -3.481   -3.341   -3.231   -2.730
   -2.686   -1.163   -0.801   -0.140    2.909    2.944    3.786    3.869
            0.114286  0.065983  0.000000
   -8.256   -7.987   -4.911   -4.828   -4.334   -3.952   -3.498   -3.325   -3.221   -2.778
   -2.619   -1.152   -0.937   -0.252    2.827    2.861    3.695    3.779
            0.104762  0.060484  0.000000
   -8.341   -8.075   -4.940   -4.803   -4.375   -3.872   -3.519   -3.304   -3.209   -2.823
   -2.552   -1.142   -1.068   -0.359    2.751    2.784    3.610    3.697
            0.095238  0.054986  0.000000
   -8.419   -8.156   -4.966   -4.780   -4.412   -3.794   -3.541   -3.284   -3.196   -2.863
   -2.486   -1.194   -1.133   -0.461    2.682    2.714    3.532    3.621
            0.085714  0.049487  0.000000
   -8.491   -8.229   -4.990   -4.759   -4.445   -3.722   -3.557   -3.266   -3.182   -2.899
   -2.420   -1.315   -1.125   -0.558    2.619    2.651    3.462    3.552
            0.076190  0.043989  0.000000
   -8.556   -8.296   -5.012   -4.740   -4.474   -3.668   -3.554   -3.252   -3.166   -2.931
   -2.356   -1.431   -1.118   -0.650    2.563    2.595    3.398    3.491
            0.066667  0.038490  0.000000
   -8.614   -8.355   -5.031   -4.725   -4.498   -3.652   -3.513   -3.242   -3.150   -2.958
   -2.293   -1.540   -1.112   -0.736    2.513    2.545    3.342    3.437
            0.057143  0.032991  0.000000
   -8.665   -8.406   -5.047   -4.713   -4.516   -3.659   -3.451   -3.234   -3.135   -2.979
   -2.234   -1.642   -1.108   -0.815    2.470    2.501    3.294    3.390
            0.047619  0.027493  0.000000
   -8.707   -8.450   -5.062   -4.706   -4.529   -3.670   -3.388   -3.229   -3.121   -2.995
   -2.178   -1.736   -1.105   -0.886    2.434    2.465    3.252    3.350
            0.038095  0.021994  0.000000
   -8.743   -8.486   -5.073   -4.701   -4.538   -3.681   -3.329   -3.226   -3.109   -3.006
   -2.128   -1.818   -1.104   -0.946    2.404    2.435    3.219    3.317
            0.028571  0.016496  0.000000
   -8.770   -8.514   -5.082   -4.700   -4.543   -3.690   -3.281   -3.223   -3.099   -3.012
   -2.085   -1.888   -1.107   -0.994    2.381    2.411    3.192    3.292
            0.019048  0.010997  0.000000
   -8.790   -8.534   -5.089   -4.700   -4.546   -3.696   -3.246   -3.222   -3.089   -3.015
   -2.051   -1.942   -1.115   -1.025    2.365    2.395    3.173    3.274
            0.009524  0.005499  0.000000
   -8.802   -8.546   -5.093   -4.700   -4.547   -3.701   -3.229   -3.217   -3.082   -3.016
   -2.030   -1.975   -1.125   -1.040    2.355    2.385    3.162    3.263
            0.000000  0.000000  0.000000
   -8.806   -8.550   -5.094   -4.700   -4.547   -3.702   -3.226   -3.213   -3.079   -3.016
   -2.022   -1.987   -1.129   -1.044    2.351    2.381    3.158    3.259
