 &plot nbnd=  22, nks=   100 /
            0.000000  0.000000  0.000000
  -61.571  -35.844  -35.460  -35.460  -16.440  -14.296   -7.631   -5.017   -5.017   -4.923
   -3.091   -3.091   -1.875   -1.860   -1.860   -0.794   -0.794   -0.441    1.890    2.142
    2.142    2.632
            0.013514  0.007802  0.000000
  -61.571  -35.844  -35.461  -35.460  -16.437  -14.295   -7.629   -5.024   -5.017   -4.921
   -3.097   -3.090   -1.907   -1.859   -1.828   -0.799   -0.795   -0.439    1.895    2.136
    2.145    2.622
            0.027027  0.015604  0.000000
  -61.571  -35.844  -35.463  -35.461  -16.430  -14.289   -7.620   -5.046   -5.018   -4.917
   -3.113   -3.088   -1.946   -1.857   -1.790   -0.811   -0.798   -0.434    1.910    2.122
    2.155    2.594
            0.040541  0.023406  0.000000
  -61.571  -35.843  -35.467  -35.462  -16.419  -14.280   -7.607   -5.080   -5.021   -4.910
   -3.140   -3.084   -1.986   -1.854   -1.753   -0.832   -0.802   -0.425    1.933    2.100
    2.171    2.549
            0.054054  0.031208  0.000000
  -61.570  -35.842  -35.472  -35.463  -16.402  -14.268   -7.588   -5.128   -5.024   -4.903
   -3.176   -3.079   -2.026   -1.850   -1.718   -0.859   -0.807   -0.414    1.958    2.077
    2.193    2.490
            0.067568  0.039010  0.000000
  -61.570  -35.841  -35.478  -35.464  -16.382  -14.252   -7.564   -5.187   -5.029   -4.894
   -3.220   -3.073   -2.066   -1.843   -1.684   -0.892   -0.813   -0.401    1.969    2.073
    2.218    2.421
            0.081081  0.046812  0.000000
  -61.569  -35.839  -35.485  -35.466  -16.356  -14.233   -7.535   -5.257   -5.034   -4.885
   -3.272   -3.066   -2.107   -1.835   -1.654   -0.930   -0.820   -0.386    1.947    2.105
    2.244    2.345
            0.094595  0.054614  0.000000
  -61.568  -35.838  -35.494  -35.468  -16.327  -14.210   -7.501   -5.338   -5.041   -4.875
   -3.328   -3.058   -2.147   -1.824   -1.628   -0.973   -0.825   -0.369    1.909    2.153
    2.267    2.270
            0.108108  0.062416  0.000000
  -61.567  -35.836  -35.504  -35.470  -16.293  -14.184   -7.463   -5.429   -5.050   -4.866
   -3.389   -3.050   -2.188   -1.811   -1.606   -1.019   -0.830   -0.351    1.869    2.150
    2.256    2.281
            0.121622  0.070218  0.000000
  -61.566  -35.834  -35.515  -35.473  -16.255  -14.155   -7.421   -5.528   -5.059   -4.858
   -3.452   -3.042   -2.227   -1.795   -1.590   -1.069   -0.832   -0.332    1.829    2.076
    2.278    2.320
            0.135135  0.078020  0.000000
  -61.565  -35.831  -35.527  -35.476  -16.213  -14.123   -7.376   -5.636   -5.071   -4.852
   -3.515   -3.034   -2.266   -1.776   -1.579   -1.121   -0.832   -0.311    1.791    1.997
    2.259    2.399
            0.148649  0.085822  0.000000
  -61.563  -35.829  -35.541  -35.478  -16.168  -14.088   -7.327   -5.750   -5.083   -4.849
   -3.577   -3.026   -2.304   -1.754   -1.574   -1.176   -0.829   -0.290    1.752    1.925
    2.227    2.485
            0.162162  0.093624  0.000000
  -61.562  -35.826  -35.554  -35.482  -16.119  -14.050   -7.276   -5.870   -5.098   -4.851
   -3.636   -3.019   -2.340   -1.730   -1.576   -1.231   -0.821   -0.269    1.709    1.869
    2.187    2.576
            0.175676  0.101426  0.000000
  -61.561  -35.823  -35.569  -35.485  -16.067  -14.010   -7.224   -5.996   -5.113   -4.859
   -3.691   -3.013   -2.374   -1.702   -1.584   -1.286   -0.808   -0.248    1.657    1.836
    2.143    2.667
            0.189189  0.109228  0.000000
  -61.559  -35.820  -35.584  -35.489  -16.011  -13.967   -7.170   -6.125   -5.131   -4.874
   -3.739   -3.008   -2.405   -1.673   -1.599   -1.339   -0.791   -0.229    1.599    1.824
    2.095    2.708
            0.202703  0.117031  0.000000
  -61.557  -35.817  -35.600  -35.492  -15.953  -13.922   -7.116   -6.257   -5.149   -4.897
   -3.781   -3.004   -2.435   -1.641   -1.622   -1.387   -0.767   -0.213    1.541    1.827
    2.045    2.747
            0.216216  0.124833  0.000000
  -61.556  -35.814  -35.616  -35.496  -15.893  -13.875   -7.062   -6.391   -5.169   -4.927
   -3.814   -3.001   -2.461   -1.651   -1.609   -1.427   -0.737   -0.200    1.489    1.842
    1.995    2.784
            0.229730  0.132635  0.000000
  -61.554  -35.810  -35.632  -35.500  -15.831  -13.826   -7.012   -6.526   -5.190   -4.966
   -3.841   -2.999   -2.486   -1.686   -1.575   -1.459   -0.700   -0.191    1.444    1.866
    1.945    2.818
            0.243243  0.140437  0.000000
  -61.552  -35.807  -35.648  -35.503  -15.766  -13.776   -6.967   -6.657   -5.212   -5.011
   -3.862   -2.998   -2.508   -1.723   -1.540   -1.483   -0.657   -0.188    1.408    1.896
    1.897    2.849
            0.256757  0.148239  0.000000
  -61.551  -35.804  -35.665  -35.507  -15.701  -13.725   -6.941   -6.771   -5.235   -5.060
   -3.879   -2.998   -2.528   -1.759   -1.505   -1.500   -0.608   -0.192    1.381    1.847
    1.934    2.875
            0.270270  0.156041  0.000000
  -61.549  -35.800  -35.681  -35.511  -15.634  -13.672   -6.990   -6.813   -5.258   -5.114
   -3.894   -2.999   -2.546   -1.790   -1.511   -1.470   -0.553   -0.201    1.363    1.801
    1.975    2.897
            0.283784  0.163843  0.000000
  -61.547  -35.797  -35.697  -35.515  -15.567  -13.619   -7.105   -6.793   -5.281   -5.168
   -3.908   -3.001   -2.562   -1.814   -1.516   -1.435   -0.494   -0.217    1.355    1.756
    2.018    2.914
            0.297297  0.171645  0.000000
  -61.546  -35.794  -35.713  -35.518  -15.500  -13.566   -7.231   -6.764   -5.305   -5.222
   -3.923   -3.004   -2.576   -1.828   -1.516   -1.401   -0.432   -0.239    1.355    1.715
    2.060    2.927
            0.310811  0.179447  0.000000
  -61.544  -35.791  -35.728  -35.522  -15.433  -13.512   -7.358   -6.737   -5.328   -5.274
   -3.940   -3.007   -2.587   -1.833   -1.510   -1.366   -0.366   -0.266    1.362    1.676
    2.100    2.936
            0.324324  0.187249  0.000000
  -61.543  -35.788  -35.743  -35.526  -15.368  -13.460   -7.482   -6.715   -5.351   -5.323
   -3.960   -3.011   -2.596   -1.827   -1.498   -1.331   -0.301   -0.299    1.376    1.642
    2.136    2.941
            0.337838  0.195051  0.000000
  -61.541  -35.785  -35.757  -35.529  -15.303  -13.408   -7.602   -6.700   -5.373   -5.367
   -3.984   -3.015   -2.603   -1.812   -1.481   -1.297   -0.336   -0.235    1.394    1.612
    2.165    2.942
            0.351351  0.202853  0.000000
  -61.540  -35.783  -35.770  -35.532  -15.241  -13.358   -7.717   -6.691   -5.405   -5.394
   -4.010   -3.020   -2.606   -1.788   -1.459   -1.263   -0.377   -0.172    1.417    1.587
    2.187    2.940
            0.364865  0.210655  0.000000
  -61.538  -35.785  -35.778  -35.535  -15.182  -13.309   -7.826   -6.689   -5.439   -5.414
   -4.038   -3.025   -2.607   -1.757   -1.431   -1.230   -0.422   -0.112    1.442    1.567
    2.200    2.935
            0.378378  0.218457  0.000000
  -61.537  -35.795  -35.777  -35.538  -15.126  -13.263   -7.927   -6.692   -5.466   -5.433
   -4.068   -3.029   -2.606   -1.719   -1.399   -1.198   -0.470   -0.057    1.469    1.553
    2.203    2.928
            0.391892  0.226259  0.000000
  -61.536  -35.806  -35.775  -35.540  -15.073  -13.220   -8.021   -6.699   -5.489   -5.450
   -4.099   -3.034   -2.603   -1.676   -1.363   -1.167   -0.521   -0.007    1.497    1.545
    2.199    2.919
            0.405405  0.234061  0.000000
  -61.535  -35.815  -35.773  -35.542  -15.025  -13.180   -8.106   -6.710   -5.506   -5.466
   -4.128   -3.038   -2.599   -1.629   -1.326   -1.138   -0.575    0.036    1.526    1.542
    2.188    2.908
            0.418919  0.241863  0.000000
  -61.534  -35.824  -35.771  -35.544  -14.983  -13.145   -8.181   -6.723   -5.520   -5.480
   -4.156   -3.042   -2.595   -1.578   -1.289   -1.111   -0.630    0.071    1.544    1.553
    2.172    2.897
            0.432432  0.249665  0.000000
  -61.533  -35.831  -35.769  -35.546  -14.945  -13.114   -8.247   -6.736   -5.530   -5.492
   -4.181   -3.046   -2.590   -1.526   -1.252   -1.088   -0.685    0.100    1.549    1.579
    2.153    2.886
            0.445946  0.257467  0.000000
  -61.533  -35.837  -35.768  -35.548  -14.914  -13.087   -8.301   -6.749   -5.538   -5.502
   -4.203   -3.049   -2.586   -1.474   -1.219   -1.067   -0.741    0.123    1.556    1.603
    2.133    2.875
            0.459459  0.265269  0.000000
  -61.532  -35.841  -35.767  -35.549  -14.889  -13.066   -8.344   -6.760   -5.543   -5.509
   -4.220   -3.051   -2.582   -1.425   -1.190   -1.051   -0.793    0.139    1.564    1.623
    2.114    2.866
            0.472973  0.273071  0.000000
  -61.532  -35.845  -35.766  -35.549  -14.871  -13.051   -8.375   -6.769   -5.547   -5.515
   -4.233   -3.053   -2.580   -1.383   -1.167   -1.039   -0.839    0.150    1.571    1.638
    2.099    2.859
            0.486486  0.280873  0.000000
  -61.532  -35.847  -35.766  -35.550  -14.861  -13.042   -8.394   -6.774   -5.549   -5.518
   -4.241   -3.054   -2.578   -1.353   -1.151   -1.031   -0.872    0.156    1.575    1.648
    2.089    2.855
            0.500000  0.288675  0.000000
  -61.532  -35.847  -35.766  -35.550  -14.857  -13.039   -8.400   -6.776   -5.549   -5.519
   -4.243   -3.055   -2.578   -1.343   -1.145   -1.029   -0.884    0.159    1.577    1.652
    2.085    2.853
            0.493827  0.299367  0.000000
  -61.532  -35.847  -35.766  -35.550  -14.856  -13.038   -8.399   -6.775   -5.577   -5.495
   -4.243   -3.059   -2.575   -1.346   -1.147   -1.026   -0.884    0.158    1.566    1.666
    2.086    2.846
            0.487654  0.310059  0.000000
  -61.532  -35.847  -35.766  -35.552  -14.854  -13.036   -8.395   -6.771   -5.619   -5.464
   -4.244   -3.073   -2.566   -1.354   -1.153   -1.017   -0.884    0.155    1.545    1.696
    2.090    2.827
            0.481481  0.320750  0.000000
  -61.531  -35.846  -35.766  -35.553  -14.851  -13.033   -8.388   -6.765   -5.665   -5.435
   -4.246   -3.095   -2.553   -1.367   -1.163   -1.005   -0.882    0.151    1.523    1.731
    2.098    2.795
            0.475309  0.331442  0.000000
  -61.531  -35.845  -35.765  -35.556  -14.847  -13.029   -8.378   -6.756   -5.715   -5.410
   -4.248   -3.123   -2.537   -1.383   -1.176   -0.994   -0.876    0.145    1.503    1.767
    2.111    2.753
            0.469136  0.342134  0.000000
  -61.531  -35.843  -35.765  -35.559  -14.842  -13.023   -8.366   -6.745   -5.767   -5.389
   -4.251   -3.157   -2.518   -1.401   -1.192   -0.990   -0.862    0.139    1.486    1.800
    2.130    2.703
            0.462963  0.352825  0.000000
  -61.531  -35.841  -35.765  -35.563  -14.835  -13.017   -8.351   -6.733   -5.822   -5.371
   -4.254   -3.194   -2.497   -1.420   -1.211   -0.992   -0.839    0.131    1.471    1.826
    2.160    2.648
            0.456790  0.363517  0.000000
  -61.531  -35.839  -35.765  -35.568  -14.828  -13.009   -8.334   -6.719   -5.878   -5.357
   -4.259   -3.234   -2.475   -1.439   -1.232   -1.002   -0.809    0.122    1.459    1.844
    2.200    2.589
            0.450617  0.374209  0.000000
  -61.531  -35.836  -35.764  -35.573  -14.819  -13.000   -8.314   -6.705   -5.936   -5.346
   -4.265   -3.275   -2.452   -1.457   -1.255   -1.016   -0.775    0.114    1.447    1.851
    2.249    2.532
            0.444444  0.384900  0.000000
  -61.531  -35.833  -35.764  -35.579  -14.810  -12.990   -8.292   -6.690   -5.994   -5.340
   -4.273   -3.317   -2.429   -1.475   -1.279   -1.033   -0.736    0.106    1.437    1.849
    2.302    2.482
            0.438272  0.395592  0.000000
  -61.530  -35.830  -35.763  -35.585  -14.800  -12.980   -8.267   -6.677   -6.050   -5.337
   -4.282   -3.358   -2.405   -1.492   -1.304   -1.054   -0.696    0.098    1.427    1.837
    2.336    2.465
            0.432099  0.406284  0.000000
  -61.530  -35.826  -35.763  -35.592  -14.789  -12.969   -8.240   -6.666   -6.104   -5.339
   -4.292   -3.398   -2.382   -1.507   -1.328   -1.076   -0.653    0.091    1.416    1.815
    2.322    2.508
            0.425926  0.416975  0.000000
  -61.530  -35.822  -35.762  -35.599  -14.777  -12.957   -8.212   -6.661   -6.152   -5.343
   -4.305   -3.435   -2.358   -1.521   -1.352   -1.100   -0.610    0.086    1.404    1.785
    2.290    2.583
            0.419753  0.427667  0.000000
  -61.529  -35.818  -35.762  -35.607  -14.765  -12.945   -8.181   -6.663   -6.192   -5.352
   -4.319   -3.470   -2.336   -1.533   -1.375   -1.125   -0.566    0.082    1.390    1.746
    2.261    2.669
            0.413580  0.438359  0.000000
  -61.529  -35.813  -35.761  -35.615  -14.753  -12.932   -8.149   -6.677   -6.220   -5.364
   -4.334   -3.503   -2.313   -1.544   -1.396   -1.151   -0.522    0.081    1.373    1.699
    2.240    2.760
            0.407407  0.449050  0.000000
  -61.529  -35.809  -35.761  -35.624  -14.740  -12.920   -8.116   -6.702   -6.236   -5.379
   -4.350   -3.532   -2.292   -1.553   -1.415   -1.178   -0.478    0.082    1.354    1.647
    2.226    2.854
            0.401235  0.459742  0.000000
  -61.529  -35.804  -35.760  -35.632  -14.728  -12.907   -8.081   -6.739   -6.239   -5.397
   -4.367   -3.558   -2.271   -1.560   -1.431   -1.205   -0.435    0.085    1.331    1.593
    2.219    2.950
            0.395062  0.470434  0.000000
  -61.528  -35.798  -35.759  -35.641  -14.715  -12.895   -8.046   -6.785   -6.233   -5.418
   -4.385   -3.581   -2.251   -1.566   -1.444   -1.232   -0.393    0.091    1.305    1.538
    2.217    3.048
            0.388889  0.481125  0.000000
  -61.528  -35.793  -35.759  -35.650  -14.703  -12.883   -8.010   -6.836   -6.220   -5.440
   -4.401   -3.602   -2.233   -1.570   -1.454   -1.259   -0.352    0.100    1.275    1.485
    2.219    3.145
            0.382716  0.491817  0.000000
  -61.528  -35.787  -35.758  -35.658  -14.692  -12.871   -7.974   -6.891   -6.203   -5.463
   -4.417   -3.621   -2.216   -1.571   -1.461   -1.286   -0.314    0.112    1.242    1.435
    2.224    3.241
            0.376543  0.502509  0.000000
  -61.528  -35.782  -35.758  -35.667  -14.681  -12.860   -7.939   -6.946   -6.184   -5.486
   -4.432   -3.637   -2.201   -1.571   -1.465   -1.312   -0.277    0.125    1.207    1.390
    2.231    3.334
            0.370370  0.513200  0.000000
  -61.527  -35.776  -35.757  -35.676  -14.670  -12.850   -7.905   -6.999   -6.164   -5.508
   -4.445   -3.652   -2.187   -1.569   -1.465   -1.338   -0.244    0.139    1.171    1.351
    2.239    3.423
            0.364198  0.523892  0.000000
  -61.527  -35.770  -35.757  -35.684  -14.661  -12.841   -7.874   -7.049   -6.146   -5.529
   -4.457   -3.664   -2.176   -1.565   -1.464   -1.363   -0.213    0.153    1.135    1.317
    2.248    3.505
            0.358025  0.534584  0.000000
  -61.527  -35.764  -35.757  -35.692  -14.653  -12.833   -7.845   -7.093   -6.130   -5.546
   -4.466   -3.675   -2.166   -1.559   -1.460   -1.386   -0.186    0.165    1.103    1.289
    2.256    3.578
            0.351852  0.545276  0.000000
  -61.527  -35.759  -35.756  -35.699  -14.647  -12.827   -7.821   -7.131   -6.117   -5.560
   -4.474   -3.684   -2.159   -1.551   -1.456   -1.408   -0.163    0.175    1.077    1.266
    2.262    3.639
            0.345679  0.555967  0.000000
  -61.527  -35.756  -35.754  -35.705  -14.642  -12.822   -7.803   -7.159   -6.108   -5.570
   -4.480   -3.691   -2.153   -1.542   -1.452   -1.427   -0.144    0.181    1.058    1.249
    2.267    3.684
            0.339506  0.566659  0.000000
  -61.527  -35.756  -35.751  -35.709  -14.639  -12.819   -7.792   -7.176   -6.102   -5.576
   -4.483   -3.695   -2.150   -1.534   -1.450   -1.442   -0.132    0.184    1.047    1.238
    2.271    3.711
            0.333333  0.577351  0.000000
  -61.527  -35.756  -35.750  -35.710  -14.638  -12.818   -7.788   -7.182   -6.100   -5.578
   -4.484   -3.696   -2.149   -1.530   -1.448   -1.448   -0.128    0.185    1.044    1.234
    2.272    3.719
            0.323810  0.560855  0.000000
  -61.527  -35.756  -35.752  -35.707  -14.641  -12.821   -7.796   -7.169   -6.104   -5.574
   -4.481   -3.693   -2.152   -1.539   -1.452   -1.433   -0.139    0.185    1.049    1.244
    2.269    3.701
            0.314286  0.544359  0.000000
  -61.527  -35.758  -35.756  -35.699  -14.649  -12.829   -7.814   -7.133   -6.113   -5.565
   -4.472   -3.682   -2.159   -1.559   -1.464   -1.398   -0.174    0.189    1.061    1.276
    2.263    3.651
            0.304762  0.527863  0.000000
  -61.527  -35.764  -35.757  -35.689  -14.664  -12.843   -7.835   -7.079   -6.126   -5.552
   -4.457   -3.663   -2.171   -1.580   -1.486   -1.352   -0.229    0.196    1.069    1.328
    2.256    3.578
            0.295238  0.511368  0.000000
  -61.528  -35.770  -35.758  -35.679  -14.685  -12.863   -7.854   -7.013   -6.141   -5.538
   -4.434   -3.636   -2.189   -1.599   -1.518   -1.298   -0.296    0.205    1.072    1.395
    2.249    3.489
            0.285714  0.494872  0.000000
  -61.528  -35.774  -35.759  -35.667  -14.713  -12.889   -7.865   -6.938   -6.158   -5.524
   -4.404   -3.602   -2.210   -1.615   -1.560   -1.238   -0.369    0.215    1.065    1.469
    2.244    3.391
            0.276190  0.478376  0.000000
  -61.529  -35.777  -35.760  -35.656  -14.749  -12.921   -7.865   -6.857   -6.174   -5.511
   -4.367   -3.562   -2.237   -1.630   -1.608   -1.174   -0.444    0.224    1.050    1.546
    2.241    3.291
            0.266667  0.461880  0.000000
  -61.530  -35.778  -35.762  -35.644  -14.791  -12.959   -7.853   -6.772   -6.191   -5.497
   -4.325   -3.517   -2.267   -1.668   -1.635   -1.110   -0.517    0.230    1.027    1.619
    2.233    3.198
            0.257143  0.445385  0.000000
  -61.531  -35.778  -35.764  -35.633  -14.840  -13.003   -7.828   -6.686   -6.206   -5.483
   -4.277   -3.467   -2.302   -1.725   -1.643   -1.048   -0.582    0.232    1.000    1.686
    2.216    3.120
            0.247619  0.428889  0.000000
  -61.532  -35.776  -35.766  -35.621  -14.895  -13.053   -7.789   -6.604   -6.215   -5.467
   -4.227   -3.414   -2.339   -1.780   -1.646   -1.000   -0.631    0.227    0.974    1.741
    2.181    3.064
            0.238095  0.412393  0.000000
  -61.533  -35.772  -35.768  -35.610  -14.956  -13.107   -7.737   -6.536   -6.209   -5.449
   -4.177   -3.359   -2.379   -1.831   -1.646   -0.980   -0.651    0.213    0.953    1.784
    2.129    3.033
            0.228571  0.395898  0.000000
  -61.535  -35.773  -35.764  -35.599  -15.023  -13.164   -7.671   -6.498   -6.174   -5.428
   -4.128   -3.303   -2.419   -1.875   -1.644   -0.996   -0.633    0.186    0.943    1.810
    2.066    3.022
            0.219048  0.379402  0.000000
  -61.536  -35.775  -35.757  -35.588  -15.095  -13.226   -7.592   -6.494   -6.105   -5.403
   -4.082   -3.250   -2.457   -1.909   -1.639   -1.038   -0.592    0.148    0.945    1.815
    2.005    3.023
            0.209524  0.362906  0.000000
  -61.538  -35.779  -35.747  -35.578  -15.170  -13.290   -7.501   -6.516   -6.015   -5.372
   -4.040   -3.200   -2.489   -1.932   -1.633   -1.090   -0.544    0.100    0.960    1.793
    1.961    3.029
            0.200000  0.346410  0.000000
  -61.540  -35.782  -35.736  -35.568  -15.249  -13.356   -7.398   -6.553   -5.915   -5.336
   -4.005   -3.156   -2.513   -1.944   -1.625   -1.144   -0.504    0.047    0.987    1.751
    1.935    3.033
            0.190476  0.329915  0.000000
  -61.542  -35.786  -35.724  -35.558  -15.330  -13.423   -7.286   -6.600   -5.813   -5.294
   -3.977   -3.121   -2.527   -1.944   -1.615   -1.196   -0.481   -0.004    1.024    1.708
    1.917    3.031
            0.180952  0.313419  0.000000
  -61.544  -35.790  -35.710  -35.549  -15.413  -13.491   -7.164   -6.653   -5.714   -5.245
   -3.954   -3.095   -2.529   -1.933   -1.604   -1.242   -0.482   -0.044    1.070    1.676
    1.900    3.019
            0.171429  0.296923  0.000000
  -61.546  -35.794  -35.694  -35.540  -15.496  -13.559   -7.035   -6.711   -5.622   -5.188
   -3.935   -3.078   -2.521   -1.913   -1.593   -1.281   -0.511   -0.071    1.123    1.660
    1.883    2.996
            0.161905  0.280427  0.000000
  -61.548  -35.798  -35.678  -35.531  -15.580  -13.626   -6.903   -6.769   -5.538   -5.125
   -3.920   -3.068   -2.504   -1.887   -1.581   -1.311   -0.560   -0.088    1.183    1.661
    1.868    2.961
            0.152381  0.263932  0.000000
  -61.550  -35.802  -35.661  -35.523  -15.663  -13.693   -6.854   -6.742   -5.464   -5.059
   -3.903   -3.063   -2.481   -1.857   -1.569   -1.330   -0.620   -0.103    1.249    1.674
    1.860    2.914
            0.142857  0.247436  0.000000
  -61.552  -35.806  -35.644  -35.516  -15.744  -13.757   -6.917   -6.602   -5.399   -4.994
   -3.883   -3.060   -2.456   -1.828   -1.559   -1.336   -0.681   -0.120    1.322    1.694
    1.864    2.856
            0.133333  0.230940  0.000000
  -61.554  -35.810  -35.626  -35.508  -15.824  -13.820   -6.986   -6.454   -5.341   -4.936
   -3.856   -3.058   -2.429   -1.803   -1.553   -1.328   -0.736   -0.141    1.402    1.712
    1.886    2.791
            0.123810  0.214444  0.000000
  -61.556  -35.814  -35.608  -35.502  -15.900  -13.880   -7.057   -6.304   -5.289   -4.890
   -3.819   -3.055   -2.401   -1.786   -1.549   -1.304   -0.784   -0.166    1.488    1.724
    1.928    2.720
            0.114286  0.197949  0.000000
  -61.558  -35.818  -35.590  -35.496  -15.974  -13.937   -7.127   -6.154   -5.242   -4.856
   -3.771   -3.053   -2.372   -1.779   -1.547   -1.268   -0.820   -0.194    1.580    1.736
    1.983    2.647
            0.104762  0.181453  0.000000
  -61.560  -35.822  -35.572  -35.490  -16.043  -13.991   -7.196   -6.006   -5.200   -4.836
   -3.712   -3.051   -2.342   -1.780   -1.547   -1.225   -0.845   -0.223    1.677    1.751
    2.044    2.575
            0.095238  0.164957  0.000000
  -61.562  -35.825  -35.555  -35.485  -16.108  -14.042   -7.263   -5.862   -5.163   -4.828
   -3.645   -3.049   -2.311   -1.787   -1.549   -1.176   -0.859   -0.254    1.765    1.786
    2.102    2.506
            0.085714  0.148462  0.000000
  -61.563  -35.829  -35.539  -35.480  -16.168  -14.088   -7.327   -5.723   -5.130   -4.830
   -3.572   -3.049   -2.276   -1.797   -1.556   -1.125   -0.864   -0.283    1.799    1.885
    2.151    2.446
            0.076190  0.131966  0.000000
  -61.565  -35.832  -35.524  -35.476  -16.223  -14.131   -7.386   -5.592   -5.101   -4.838
   -3.496   -3.051   -2.239   -1.808   -1.569   -1.074   -0.861   -0.311    1.836    1.988
    2.180    2.400
            0.066667  0.115470  0.000000
  -61.566  -35.835  -35.510  -35.472  -16.273  -14.169   -7.440   -5.470   -5.078   -4.851
   -3.419   -3.055   -2.198   -1.820   -1.589   -1.023   -0.852   -0.338    1.879    2.074
    2.193    2.363
            0.057143  0.098974  0.000000
  -61.568  -35.837  -35.497  -35.469  -16.316  -14.202   -7.489   -5.359   -5.058   -4.865
   -3.345   -3.061   -2.154   -1.830   -1.616   -0.974   -0.840   -0.362    1.926    2.090
    2.248    2.320
            0.047619  0.082479  0.000000
  -61.569  -35.839  -35.486  -35.466  -16.354  -14.230   -7.531   -5.261   -5.043   -4.880
   -3.276   -3.068   -2.108   -1.839   -1.649   -0.927   -0.828   -0.383    1.972    2.057
    2.270    2.339
            0.038095  0.065983  0.000000
  -61.570  -35.841  -35.477  -35.464  -16.384  -14.254   -7.567   -5.177   -5.032   -4.894
   -3.214   -3.075   -2.060   -1.846   -1.687   -0.885   -0.816   -0.402    1.987    2.044
    2.224    2.431
            0.028571  0.049487  0.000000
  -61.571  -35.842  -35.470  -35.462  -16.408  -14.272   -7.595   -5.110   -5.024   -4.905
   -3.163   -3.081   -2.012   -1.852   -1.729   -0.848   -0.807   -0.418    1.952    2.079
    2.188    2.512
            0.019048  0.032991  0.000000
  -61.571  -35.844  -35.464  -35.461  -16.426  -14.286   -7.615   -5.059   -5.020   -4.914
   -3.124   -3.087   -1.964   -1.856   -1.774   -0.819   -0.800   -0.430    1.919    2.112
    2.162    2.576
            0.009524  0.016496  0.000000
  -61.571  -35.844  -35.461  -35.460  -16.436  -14.294   -7.627   -5.028   -5.017   -4.920
   -3.099   -3.090   -1.916   -1.859   -1.820   -0.801   -0.796   -0.439    1.898    2.134
    2.147    2.618
            0.000000  0.000000  0.000000
  -61.571  -35.844  -35.460  -35.460  -16.440  -14.296   -7.631   -5.017   -5.017   -4.923
   -3.091   -3.091   -1.875   -1.860   -1.860   -0.794   -0.794   -0.441    1.890    2.142
    2.142    2.632
