 &plot nbnd=  22, nks=   100 /
            0.000000  0.000000  0.000000
  -61.578  -35.849  -35.468  -35.468  -16.441  -14.297   -7.635   -5.028   -5.028   -4.927
   -3.096   -3.096   -1.882   -1.878   -1.878   -0.816   -0.816   -0.453    1.884    2.137
    2.137    2.616
            0.013514  0.007802  0.000000
  -61.578  -35.849  -35.469  -35.468  -16.438  -14.296   -7.632   -5.035   -5.028   -4.925
   -3.101   -3.095   -1.919   -1.878   -1.841   -0.821   -0.817   -0.451    1.889    2.132
    2.140    2.607
            0.027027  0.015604  0.000000
  -61.578  -35.849  -35.471  -35.469  -16.431  -14.290   -7.624   -5.057   -5.030   -4.921
   -3.118   -3.093   -1.959   -1.876   -1.803   -0.833   -0.820   -0.446    1.904    2.117
    2.150    2.578
            0.040541  0.023406  0.000000
  -61.577  -35.848  -35.474  -35.469  -16.420  -14.281   -7.610   -5.091   -5.032   -4.914
   -3.144   -3.089   -1.999   -1.873   -1.766   -0.853   -0.824   -0.438    1.926    2.095
    2.167    2.533
            0.054054  0.031208  0.000000
  -61.577  -35.847  -35.479  -35.471  -16.404  -14.269   -7.591   -5.138   -5.035   -4.907
   -3.181   -3.084   -2.039   -1.868   -1.731   -0.880   -0.830   -0.427    1.952    2.072
    2.189    2.475
            0.067568  0.039010  0.000000
  -61.576  -35.846  -35.486  -35.472  -16.383  -14.253   -7.567   -5.197   -5.040   -4.898
   -3.225   -3.077   -2.079   -1.862   -1.698   -0.912   -0.836   -0.413    1.963    2.067
    2.214    2.406
            0.081081  0.046812  0.000000
  -61.575  -35.845  -35.493  -35.474  -16.357  -14.234   -7.538   -5.267   -5.046   -4.889
   -3.276   -3.070   -2.120   -1.854   -1.668   -0.949   -0.842   -0.398    1.941    2.098
    2.240    2.330
            0.094595  0.054614  0.000000
  -61.574  -35.843  -35.502  -35.476  -16.328  -14.211   -7.505   -5.348   -5.052   -4.879
   -3.333   -3.062   -2.161   -1.843   -1.642   -0.991   -0.848   -0.382    1.904    2.143
    2.258    2.263
            0.108108  0.062416  0.000000
  -61.573  -35.841  -35.512  -35.478  -16.294  -14.185   -7.467   -5.438   -5.061   -4.870
   -3.393   -3.054   -2.201   -1.830   -1.621   -1.036   -0.852   -0.364    1.864    2.133
    2.249    2.275
            0.121622  0.070218  0.000000
  -61.572  -35.839  -35.523  -35.481  -16.256  -14.156   -7.425   -5.537   -5.070   -4.862
   -3.456   -3.046   -2.241   -1.814   -1.606   -1.085   -0.855   -0.345    1.823    2.059
    2.272    2.314
            0.135135  0.078020  0.000000
  -61.571  -35.836  -35.535  -35.483  -16.214  -14.124   -7.379   -5.644   -5.081   -4.856
   -3.520   -3.038   -2.280   -1.795   -1.596   -1.136   -0.854   -0.325    1.784    1.981
    2.251    2.393
            0.148649  0.085822  0.000000
  -61.570  -35.834  -35.548  -35.486  -16.169  -14.089   -7.331   -5.758   -5.094   -4.853
   -3.582   -3.030   -2.318   -1.774   -1.592   -1.189   -0.851   -0.304    1.744    1.910
    2.217    2.479
            0.162162  0.093624  0.000000
  -61.568  -35.831  -35.562  -35.490  -16.120  -14.051   -7.280   -5.878   -5.108   -4.855
   -3.641   -3.023   -2.354   -1.749   -1.595   -1.243   -0.843   -0.284    1.698    1.857
    2.176    2.569
            0.175676  0.101426  0.000000
  -61.567  -35.828  -35.577  -35.493  -16.068  -14.011   -7.227   -6.003   -5.124   -4.863
   -3.695   -3.017   -2.388   -1.722   -1.604   -1.298   -0.830   -0.263    1.643    1.827
    2.130    2.657
            0.189189  0.109228  0.000000
  -61.565  -35.825  -35.592  -35.496  -16.013  -13.968   -7.174   -6.132   -5.141   -4.877
   -3.743   -3.012   -2.419   -1.693   -1.620   -1.350   -0.812   -0.245    1.584    1.816
    2.082    2.698
            0.202703  0.117031  0.000000
  -61.564  -35.822  -35.608  -35.500  -15.955  -13.923   -7.120   -6.264   -5.159   -4.900
   -3.785   -3.008   -2.449   -1.662   -1.642   -1.397   -0.789   -0.228    1.525    1.820
    2.032    2.738
            0.216216  0.124833  0.000000
  -61.562  -35.819  -35.624  -35.504  -15.894  -13.876   -7.066   -6.397   -5.179   -4.930
   -3.819   -3.005   -2.475   -1.671   -1.629   -1.438   -0.758   -0.216    1.473    1.835
    1.981    2.776
            0.229730  0.132635  0.000000
  -61.560  -35.815  -35.640  -35.508  -15.832  -13.827   -7.016   -6.531   -5.200   -4.969
   -3.845   -3.003   -2.500   -1.705   -1.596   -1.472   -0.722   -0.208    1.427    1.860
    1.931    2.810
            0.243243  0.140437  0.000000
  -61.559  -35.812  -35.656  -35.511  -15.768  -13.777   -6.971   -6.662   -5.222   -5.013
   -3.866   -3.002   -2.521   -1.741   -1.561   -1.497   -0.679   -0.206    1.391    1.881
    1.891    2.841
            0.256757  0.148239  0.000000
  -61.557  -35.809  -35.673  -35.515  -15.702  -13.726   -6.946   -6.775   -5.244   -5.063
   -3.883   -3.002   -2.541   -1.776   -1.527   -1.515   -0.629   -0.210    1.365    1.833
    1.929    2.867
            0.270270  0.156041  0.000000
  -61.555  -35.805  -35.689  -35.519  -15.635  -13.673   -6.995   -6.817   -5.267   -5.116
   -3.898   -3.003   -2.559   -1.807   -1.527   -1.492   -0.575   -0.220    1.348    1.786
    1.969    2.889
            0.283784  0.163843  0.000000
  -61.554  -35.802  -35.705  -35.523  -15.568  -13.620   -7.109   -6.797   -5.291   -5.170
   -3.911   -3.005   -2.574   -1.830   -1.533   -1.457   -0.516   -0.236    1.340    1.741
    2.012    2.906
            0.297297  0.171645  0.000000
  -61.552  -35.799  -35.721  -35.526  -15.501  -13.567   -7.235   -6.768   -5.314   -5.224
   -3.926   -3.008   -2.588   -1.844   -1.533   -1.423   -0.453   -0.259    1.340    1.700
    2.055    2.920
            0.310811  0.179447  0.000000
  -61.550  -35.796  -35.736  -35.530  -15.435  -13.514   -7.362   -6.741   -5.337   -5.276
   -3.944   -3.011   -2.599   -1.849   -1.527   -1.388   -0.388   -0.287    1.348    1.662
    2.095    2.929
            0.324324  0.187249  0.000000
  -61.549  -35.793  -35.751  -35.533  -15.369  -13.461   -7.486   -6.720   -5.360   -5.325
   -3.964   -3.015   -2.608   -1.843   -1.516   -1.353   -0.323   -0.320    1.362    1.627
    2.130    2.934
            0.337838  0.195051  0.000000
  -61.547  -35.790  -35.765  -35.537  -15.305  -13.409   -7.605   -6.705   -5.382   -5.369
   -3.987   -3.020   -2.614   -1.829   -1.499   -1.319   -0.358   -0.258    1.381    1.598
    2.160    2.935
            0.351351  0.202853  0.000000
  -61.546  -35.788  -35.778  -35.540  -15.243  -13.359   -7.720   -6.696   -5.407   -5.403
   -4.013   -3.024   -2.617   -1.806   -1.476   -1.285   -0.399   -0.195    1.405    1.573
    2.181    2.933
            0.364865  0.210655  0.000000
  -61.545  -35.792  -35.783  -35.543  -15.183  -13.310   -7.828   -6.693   -5.441   -5.423
   -4.042   -3.029   -2.618   -1.776   -1.448   -1.252   -0.445   -0.135    1.430    1.554
    2.194    2.928
            0.378378  0.218457  0.000000
  -61.544  -35.803  -35.782  -35.546  -15.127  -13.264   -7.930   -6.696   -5.468   -5.442
   -4.072   -3.034   -2.616   -1.739   -1.415   -1.220   -0.493   -0.081    1.458    1.540
    2.198    2.921
            0.391892  0.226259  0.000000
  -61.542  -35.814  -35.780  -35.548  -15.075  -13.221   -8.023   -6.704   -5.491   -5.459
   -4.102   -3.038   -2.613   -1.697   -1.379   -1.189   -0.544   -0.032    1.487    1.533
    2.193    2.912
            0.405405  0.234061  0.000000
  -61.541  -35.823  -35.778  -35.550  -15.027  -13.182   -8.108   -6.715   -5.509   -5.474
   -4.132   -3.043   -2.609   -1.651   -1.341   -1.160   -0.598    0.010    1.516    1.530
    2.182    2.901
            0.418919  0.241863  0.000000
  -61.540  -35.831  -35.776  -35.552  -14.984  -13.146   -8.183   -6.727   -5.522   -5.488
   -4.160   -3.047   -2.604   -1.602   -1.303   -1.134   -0.653    0.045    1.532    1.544
    2.166    2.890
            0.432432  0.249665  0.000000
  -61.540  -35.839  -35.774  -35.554  -14.947  -13.115   -8.249   -6.741   -5.533   -5.500
   -4.185   -3.051   -2.600   -1.550   -1.266   -1.110   -0.709    0.073    1.538    1.571
    2.146    2.879
            0.445946  0.257467  0.000000
  -61.539  -35.845  -35.773  -35.555  -14.916  -13.089   -8.303   -6.754   -5.540   -5.510
   -4.206   -3.054   -2.595   -1.500   -1.232   -1.089   -0.764    0.095    1.545    1.595
    2.126    2.869
            0.459459  0.265269  0.000000
  -61.539  -35.849  -35.772  -35.557  -14.891  -13.068   -8.346   -6.765   -5.545   -5.518
   -4.224   -3.056   -2.592   -1.452   -1.202   -1.073   -0.816    0.111    1.553    1.615
    2.107    2.860
            0.472973  0.273071  0.000000
  -61.538  -35.853  -35.772  -35.557  -14.873  -13.052   -8.377   -6.773   -5.549   -5.523
   -4.236   -3.058   -2.589   -1.411   -1.178   -1.061   -0.862    0.122    1.560    1.631
    2.092    2.853
            0.486486  0.280873  0.000000
  -61.538  -35.855  -35.771  -35.558  -14.862  -13.043   -8.396   -6.779   -5.551   -5.527
   -4.244   -3.059   -2.588   -1.382   -1.161   -1.053   -0.895    0.128    1.565    1.641
    2.081    2.848
            0.500000  0.288675  0.000000
  -61.538  -35.855  -35.771  -35.558  -14.859  -13.040   -8.402   -6.780   -5.552   -5.528
   -4.247   -3.060   -2.587   -1.372   -1.155   -1.051   -0.907    0.130    1.567    1.645
    2.078    2.847
            0.493827  0.299367  0.000000
  -61.538  -35.855  -35.771  -35.558  -14.858  -13.039   -8.401   -6.779   -5.582   -5.501
   -4.247   -3.064   -2.584   -1.375   -1.157   -1.048   -0.907    0.129    1.556    1.659
    2.079    2.840
            0.487654  0.310059  0.000000
  -61.538  -35.855  -35.771  -35.559  -14.856  -13.038   -8.397   -6.775   -5.624   -5.469
   -4.248   -3.078   -2.576   -1.383   -1.163   -1.039   -0.907    0.127    1.535    1.688
    2.083    2.820
            0.481481  0.320750  0.000000
  -61.538  -35.854  -35.771  -35.561  -14.853  -13.034   -8.390   -6.769   -5.671   -5.440
   -4.249   -3.099   -2.564   -1.396   -1.173   -1.027   -0.905    0.123    1.514    1.723
    2.091    2.789
            0.475309  0.331442  0.000000
  -61.538  -35.852  -35.771  -35.564  -14.849  -13.030   -8.380   -6.761   -5.720   -5.415
   -4.251   -3.127   -2.547   -1.412   -1.186   -1.017   -0.899    0.117    1.494    1.759
    2.104    2.747
            0.469136  0.342134  0.000000
  -61.538  -35.851  -35.770  -35.567  -14.844  -13.024   -8.368   -6.750   -5.773   -5.393
   -4.254   -3.161   -2.529   -1.429   -1.202   -1.012   -0.885    0.110    1.477    1.791
    2.123    2.697
            0.462963  0.352825  0.000000
  -61.537  -35.849  -35.770  -35.571  -14.837  -13.018   -8.353   -6.737   -5.827   -5.375
   -4.258   -3.198   -2.509   -1.448   -1.221   -1.015   -0.862    0.103    1.462    1.818
    2.153    2.641
            0.456790  0.363517  0.000000
  -61.537  -35.847  -35.770  -35.576  -14.830  -13.010   -8.336   -6.724   -5.884   -5.361
   -4.263   -3.237   -2.487   -1.466   -1.242   -1.025   -0.833    0.095    1.449    1.835
    2.193    2.583
            0.450617  0.374209  0.000000
  -61.537  -35.844  -35.769  -35.581  -14.821  -13.001   -8.316   -6.709   -5.941   -5.350
   -4.269   -3.279   -2.465   -1.484   -1.265   -1.039   -0.798    0.086    1.438    1.842
    2.242    2.526
            0.444444  0.384900  0.000000
  -61.537  -35.841  -35.769  -35.587  -14.812  -12.992   -8.293   -6.694   -5.999   -5.344
   -4.276   -3.320   -2.442   -1.502   -1.289   -1.057   -0.760    0.078    1.428    1.840
    2.295    2.477
            0.438272  0.395592  0.000000
  -61.537  -35.838  -35.768  -35.593  -14.801  -12.981   -8.269   -6.681   -6.056   -5.341
   -4.285   -3.361   -2.420   -1.518   -1.313   -1.077   -0.719    0.070    1.418    1.827
    2.328    2.460
            0.432099  0.406284  0.000000
  -61.536  -35.834  -35.768  -35.600  -14.791  -12.970   -8.242   -6.671   -6.109   -5.342
   -4.296   -3.400   -2.397   -1.533   -1.338   -1.099   -0.677    0.064    1.407    1.806
    2.314    2.504
            0.425926  0.416975  0.000000
  -61.536  -35.830  -35.767  -35.607  -14.779  -12.958   -8.214   -6.665   -6.157   -5.347
   -4.308   -3.438   -2.375   -1.547   -1.362   -1.123   -0.634    0.059    1.395    1.775
    2.282    2.578
            0.419753  0.427667  0.000000
  -61.536  -35.826  -35.767  -35.615  -14.767  -12.946   -8.183   -6.668   -6.197   -5.355
   -4.322   -3.473   -2.353   -1.559   -1.385   -1.148   -0.590    0.055    1.381    1.735
    2.254    2.664
            0.413580  0.438359  0.000000
  -61.535  -35.821  -35.766  -35.623  -14.755  -12.934   -8.151   -6.681   -6.225   -5.367
   -4.337   -3.505   -2.331   -1.570   -1.406   -1.174   -0.546    0.054    1.365    1.689
    2.232    2.755
            0.407407  0.449050  0.000000
  -61.535  -35.817  -35.766  -35.631  -14.742  -12.921   -8.118   -6.706   -6.241   -5.382
   -4.353   -3.534   -2.310   -1.579   -1.424   -1.201   -0.502    0.055    1.345    1.637
    2.218    2.849
            0.401235  0.459742  0.000000
  -61.535  -35.812  -35.765  -35.640  -14.730  -12.908   -8.084   -6.743   -6.244   -5.400
   -4.370   -3.560   -2.291   -1.586   -1.440   -1.228   -0.459    0.059    1.323    1.583
    2.211    2.946
            0.395062  0.470434  0.000000
  -61.535  -35.806  -35.765  -35.649  -14.717  -12.896   -8.048   -6.789   -6.238   -5.421
   -4.387   -3.583   -2.272   -1.591   -1.453   -1.255   -0.417    0.065    1.297    1.528
    2.208    3.043
            0.388889  0.481125  0.000000
  -61.534  -35.801  -35.764  -35.657  -14.705  -12.884   -8.013   -6.840   -6.225   -5.443
   -4.403   -3.604   -2.254   -1.595   -1.463   -1.282   -0.377    0.074    1.268    1.475
    2.210    3.140
            0.382716  0.491817  0.000000
  -61.534  -35.795  -35.764  -35.666  -14.694  -12.872   -7.977   -6.894   -6.208   -5.466
   -4.419   -3.623   -2.238   -1.597   -1.469   -1.309   -0.338    0.085    1.235    1.425
    2.215    3.236
            0.376543  0.502509  0.000000
  -61.534  -35.790  -35.763  -35.675  -14.683  -12.861   -7.942   -6.949   -6.189   -5.489
   -4.434   -3.639   -2.224   -1.596   -1.473   -1.335   -0.302    0.098    1.200    1.381
    2.222    3.330
            0.370370  0.513200  0.000000
  -61.534  -35.784  -35.763  -35.684  -14.672  -12.851   -7.908   -7.002   -6.170   -5.511
   -4.447   -3.654   -2.211   -1.594   -1.473   -1.361   -0.268    0.112    1.163    1.342
    2.230    3.419
            0.364198  0.523892  0.000000
  -61.533  -35.778  -35.762  -35.692  -14.663  -12.842   -7.877   -7.051   -6.151   -5.531
   -4.458   -3.667   -2.200   -1.590   -1.472   -1.386   -0.237    0.125    1.128    1.308
    2.238    3.501
            0.358025  0.534584  0.000000
  -61.533  -35.772  -35.762  -35.700  -14.655  -12.834   -7.849   -7.096   -6.135   -5.549
   -4.468   -3.678   -2.191   -1.584   -1.468   -1.409   -0.210    0.137    1.096    1.280
    2.246    3.574
            0.351852  0.545276  0.000000
  -61.533  -35.767  -35.762  -35.707  -14.649  -12.828   -7.825   -7.133   -6.122   -5.563
   -4.475   -3.686   -2.184   -1.576   -1.464   -1.431   -0.186    0.146    1.070    1.258
    2.253    3.635
            0.345679  0.555967  0.000000
  -61.533  -35.762  -35.761  -35.712  -14.644  -12.823   -7.807   -7.161   -6.113   -5.573
   -4.481   -3.693   -2.179   -1.567   -1.460   -1.449   -0.167    0.152    1.051    1.241
    2.258    3.680
            0.339506  0.566659  0.000000
  -61.533  -35.761  -35.759  -35.717  -14.641  -12.820   -7.796   -7.178   -6.108   -5.579
   -4.484   -3.697   -2.176   -1.559   -1.463   -1.458   -0.155    0.155    1.040    1.231
    2.261    3.707
            0.333333  0.577351  0.000000
  -61.533  -35.761  -35.758  -35.718  -14.640  -12.819   -7.792   -7.184   -6.106   -5.581
   -4.486   -3.699   -2.175   -1.556   -1.469   -1.456   -0.151    0.155    1.037    1.227
    2.262    3.716
            0.323810  0.560855  0.000000
  -61.533  -35.761  -35.760  -35.715  -14.643  -12.822   -7.800   -7.171   -6.110   -5.577
   -4.483   -3.695   -2.177   -1.565   -1.461   -1.454   -0.162    0.156    1.043    1.237
    2.260    3.697
            0.314286  0.544359  0.000000
  -61.533  -35.766  -35.762  -35.707  -14.651  -12.830   -7.818   -7.134   -6.119   -5.567
   -4.474   -3.684   -2.184   -1.584   -1.472   -1.421   -0.198    0.160    1.054    1.268
    2.254    3.647
            0.304762  0.527863  0.000000
  -61.534  -35.772  -35.762  -35.697  -14.666  -12.844   -7.839   -7.081   -6.132   -5.555
   -4.458   -3.665   -2.196   -1.604   -1.494   -1.375   -0.253    0.168    1.062    1.319
    2.246    3.574
            0.295238  0.511368  0.000000
  -61.534  -35.778  -35.763  -35.686  -14.687  -12.864   -7.857   -7.016   -6.147   -5.541
   -4.436   -3.638   -2.212   -1.623   -1.526   -1.321   -0.321    0.179    1.064    1.386
    2.240    3.484
            0.285714  0.494872  0.000000
  -61.535  -35.782  -35.764  -35.675  -14.715  -12.890   -7.868   -6.941   -6.163   -5.527
   -4.406   -3.605   -2.233   -1.640   -1.568   -1.262   -0.394    0.189    1.057    1.460
    2.236    3.386
            0.276190  0.478376  0.000000
  -61.535  -35.785  -35.766  -35.664  -14.750  -12.922   -7.868   -6.861   -6.180   -5.513
   -4.369   -3.565   -2.259   -1.654   -1.616   -1.198   -0.470    0.198    1.041    1.537
    2.233    3.286
            0.266667  0.461880  0.000000
  -61.536  -35.786  -35.767  -35.652  -14.793  -12.961   -7.856   -6.776   -6.196   -5.500
   -4.327   -3.519   -2.288   -1.680   -1.656   -1.133   -0.543    0.205    1.017    1.610
    2.226    3.192
            0.257143  0.445385  0.000000
  -61.537  -35.786  -35.769  -35.641  -14.841  -13.005   -7.831   -6.690   -6.211   -5.486
   -4.280   -3.469   -2.322   -1.734   -1.666   -1.072   -0.609    0.208    0.989    1.676
    2.209    3.114
            0.247619  0.428889  0.000000
  -61.538  -35.783  -35.771  -35.629  -14.897  -13.054   -7.792   -6.608   -6.220   -5.470
   -4.230   -3.416   -2.358   -1.789   -1.670   -1.023   -0.658    0.204    0.961    1.732
    2.176    3.058
            0.238095  0.412393  0.000000
  -61.540  -35.780  -35.773  -35.618  -14.958  -13.108   -7.740   -6.541   -6.214   -5.452
   -4.179   -3.362   -2.397   -1.840   -1.670   -1.002   -0.678    0.191    0.939    1.774
    2.124    3.026
            0.228571  0.395898  0.000000
  -61.541  -35.778  -35.772  -35.607  -15.025  -13.166   -7.674   -6.503   -6.179   -5.430
   -4.130   -3.306   -2.436   -1.884   -1.668   -1.018   -0.660    0.166    0.927    1.800
    2.061    3.015
            0.219048  0.379402  0.000000
  -61.543  -35.781  -35.764  -35.596  -15.096  -13.227   -7.595   -6.499   -6.111   -5.405
   -4.084   -3.253   -2.473   -1.919   -1.663   -1.060   -0.618    0.128    0.928    1.805
    2.000    3.016
            0.209524  0.362906  0.000000
  -61.544  -35.784  -35.755  -35.586  -15.172  -13.291   -7.504   -6.521   -6.021   -5.375
   -4.043   -3.203   -2.505   -1.942   -1.656   -1.112   -0.570    0.080    0.942    1.784
    1.955    3.021
            0.200000  0.346410  0.000000
  -61.546  -35.787  -35.744  -35.576  -15.250  -13.357   -7.402   -6.558   -5.921   -5.339
   -4.008   -3.159   -2.529   -1.954   -1.648   -1.166   -0.529    0.028    0.969    1.743
    1.928    3.025
            0.190476  0.329915  0.000000
  -61.548  -35.791  -35.731  -35.566  -15.331  -13.424   -7.289   -6.604   -5.820   -5.297
   -3.980   -3.124   -2.543   -1.955   -1.637   -1.217   -0.505   -0.022    1.006    1.700
    1.909    3.023
            0.180952  0.313419  0.000000
  -61.550  -35.795  -35.717  -35.557  -15.414  -13.492   -7.168   -6.657   -5.721   -5.247
   -3.957   -3.099   -2.545   -1.945   -1.626   -1.263   -0.505   -0.062    1.051    1.668
    1.892    3.011
            0.171429  0.296923  0.000000
  -61.552  -35.799  -35.702  -35.548  -15.498  -13.560   -7.039   -6.715   -5.629   -5.190
   -3.939   -3.082   -2.536   -1.925   -1.614   -1.302   -0.533   -0.089    1.104    1.652
    1.874    2.988
            0.161905  0.280427  0.000000
  -61.554  -35.803  -35.686  -35.539  -15.581  -13.628   -6.907   -6.774   -5.546   -5.127
   -3.923   -3.072   -2.519   -1.900   -1.601   -1.331   -0.582   -0.106    1.164    1.652
    1.859    2.952
            0.152381  0.263932  0.000000
  -61.556  -35.807  -35.669  -35.531  -15.664  -13.694   -6.858   -6.747   -5.473   -5.061
   -3.907   -3.067   -2.496   -1.871   -1.589   -1.349   -0.640   -0.121    1.230    1.666
    1.850    2.905
            0.142857  0.247436  0.000000
  -61.558  -35.811  -35.652  -35.523  -15.746  -13.759   -6.921   -6.607   -5.408   -4.997
   -3.887   -3.064   -2.471   -1.843   -1.578   -1.354   -0.701   -0.137    1.303    1.687
    1.853    2.848
            0.133333  0.230940  0.000000
  -61.560  -35.815  -35.634  -35.516  -15.825  -13.821   -6.990   -6.460   -5.350   -4.940
   -3.860   -3.062   -2.443   -1.820   -1.572   -1.343   -0.757   -0.158    1.383    1.706
    1.874    2.782
            0.123810  0.214444  0.000000
  -61.562  -35.819  -35.616  -35.510  -15.902  -13.881   -7.061   -6.310   -5.298   -4.893
   -3.823   -3.059   -2.415   -1.804   -1.568   -1.318   -0.804   -0.182    1.469    1.719
    1.916    2.711
            0.114286  0.197949  0.000000
  -61.564  -35.823  -35.598  -35.503  -15.975  -13.939   -7.131   -6.161   -5.252   -4.860
   -3.775   -3.057   -2.387   -1.797   -1.567   -1.282   -0.841   -0.210    1.561    1.730
    1.972    2.638
            0.104762  0.181453  0.000000
  -61.566  -35.827  -35.580  -35.498  -16.044  -13.993   -7.200   -6.013   -5.210   -4.840
   -3.716   -3.054   -2.357   -1.798   -1.566   -1.237   -0.866   -0.239    1.659    1.745
    2.033    2.565
            0.095238  0.164957  0.000000
  -61.568  -35.830  -35.563  -35.493  -16.109  -14.043   -7.267   -5.870   -5.173   -4.832
   -3.649   -3.053   -2.325   -1.805   -1.568   -1.189   -0.881   -0.268    1.756    1.772
    2.093    2.496
            0.085714  0.148462  0.000000
  -61.570  -35.834  -35.547  -35.488  -16.170  -14.089   -7.330   -5.731   -5.140   -4.834
   -3.576   -3.053   -2.290   -1.815   -1.574   -1.139   -0.885   -0.298    1.794    1.866
    2.143    2.435
            0.076190  0.131966  0.000000
  -61.571  -35.837  -35.532  -35.484  -16.225  -14.132   -7.390   -5.601   -5.112   -4.843
   -3.500   -3.055   -2.252   -1.827   -1.586   -1.089   -0.882   -0.325    1.831    1.969
    2.174    2.389
            0.066667  0.115470  0.000000
  -61.573  -35.840  -35.518  -35.480  -16.274  -14.170   -7.444   -5.479   -5.088   -4.855
   -3.423   -3.059   -2.211   -1.838   -1.605   -1.039   -0.874   -0.351    1.874    2.057
    2.187    2.355
            0.057143  0.098974  0.000000
  -61.574  -35.842  -35.505  -35.477  -16.317  -14.203   -7.493   -5.368   -5.069   -4.870
   -3.349   -3.065   -2.167   -1.848   -1.631   -0.991   -0.862   -0.375    1.921    2.080
    2.235    2.314
            0.047619  0.082479  0.000000
  -61.575  -35.844  -35.494  -35.474  -16.355  -14.232   -7.535   -5.271   -5.054   -4.884
   -3.280   -3.072   -2.121   -1.857   -1.663   -0.946   -0.850   -0.396    1.967    2.049
    2.265    2.324
            0.038095  0.065983  0.000000
  -61.576  -35.846  -35.485  -35.472  -16.385  -14.255   -7.570   -5.187   -5.043   -4.898
   -3.219   -3.079   -2.073   -1.865   -1.701   -0.905   -0.838   -0.415    1.981    2.038
    2.220    2.415
            0.028571  0.049487  0.000000
  -61.577  -35.848  -35.478  -35.470  -16.410  -14.274   -7.598   -5.120   -5.036   -4.909
   -3.167   -3.086   -2.025   -1.871   -1.742   -0.869   -0.829   -0.430    1.946    2.074
    2.184    2.496
            0.019048  0.032991  0.000000
  -61.577  -35.849  -35.472  -35.469  -16.427  -14.287   -7.618   -5.070   -5.031   -4.918
   -3.128   -3.091   -1.976   -1.875   -1.787   -0.841   -0.822   -0.443    1.913    2.107
    2.158    2.560
            0.009524  0.016496  0.000000
  -61.578  -35.849  -35.469  -35.468  -16.437  -14.295   -7.631   -5.039   -5.029   -4.924
   -3.104   -3.095   -1.928   -1.877   -1.833   -0.823   -0.818   -0.451    1.891    2.129
    2.142    2.602
            0.000000  0.000000  0.000000
  -61.578  -35.849  -35.468  -35.468  -16.441  -14.297   -7.635   -5.028   -5.028   -4.927
   -3.096   -3.096   -1.882   -1.878   -1.878   -0.816   -0.816   -0.453    1.884    2.137
    2.137    2.616
