 &plot nbnd=  17, nks=   100 /
            0.000000  0.000000  0.000000
  -61.293  -35.431  -35.203  -35.203  -14.449  -13.242   -5.972   -2.834   -2.834   -2.300
   -1.756   -1.756   -0.556    2.374    2.374    2.541    2.541
            0.013514  0.007802  0.000000
  -61.293  -35.431  -35.204  -35.203  -14.446  -13.240   -5.969   -2.841   -2.831   -2.315
   -1.761   -1.745   -0.557    2.369    2.379    2.532    2.538
            0.027027  0.015604  0.000000
  -61.293  -35.431  -35.206  -35.204  -14.438  -13.237   -5.959   -2.861   -2.823   -2.357
   -1.775   -1.716   -0.559    2.355    2.394    2.505    2.528
            0.040541  0.023406  0.000000
  -61.293  -35.430  -35.210  -35.205  -14.424  -13.231   -5.943   -2.893   -2.808   -2.418
   -1.798   -1.676   -0.563    2.333    2.418    2.463    2.513
            0.054054  0.031208  0.000000
  -61.292  -35.429  -35.214  -35.206  -14.405  -13.222   -5.920   -2.938   -2.789   -2.493
   -1.829   -1.632   -0.570    2.304    2.406    2.450    2.492
            0.067568  0.039010  0.000000
  -61.291  -35.428  -35.221  -35.207  -14.380  -13.211   -5.892   -2.994   -2.763   -2.576
   -1.868   -1.589   -0.579    2.272    2.339    2.465    2.490
            0.081081  0.046812  0.000000
  -61.291  -35.426  -35.228  -35.209  -14.351  -13.198   -5.857   -3.060   -2.733   -2.665
   -1.914   -1.552   -0.591    2.239    2.264    2.434    2.538
            0.094595  0.054614  0.000000
  -61.290  -35.425  -35.237  -35.211  -14.316  -13.182   -5.818   -3.135   -2.758   -2.697
   -1.966   -1.521   -0.608    2.184    2.208    2.399    2.591
            0.108108  0.062416  0.000000
  -61.289  -35.423  -35.247  -35.213  -14.276  -13.165   -5.773   -3.218   -2.854   -2.656
   -2.023   -1.499   -0.628    2.102    2.181    2.360    2.650
            0.121622  0.070218  0.000000
  -61.288  -35.421  -35.257  -35.216  -14.232  -13.145   -5.724   -3.306   -2.953   -2.611
   -2.085   -1.487   -0.655    2.021    2.161    2.319    2.712
            0.135135  0.078020  0.000000
  -61.287  -35.418  -35.269  -35.218  -14.183  -13.123   -5.672   -3.399   -3.053   -2.561
   -2.150   -1.485   -0.687    1.944    2.150    2.275    2.777
            0.148649  0.085822  0.000000
  -61.285  -35.416  -35.282  -35.221  -14.129  -13.099   -5.617   -3.496   -3.155   -2.507
   -2.218   -1.494   -0.726    1.874    2.149    2.231    2.845
            0.162162  0.093624  0.000000
  -61.284  -35.413  -35.296  -35.224  -14.072  -13.073   -5.561   -3.594   -3.258   -2.450
   -2.288   -1.514   -0.771    1.811    2.160    2.185    2.913
            0.175676  0.101426  0.000000
  -61.282  -35.410  -35.310  -35.228  -14.010  -13.046   -5.505   -3.691   -3.363   -2.389
   -2.359   -1.542   -0.823    1.757    2.140    2.181    2.981
            0.189189  0.109228  0.000000
  -61.281  -35.407  -35.325  -35.231  -13.945  -13.017   -5.451   -3.787   -3.468   -2.431
   -2.325   -1.579   -0.881    1.714    2.096    2.214    3.048
            0.202703  0.117030  0.000000
  -61.279  -35.404  -35.340  -35.235  -13.876  -12.986   -5.402   -3.879   -3.574   -2.503
   -2.260   -1.622   -0.944    1.683    2.053    2.257    3.114
            0.216216  0.124832  0.000000
  -61.278  -35.401  -35.356  -35.238  -13.804  -12.954   -5.359   -3.964   -3.681   -2.575
   -2.192   -1.671   -1.010    1.662    2.013    2.309    3.179
            0.229730  0.132635  0.000000
  -61.276  -35.398  -35.372  -35.242  -13.730  -12.921   -5.325   -4.040   -3.788   -2.645
   -2.123   -1.723   -1.077    1.653    1.975    2.369    3.240
            0.243243  0.140437  0.000000
  -61.275  -35.395  -35.388  -35.246  -13.654  -12.888   -5.305   -4.105   -3.895   -2.714
   -2.053   -1.778   -1.143    1.653    1.940    2.435    3.299
            0.256757  0.148239  0.000000
  -61.273  -35.404  -35.391  -35.249  -13.575  -12.853   -5.300   -4.157   -4.001   -2.781
   -1.984   -1.834   -1.206    1.663    1.909    2.506    3.355
            0.270270  0.156041  0.000000
  -61.271  -35.420  -35.388  -35.253  -13.496  -12.818   -5.312   -4.195   -4.107   -2.846
   -1.915   -1.889   -1.262    1.682    1.882    2.581    3.408
            0.283784  0.163843  0.000000
  -61.270  -35.436  -35.385  -35.257  -13.415  -12.783   -5.341   -4.221   -4.211   -2.909
   -1.943   -1.847   -1.311    1.708    1.860    2.658    3.457
            0.297297  0.171645  0.000000
  -61.268  -35.451  -35.382  -35.261  -13.334  -12.748   -5.384   -4.313   -4.238   -2.969
   -1.995   -1.781   -1.350    1.741    1.842    2.735    3.502
            0.310811  0.179447  0.000000
  -61.266  -35.466  -35.379  -35.264  -13.254  -12.713   -5.440   -4.413   -4.248   -3.026
   -2.045   -1.717   -1.377    1.780    1.829    2.812    3.544
            0.324324  0.187249  0.000000
  -61.265  -35.481  -35.376  -35.267  -13.174  -12.679   -5.503   -4.510   -4.256   -3.080
   -2.091   -1.657   -1.391    1.820    1.823    2.888    3.582
            0.337838  0.195051  0.000000
  -61.263  -35.495  -35.373  -35.271  -13.096  -12.645   -5.572   -4.603   -4.263   -3.131
   -2.135   -1.600   -1.393    1.816    1.870    2.960    3.616
            0.351351  0.202853  0.000000
  -61.262  -35.508  -35.370  -35.274  -13.020  -12.613   -5.644   -4.691   -4.273   -3.178
   -2.174   -1.546   -1.382    1.816    1.921    3.029    3.647
            0.364865  0.210655  0.000000
  -61.261  -35.520  -35.368  -35.277  -12.947  -12.582   -5.715   -4.775   -4.285   -3.222
   -2.210   -1.497   -1.361    1.820    1.974    3.092    3.675
            0.378378  0.218457  0.000000
  -61.260  -35.531  -35.366  -35.279  -12.878  -12.553   -5.785   -4.853   -4.300   -3.261
   -2.243   -1.453   -1.330    1.827    2.028    3.151    3.699
            0.391892  0.226259  0.000000
  -61.258  -35.542  -35.363  -35.282  -12.813  -12.526   -5.852   -4.924   -4.317   -3.297
   -2.272   -1.413   -1.293    1.837    2.082    3.203    3.720
            0.405405  0.234061  0.000000
  -61.257  -35.551  -35.361  -35.284  -12.753  -12.502   -5.915   -4.989   -4.336   -3.329
   -2.297   -1.378   -1.251    1.848    2.136    3.249    3.739
            0.418919  0.241863  0.000000
  -61.257  -35.559  -35.360  -35.286  -12.700  -12.480   -5.972   -5.046   -4.354   -3.357
   -2.318   -1.348   -1.209    1.860    2.188    3.289    3.754
            0.432432  0.249665  0.000000
  -61.256  -35.566  -35.358  -35.288  -12.653  -12.461   -6.022   -5.095   -4.372   -3.380
   -2.336   -1.323   -1.167    1.873    2.237    3.322    3.767
            0.445946  0.257467  0.000000
  -61.255  -35.572  -35.357  -35.289  -12.614  -12.445   -6.064   -5.136   -4.388   -3.400
   -2.351   -1.302   -1.129    1.884    2.280    3.349    3.778
            0.459459  0.265269  0.000000
  -61.255  -35.577  -35.356  -35.290  -12.583  -12.432   -6.097   -5.169   -4.401   -3.415
   -2.362   -1.286   -1.098    1.894    2.317    3.369    3.786
            0.472973  0.273071  0.000000
  -61.254  -35.580  -35.355  -35.291  -12.560  -12.423   -6.122   -5.192   -4.411   -3.426
   -2.370   -1.275   -1.074    1.901    2.345    3.384    3.791
            0.486486  0.280873  0.000000
  -61.254  -35.582  -35.355  -35.291  -12.546  -12.417   -6.137   -5.206   -4.417   -3.432
   -2.375   -1.268   -1.059    1.906    2.362    3.393    3.795
            0.500000  0.288675  0.000000
  -61.254  -35.583  -35.355  -35.292  -12.542  -12.415   -6.142   -5.210   -4.420   -3.435
   -2.376   -1.266   -1.053    1.908    2.368    3.395    3.796
            0.493827  0.299367  0.000000
  -61.254  -35.583  -35.355  -35.292  -12.541  -12.415   -6.140   -5.212   -4.419   -3.436
   -2.376   -1.291   -1.036    1.908    2.369    3.399    3.788
            0.487654  0.310058  0.000000
  -61.254  -35.582  -35.355  -35.293  -12.538  -12.413   -6.133   -5.216   -4.416   -3.440
   -2.374   -1.352   -0.998    1.909    2.372    3.409    3.766
            0.481481  0.320750  0.000000
  -61.254  -35.581  -35.355  -35.295  -12.535  -12.411   -6.122   -5.222   -4.412   -3.447
   -2.370   -1.433   -0.957    1.911    2.378    3.426    3.731
            0.475309  0.331442  0.000000
  -61.254  -35.580  -35.354  -35.297  -12.529  -12.407   -6.106   -5.231   -4.406   -3.455
   -2.366   -1.525   -0.917    1.912    2.386    3.449    3.684
            0.469136  0.342133  0.000000
  -61.254  -35.578  -35.354  -35.301  -12.523  -12.403   -6.086   -5.243   -4.399   -3.465
   -2.362   -1.627   -0.881    1.913    2.397    3.475    3.630
            0.462963  0.352825  0.000000
  -61.254  -35.576  -35.354  -35.304  -12.514  -12.398   -6.062   -5.257   -4.390   -3.476
   -2.358   -1.737   -0.849    1.912    2.411    3.493    3.582
            0.456790  0.363517  0.000000
  -61.253  -35.574  -35.354  -35.309  -12.505  -12.392   -6.033   -5.274   -4.380   -3.486
   -2.354   -1.854   -0.821    1.908    2.429    3.460    3.584
            0.450617  0.374209  0.000000
  -61.253  -35.572  -35.353  -35.314  -12.494  -12.385   -6.001   -5.293   -4.368   -3.496
   -2.352   -1.977   -0.795    1.901    2.451    3.392    3.622
            0.444444  0.384900  0.000000
  -61.253  -35.569  -35.353  -35.320  -12.483  -12.377   -5.964   -5.315   -4.356   -3.504
   -2.351   -2.105   -0.772    1.891    2.477    3.316    3.670
            0.438272  0.395592  0.000000
  -61.253  -35.565  -35.352  -35.326  -12.470  -12.369   -5.923   -5.340   -4.343   -3.510
   -2.352   -2.237   -0.751    1.876    2.507    3.237    3.724
            0.432099  0.406284  0.000000
  -61.252  -35.562  -35.352  -35.333  -12.456  -12.361   -5.879   -5.366   -4.329   -3.514
   -2.372   -2.356   -0.730    1.858    2.540    3.159    3.780
            0.425926  0.416975  0.000000
  -61.252  -35.558  -35.351  -35.340  -12.442  -12.351   -5.831   -5.394   -4.315   -3.515
   -2.510   -2.362   -0.710    1.835    2.576    3.082    3.839
            0.419753  0.427667  0.000000
  -61.252  -35.554  -35.351  -35.347  -12.427  -12.342   -5.779   -5.424   -4.301   -3.514
   -2.648   -2.371   -0.689    1.808    2.615    3.008    3.898
            0.413580  0.438359  0.000000
  -61.252  -35.550  -35.355  -35.350  -12.412  -12.332   -5.724   -5.454   -4.287   -3.509
   -2.788   -2.382   -0.668    1.778    2.656    2.938    3.958
            0.407407  0.449050  0.000000
  -61.251  -35.545  -35.363  -35.350  -12.396  -12.322   -5.666   -5.486   -4.274   -3.501
   -2.926   -2.397   -0.645    1.745    2.699    2.872    4.017
            0.401235  0.459742  0.000000
  -61.251  -35.540  -35.372  -35.349  -12.380  -12.313   -5.606   -5.517   -4.262   -3.490
   -3.063   -2.415   -0.622    1.710    2.742    2.811    4.075
            0.395062  0.470434  0.000000
  -61.251  -35.535  -35.380  -35.349  -12.365  -12.303   -5.548   -5.542   -4.252   -3.476
   -3.196   -2.435   -0.597    1.672    2.755    2.785    4.130
            0.388889  0.481125  0.000000
  -61.251  -35.530  -35.389  -35.348  -12.350  -12.294   -5.578   -5.477   -4.244   -3.459
   -3.325   -2.457   -0.571    1.633    2.705    2.828    4.182
            0.382716  0.491817  0.000000
  -61.250  -35.524  -35.397  -35.348  -12.335  -12.285   -5.607   -5.409   -4.240   -3.448
   -3.441   -2.481   -0.543    1.594    2.661    2.869    4.231
            0.376543  0.502509  0.000000
  -61.250  -35.519  -35.406  -35.347  -12.321  -12.277   -5.634   -5.341   -4.242   -3.561
   -3.421   -2.507   -0.516    1.555    2.623    2.909    4.274
            0.370370  0.513200  0.000000
  -61.250  -35.513  -35.414  -35.347  -12.309  -12.269   -5.659   -5.271   -4.251   -3.662
   -3.400   -2.533   -0.489    1.517    2.590    2.946    4.313
            0.364198  0.523892  0.000000
  -61.250  -35.507  -35.422  -35.346  -12.297  -12.262   -5.681   -5.203   -4.271   -3.747
   -3.379   -2.559   -0.462    1.482    2.563    2.979    4.346
            0.358025  0.534584  0.000000
  -61.250  -35.502  -35.430  -35.346  -12.287  -12.257   -5.700   -5.136   -4.302   -3.812
   -3.359   -2.584   -0.438    1.451    2.542    3.009    4.373
            0.351852  0.545275  0.000000
  -61.249  -35.497  -35.437  -35.346  -12.279  -12.252   -5.715   -5.075   -4.343   -3.856
   -3.341   -2.606   -0.418    1.425    2.527    3.033    4.394
            0.345679  0.555967  0.000000
  -61.249  -35.492  -35.442  -35.346  -12.273  -12.248   -5.726   -5.022   -4.386   -3.882
   -3.326   -2.623   -0.401    1.405    2.516    3.051    4.409
            0.339506  0.566659  0.000000
  -61.249  -35.489  -35.446  -35.345  -12.269  -12.246   -5.733   -4.985   -4.420   -3.895
   -3.317   -2.635   -0.391    1.392    2.510    3.063    4.418
            0.333333  0.577350  0.000000
  -61.249  -35.488  -35.448  -35.345  -12.268  -12.245   -5.736   -4.972   -4.433   -3.899
   -3.313   -2.639   -0.387    1.388    2.508    3.067    4.421
            0.323810  0.560855  0.000000
  -61.249  -35.490  -35.445  -35.346  -12.271  -12.247   -5.730   -5.002   -4.402   -3.892
   -3.322   -2.628   -0.397    1.398    2.512    3.057    4.415
            0.314286  0.544359  0.000000
  -61.249  -35.496  -35.437  -35.346  -12.282  -12.253   -5.712   -5.072   -4.324   -3.874
   -3.346   -2.598   -0.424    1.429    2.523    3.026    4.396
            0.304762  0.527863  0.000000
  -61.250  -35.502  -35.428  -35.346  -12.300  -12.263   -5.681   -5.156   -4.228   -3.844
   -3.384   -2.550   -0.469    1.476    2.538    2.975    4.366
            0.295238  0.511367  0.000000
  -61.250  -35.507  -35.417  -35.347  -12.327  -12.277   -5.637   -5.237   -4.134   -3.796
   -3.430   -2.488   -0.528    1.534    2.556    2.905    4.329
            0.285714  0.494872  0.000000
  -61.251  -35.511  -35.406  -35.348  -12.363  -12.295   -5.579   -5.309   -4.059   -3.723
   -3.479   -2.417   -0.596    1.596    2.574    2.819    4.286
            0.276190  0.478376  0.000000
  -61.251  -35.514  -35.395  -35.350  -12.407  -12.317   -5.509   -5.368   -4.009   -3.624
   -3.529   -2.339   -0.670    1.656    2.589    2.723    4.239
            0.266667  0.461880  0.000000
  -61.252  -35.515  -35.384  -35.351  -12.460  -12.342   -5.425   -5.412   -3.980   -3.577
   -3.504   -2.257   -0.745    1.705    2.599    2.622    4.191
            0.257143  0.445384  0.000000
  -61.253  -35.514  -35.372  -35.353  -12.521  -12.372   -5.442   -5.329   -3.966   -3.620
   -3.374   -2.173   -0.818    1.737    2.523    2.602    4.143
            0.247619  0.428889  0.000000
  -61.254  -35.512  -35.361  -35.356  -12.591  -12.405   -5.456   -5.221   -3.964   -3.657
   -3.238   -2.089   -0.888    1.745    2.434    2.596    4.098
            0.238095  0.412393  0.000000
  -61.256  -35.508  -35.358  -35.350  -12.667  -12.440   -5.456   -5.102   -3.971   -3.687
   -3.101   -2.005   -0.951    1.728    2.359    2.580    4.055
            0.228571  0.395897  0.000000
  -61.257  -35.502  -35.361  -35.340  -12.750  -12.479   -5.443   -4.972   -3.987   -3.708
   -2.965   -1.923   -1.007    1.686    2.301    2.554    4.014
            0.219048  0.379402  0.000000
  -61.259  -35.494  -35.364  -35.329  -12.839  -12.519   -5.419   -4.834   -4.011   -3.720
   -2.832   -1.844   -1.056    1.630    2.253    2.520    3.973
            0.209524  0.362906  0.000000
  -61.260  -35.485  -35.367  -35.319  -12.932  -12.562   -5.385   -4.688   -4.042   -3.721
   -2.703   -1.769   -1.098    1.569    2.213    2.477    3.932
            0.200000  0.346410  0.000000
  -61.262  -35.474  -35.370  -35.309  -13.028  -12.606   -5.346   -4.536   -4.076   -3.709
   -2.581   -1.698   -1.132    1.513    2.174    2.429    3.888
            0.190476  0.329914  0.000000
  -61.264  -35.462  -35.374  -35.299  -13.127  -12.650   -5.304   -4.381   -4.110   -3.685
   -2.470   -1.633   -1.160    1.468    2.137    2.377    3.839
            0.180952  0.313419  0.000000
  -61.266  -35.448  -35.378  -35.290  -13.228  -12.696   -5.264   -4.227   -4.140   -3.644
   -2.372   -1.574   -1.178    1.439    2.101    2.324    3.783
            0.171429  0.296923  0.000000
  -61.268  -35.433  -35.382  -35.281  -13.329  -12.741   -5.233   -4.158   -4.079   -3.583
   -2.294   -1.521   -1.184    1.427    2.068    2.272    3.720
            0.161905  0.280427  0.000000
  -61.270  -35.417  -35.386  -35.273  -13.430  -12.786   -5.216   -4.159   -3.941   -3.498
   -2.239   -1.475   -1.174    1.432    2.041    2.221    3.648
            0.152381  0.263932  0.000000
  -61.272  -35.400  -35.390  -35.265  -13.530  -12.831   -5.218   -4.137   -3.820   -3.386
   -2.213   -1.436   -1.147    1.453    2.021    2.175    3.569
            0.142857  0.247436  0.000000
  -61.274  -35.394  -35.383  -35.258  -13.627  -12.874   -5.241   -4.090   -3.713   -3.251
   -2.213   -1.405   -1.101    1.487    2.013    2.135    3.483
            0.133333  0.230940  0.000000
  -61.276  -35.398  -35.366  -35.251  -13.722  -12.917   -5.282   -4.021   -3.614   -3.101
   -2.237   -1.382   -1.041    1.532    2.017    2.102    3.391
            0.123810  0.214444  0.000000
  -61.278  -35.401  -35.348  -35.244  -13.813  -12.957   -5.338   -3.933   -3.518   -2.944
   -2.279   -1.367   -0.974    1.586    2.035    2.078    3.293
            0.114286  0.197949  0.000000
  -61.280  -35.405  -35.330  -35.238  -13.900  -12.996   -5.403   -3.832   -3.421   -2.786
   -2.332   -1.359   -0.904    1.646    2.063    2.066    3.192
            0.104762  0.181453  0.000000
  -61.282  -35.409  -35.313  -35.232  -13.982  -13.033   -5.473   -3.722   -3.322   -2.631
   -2.393   -1.360   -0.837    1.715    2.058    2.109    3.090
            0.095238  0.164957  0.000000
  -61.284  -35.412  -35.296  -35.227  -14.059  -13.067   -5.544   -3.606   -3.219   -2.484
   -2.456   -1.369   -0.775    1.791    2.064    2.160    2.988
            0.085714  0.148461  0.000000
  -61.285  -35.416  -35.280  -35.223  -14.130  -13.099   -5.615   -3.489   -3.112   -2.519
   -2.348   -1.386   -0.722    1.874    2.080    2.216    2.888
            0.076190  0.131966  0.000000
  -61.287  -35.419  -35.266  -35.219  -14.195  -13.128   -5.683   -3.374   -3.003   -2.579
   -2.223   -1.411   -0.677    1.966    2.107    2.273    2.793
            0.066667  0.115470  0.000000
  -61.288  -35.422  -35.252  -35.215  -14.253  -13.154   -5.746   -3.263   -2.892   -2.635
   -2.112   -1.445   -0.641    2.062    2.142    2.329    2.703
            0.057143  0.098974  0.000000
  -61.290  -35.424  -35.240  -35.212  -14.304  -13.177   -5.803   -3.160   -2.781   -2.686
   -2.016   -1.486   -0.613    2.161    2.184    2.381    2.621
            0.047619  0.082479  0.000000
  -61.291  -35.426  -35.229  -35.209  -14.348  -13.196   -5.853   -3.067   -2.730   -2.671
   -1.935   -1.534   -0.593    2.228    2.258    2.428    2.549
            0.038095  0.065983  0.000000
  -61.292  -35.428  -35.220  -35.207  -14.384  -13.212   -5.895   -2.987   -2.767   -2.565
   -1.870   -1.588   -0.578    2.273    2.348    2.467    2.488
            0.028571  0.049487  0.000000
  -61.292  -35.429  -35.213  -35.205  -14.412  -13.225   -5.928   -2.922   -2.796   -2.466
   -1.820   -1.645   -0.567    2.314    2.427    2.439    2.499
            0.019048  0.032991  0.000000
  -61.293  -35.430  -35.207  -35.204  -14.432  -13.234   -5.953   -2.874   -2.817   -2.382
   -1.784   -1.699   -0.561    2.346    2.403    2.488    2.522
            0.009524  0.016496  0.000000
  -61.293  -35.431  -35.204  -35.204  -14.445  -13.240   -5.967   -2.844   -2.830   -2.322
   -1.763   -1.740   -0.557    2.367    2.382    2.527    2.536
            0.000000  0.000000  0.000000
  -61.293  -35.431  -35.203  -35.203  -14.449  -13.242   -5.972   -2.834   -2.834   -2.300
   -1.756   -1.756   -0.556    2.374    2.374    2.541    2.541
