 &plot nbnd=   9, nks=   100 /
            0.000000  0.000000  0.000000
   -7.249   -5.880   -5.508   -5.474   -4.681   -4.680   -2.145    0.611    1.010
            0.013514  0.007802  0.000000
   -7.245   -5.879   -5.508   -5.474   -4.683   -4.680   -2.140    0.614    1.014
            0.027027  0.015604  0.000000
   -7.234   -5.878   -5.508   -5.473   -4.688   -4.681   -2.126    0.625    1.025
            0.040541  0.023406  0.000000
   -7.215   -5.875   -5.508   -5.470   -4.696   -4.682   -2.101    0.643    1.043
            0.054054  0.031208  0.000000
   -7.189   -5.870   -5.510   -5.466   -4.707   -4.683   -2.067    0.668    1.069
            0.067568  0.039010  0.000000
   -7.156   -5.865   -5.513   -5.459   -4.721   -4.685   -2.024    0.700    1.102
            0.081081  0.046812  0.000000
   -7.116   -5.858   -5.517   -5.451   -4.737   -4.687   -1.972    0.740    1.142
            0.094595  0.054614  0.000000
   -7.069   -5.850   -5.522   -5.440   -4.756   -4.689   -1.911    0.786    1.189
            0.108108  0.062416  0.000000
   -7.016   -5.841   -5.528   -5.427   -4.776   -4.691   -1.842    0.840    1.243
            0.121622  0.070218  0.000000
   -6.956   -5.830   -5.534   -5.412   -4.798   -4.694   -1.764    0.901    1.305
            0.135135  0.078020  0.000000
   -6.891   -5.818   -5.539   -5.396   -4.821   -4.697   -1.679    0.970    1.374
            0.148649  0.085822  0.000000
   -6.821   -5.804   -5.543   -5.379   -4.844   -4.700   -1.586    1.045    1.450
            0.162162  0.093624  0.000000
   -6.746   -5.789   -5.545   -5.360   -4.869   -4.704   -1.486    1.128    1.533
            0.175676  0.101426  0.000000
   -6.669   -5.774   -5.543   -5.339   -4.894   -4.708   -1.379    1.217    1.624
            0.189189  0.109228  0.000000
   -6.590   -5.759   -5.534   -5.318   -4.918   -4.711   -1.265    1.314    1.722
            0.202703  0.117031  0.000000
   -6.512   -5.746   -5.515   -5.296   -4.943   -4.715   -1.144    1.419    1.827
            0.216216  0.124833  0.000000
   -6.437   -5.736   -5.482   -5.273   -4.968   -4.719   -1.017    1.530    1.939
            0.229730  0.132635  0.000000
   -6.367   -5.730   -5.432   -5.250   -4.992   -4.723   -0.884    1.649    2.059
            0.243243  0.140437  0.000000
   -6.304   -5.728   -5.363   -5.226   -5.015   -4.727   -0.744    1.774    2.186
            0.256757  0.148239  0.000000
   -6.250   -5.728   -5.276   -5.201   -5.037   -4.731   -0.598    1.907    2.320
            0.270270  0.156041  0.000000
   -6.206   -5.729   -5.184   -5.165   -5.056   -4.735   -0.446    2.047    2.461
            0.283784  0.163843  0.000000
   -6.171   -5.731   -5.155   -5.095   -5.028   -4.739   -0.289    2.193    2.610
            0.297297  0.171645  0.000000
   -6.145   -5.732   -5.131   -5.106   -4.896   -4.743   -0.126    2.346    2.764
            0.310811  0.179447  0.000000
   -6.125   -5.733   -5.124   -5.107   -4.748   -4.742    0.042    2.500    2.918
            0.324324  0.187249  0.000000
   -6.111   -5.733   -5.142   -5.085   -4.750   -4.576    0.216    2.631    2.915
            0.337838  0.195051  0.000000
   -6.102   -5.733   -5.158   -5.063   -4.754   -4.397    0.394    2.470    2.902
            0.351351  0.202853  0.000000
   -6.096   -5.731   -5.174   -5.042   -4.757   -4.207    0.577    2.128    3.067
            0.364865  0.210655  0.000000
   -6.093   -5.729   -5.188   -5.023   -4.759   -4.007    0.763    1.775    3.253
            0.378378  0.218457  0.000000
   -6.092   -5.727   -5.201   -5.005   -4.762   -3.797    0.953    1.426    3.450
            0.391892  0.226259  0.000000
   -6.092   -5.724   -5.213   -4.988   -4.764   -3.579    1.081    1.146    3.655
            0.405405  0.234061  0.000000
   -6.094   -5.722   -5.223   -4.973   -4.766   -3.353    0.744    1.339    3.868
            0.418919  0.241863  0.000000
   -6.096   -5.719   -5.232   -4.960   -4.767   -3.120    0.414    1.530    4.089
            0.432432  0.249665  0.000000
   -6.098   -5.717   -5.240   -4.949   -4.768   -2.880    0.093    1.718    4.317
            0.445946  0.257467  0.000000
   -6.100   -5.715   -5.246   -4.940   -4.769   -2.635   -0.219    1.896    4.553
            0.459459  0.265269  0.000000
   -6.101   -5.714   -5.251   -4.933   -4.770   -2.389   -0.517    2.057    4.512
            0.472973  0.273071  0.000000
   -6.103   -5.712   -5.255   -4.928   -4.770   -2.148   -0.795    2.190    4.379
            0.486486  0.280873  0.000000
   -6.103   -5.712   -5.257   -4.925   -4.770   -1.936   -1.029    2.280    4.283
            0.500000  0.288675  0.000000
   -6.104   -5.711   -5.257   -4.924   -4.770   -1.836   -1.136    2.313    4.248
            0.493827  0.299367  0.000000
   -6.103   -5.711   -5.257   -4.925   -4.771   -1.832   -1.135    2.315    4.250
            0.487654  0.310059  0.000000
   -6.099   -5.711   -5.256   -4.930   -4.773   -1.820   -1.131    2.322    4.256
            0.481481  0.320750  0.000000
   -6.094   -5.711   -5.254   -4.937   -4.776   -1.800   -1.124    2.335    4.266
            0.475309  0.331442  0.000000
   -6.087   -5.710   -5.252   -4.948   -4.781   -1.772   -1.114    2.352    4.281
            0.469136  0.342134  0.000000
   -6.077   -5.710   -5.249   -4.961   -4.787   -1.736   -1.102    2.374    4.299
            0.462963  0.352825  0.000000
   -6.066   -5.709   -5.246   -4.977   -4.794   -1.693   -1.086    2.401    4.321
            0.456790  0.363517  0.000000
   -6.052   -5.708   -5.241   -4.996   -4.802   -1.643   -1.067    2.433    4.348
            0.450617  0.374209  0.000000
   -6.037   -5.707   -5.237   -5.016   -4.810   -1.586   -1.046    2.469    4.378
            0.444444  0.384900  0.000000
   -6.021   -5.706   -5.231   -5.039   -4.820   -1.523   -1.021    2.510    4.413
            0.438272  0.395592  0.000000
   -6.002   -5.704   -5.225   -5.063   -4.831   -1.453   -0.993    2.555    4.452
            0.432099  0.406284  0.000000
   -5.983   -5.703   -5.219   -5.088   -4.842   -1.377   -0.962    2.604    4.494
            0.425926  0.416975  0.000000
   -5.962   -5.701   -5.212   -5.115   -4.854   -1.295   -0.927    2.657    4.541
            0.419753  0.427667  0.000000
   -5.941   -5.698   -5.204   -5.142   -4.866   -1.208   -0.889    2.715    4.299
            0.413580  0.438359  0.000000
   -5.919   -5.695   -5.196   -5.169   -4.879   -1.115   -0.848    2.775    4.000
            0.407407  0.449050  0.000000
   -5.897   -5.692   -5.199   -5.187   -4.893   -1.017   -0.802    2.839    3.703
            0.401235  0.459742  0.000000
   -5.875   -5.687   -5.226   -5.178   -4.906   -0.915   -0.753    2.906    3.408
            0.395062  0.470434  0.000000
   -5.854   -5.681   -5.255   -5.169   -4.920   -0.807   -0.700    2.975    3.115
            0.388889  0.481125  0.000000
   -5.834   -5.673   -5.283   -5.159   -4.935   -0.695   -0.642    2.826    3.047
            0.382716  0.491817  0.000000
   -5.817   -5.663   -5.311   -5.148   -4.949   -0.582   -0.578    2.540    3.119
            0.376543  0.502509  0.000000
   -5.802   -5.651   -5.338   -5.138   -4.963   -0.516   -0.458    2.258    3.191
            0.370370  0.513200  0.000000
   -5.790   -5.636   -5.364   -5.127   -4.978   -0.446   -0.333    1.979    3.263
            0.364198  0.523892  0.000000
   -5.780   -5.619   -5.390   -5.116   -4.992   -0.373   -0.204    1.706    3.332
            0.358025  0.534584  0.000000
   -5.774   -5.600   -5.415   -5.104   -5.006   -0.297   -0.070    1.437    3.397
            0.351852  0.545276  0.000000
   -5.769   -5.580   -5.439   -5.093   -5.019   -0.218    0.067    1.176    3.454
            0.345679  0.555967  0.000000
   -5.766   -5.559   -5.462   -5.081   -5.033   -0.140    0.207    0.924    3.500
            0.339506  0.566659  0.000000
   -5.764   -5.540   -5.482   -5.069   -5.046   -0.071    0.352    0.691    3.532
            0.333333  0.577351  0.000000
   -5.764   -5.527   -5.496   -5.058   -5.057   -0.036    0.498    0.503    3.543
            0.323810  0.560855  0.000000
   -5.765   -5.533   -5.489   -5.075   -5.039   -0.176    0.418    0.739    3.512
            0.314286  0.544359  0.000000
   -5.768   -5.559   -5.462   -5.092   -5.020   -0.492    0.538    0.983    3.413
            0.304762  0.527863  0.000000
   -5.772   -5.584   -5.436   -5.107   -5.001   -0.842    0.715    1.237    3.252
            0.295238  0.511368  0.000000
   -5.778   -5.606   -5.414   -5.120   -4.982   -1.192    0.917    1.498    3.045
            0.285714  0.494872  0.000000
   -5.785   -5.625   -5.396   -5.131   -4.963   -1.536    1.138    1.768    2.808
            0.276190  0.478376  0.000000
   -5.794   -5.641   -5.382   -5.140   -4.945   -1.872    1.375    2.047    2.554
            0.266667  0.461880  0.000000
   -5.804   -5.655   -5.371   -5.146   -4.927   -2.197    1.627    2.292    2.334
            0.257143  0.445385  0.000000
   -5.816   -5.666   -5.365   -5.150   -4.909   -2.511    1.893    2.028    2.628
            0.247619  0.428889  0.000000
   -5.829   -5.673   -5.364   -5.152   -4.892   -2.813    1.765    2.172    2.931
            0.238095  0.412393  0.000000
   -5.844   -5.679   -5.366   -5.151   -4.876   -3.103    1.506    2.463    3.243
            0.228571  0.395898  0.000000
   -5.862   -5.681   -5.373   -5.148   -4.860   -3.380    1.252    2.764    3.562
            0.219048  0.379402  0.000000
   -5.882   -5.682   -5.384   -5.142   -4.845   -3.643    1.004    3.059    3.495
            0.209524  0.362906  0.000000
   -5.904   -5.680   -5.400   -5.134   -4.830   -3.891    0.763    3.158    3.460
            0.200000  0.346410  0.000000
   -5.931   -5.676   -5.420   -5.123   -4.817   -4.122    0.529    2.964    3.385
            0.190476  0.329915  0.000000
   -5.962   -5.670   -5.445   -5.110   -4.804   -4.335    0.304    2.751    3.171
            0.180952  0.313419  0.000000
   -6.000   -5.663   -5.474   -5.094   -4.793   -4.527    0.086    2.544    2.962
            0.171429  0.296923  0.000000
   -6.046   -5.654   -5.508   -5.076   -4.790   -4.690   -0.123    2.346    2.763
            0.161905  0.280427  0.000000
   -6.101   -5.643   -5.546   -5.056   -4.861   -4.756   -0.323    2.159    2.573
            0.152381  0.263932  0.000000
   -6.168   -5.632   -5.586   -5.034   -4.978   -4.752   -0.514    1.982    2.395
            0.142857  0.247436  0.000000
   -6.246   -5.630   -5.617   -5.078   -5.009   -4.744   -0.696    1.816    2.227
            0.133333  0.230940  0.000000
   -6.334   -5.667   -5.606   -5.158   -4.984   -4.735   -0.869    1.660    2.070
            0.123810  0.214444  0.000000
   -6.430   -5.702   -5.593   -5.222   -4.957   -4.728   -1.033    1.515    1.924
            0.114286  0.197949  0.000000
   -6.530   -5.733   -5.580   -5.274   -4.929   -4.720   -1.187    1.381    1.789
            0.104762  0.181453  0.000000
   -6.630   -5.760   -5.566   -5.317   -4.900   -4.714   -1.331    1.258    1.665
            0.095238  0.164957  0.000000
   -6.728   -5.783   -5.553   -5.353   -4.871   -4.708   -1.464    1.146    1.551
            0.085714  0.148462  0.000000
   -6.820   -5.803   -5.541   -5.384   -4.842   -4.702   -1.587    1.044    1.449
            0.076190  0.131966  0.000000
   -6.906   -5.820   -5.529   -5.410   -4.814   -4.698   -1.700    0.953    1.357
            0.066667  0.115470  0.000000
   -6.984   -5.835   -5.519   -5.432   -4.787   -4.693   -1.801    0.873    1.276
            0.057143  0.098974  0.000000
   -7.053   -5.847   -5.509   -5.451   -4.762   -4.690   -1.890    0.803    1.206
            0.047619  0.082479  0.000000
   -7.112   -5.857   -5.502   -5.465   -4.739   -4.687   -1.966    0.744    1.147
            0.038095  0.065983  0.000000
   -7.161   -5.866   -5.498   -5.475   -4.719   -4.684   -2.030    0.696    1.097
            0.028571  0.049487  0.000000
   -7.199   -5.872   -5.499   -5.478   -4.703   -4.683   -2.080    0.659    1.059
            0.019048  0.032991  0.000000
   -7.227   -5.876   -5.503   -5.476   -4.691   -4.681   -2.116    0.632    1.032
            0.009524  0.016496  0.000000
   -7.243   -5.879   -5.506   -5.475   -4.684   -4.680   -2.138    0.616    1.016
            0.000000  0.000000  0.000000
   -7.249   -5.880   -5.508   -5.474   -4.681   -4.680   -2.145    0.611    1.011
