 &plot nbnd=   9, nks=   100 /
            0.000000  0.000000  0.000000
   -6.886   -3.329   -3.311   -3.228   -3.197   -2.843   -1.977    0.678    1.012
            0.013514  0.007802  0.000000
   -6.882   -3.330   -3.311   -3.228   -3.198   -2.842   -1.971    0.681    1.016
            0.027027  0.015604  0.000000
   -6.870   -3.336   -3.312   -3.228   -3.201   -2.840   -1.952    0.692    1.027
            0.040541  0.023406  0.000000
   -6.850   -3.347   -3.312   -3.231   -3.203   -2.836   -1.921    0.710    1.046
            0.054054  0.031208  0.000000
   -6.823   -3.362   -3.311   -3.237   -3.201   -2.830   -1.879    0.734    1.072
            0.067568  0.039010  0.000000
   -6.788   -3.382   -3.311   -3.246   -3.196   -2.823   -1.826    0.766    1.105
            0.081081  0.046812  0.000000
   -6.745   -3.405   -3.311   -3.258   -3.187   -2.815   -1.764    0.805    1.146
            0.094595  0.054614  0.000000
   -6.694   -3.432   -3.311   -3.271   -3.176   -2.805   -1.693    0.851    1.194
            0.108108  0.062416  0.000000
   -6.636   -3.461   -3.313   -3.285   -3.162   -2.794   -1.613    0.904    1.250
            0.121622  0.070218  0.000000
   -6.570   -3.491   -3.315   -3.300   -3.145   -2.782   -1.526    0.964    1.313
            0.135135  0.078020  0.000000
   -6.497   -3.523   -3.322   -3.311   -3.126   -2.769   -1.432    1.032    1.383
            0.148649  0.085822  0.000000
   -6.416   -3.555   -3.335   -3.317   -3.105   -2.754   -1.332    1.106    1.461
            0.162162  0.093624  0.000000
   -6.328   -3.587   -3.351   -3.320   -3.082   -2.739   -1.224    1.188    1.546
            0.175676  0.101426  0.000000
   -6.234   -3.619   -3.367   -3.324   -3.057   -2.722   -1.111    1.276    1.638
            0.189189  0.109228  0.000000
   -6.132   -3.650   -3.383   -3.329   -3.031   -2.706   -0.991    1.372    1.738
            0.202703  0.117031  0.000000
   -6.024   -3.680   -3.399   -3.333   -3.004   -2.688   -0.866    1.475    1.845
            0.216216  0.124833  0.000000
   -5.910   -3.710   -3.413   -3.337   -2.975   -2.670   -0.734    1.585    1.959
            0.229730  0.132635  0.000000
   -5.790   -3.739   -3.426   -3.342   -2.945   -2.652   -0.597    1.703    2.081
            0.243243  0.140437  0.000000
   -5.665   -3.766   -3.436   -3.347   -2.915   -2.634   -0.454    1.827    2.210
            0.256757  0.148239  0.000000
   -5.536   -3.793   -3.443   -3.352   -2.884   -2.615   -0.305    1.959    2.345
            0.270270  0.156041  0.000000
   -5.403   -3.818   -3.446   -3.357   -2.853   -2.597   -0.151    2.098    2.485
            0.283784  0.163843  0.000000
   -5.269   -3.841   -3.444   -3.362   -2.821   -2.579    0.009    2.244    2.632
            0.297297  0.171645  0.000000
   -5.134   -3.864   -3.434   -3.367   -2.790   -2.562    0.174    2.397    2.787
            0.310811  0.179447  0.000000
   -5.001   -3.884   -3.415   -3.371   -2.760   -2.545    0.344    2.555    2.947
            0.324324  0.187249  0.000000
   -4.872   -3.904   -3.384   -3.376   -2.730   -2.528    0.520    2.717    3.107
            0.337838  0.195051  0.000000
   -4.752   -3.921   -3.380   -3.338   -2.701   -2.512    0.701    2.852    3.079
            0.351351  0.202853  0.000000
   -4.642   -3.937   -3.385   -3.273   -2.673   -2.497    0.887    2.658    3.115
            0.364865  0.210655  0.000000
   -4.548   -3.952   -3.389   -3.188   -2.647   -2.483    1.078    2.326    3.293
            0.378378  0.218457  0.000000
   -4.469   -3.965   -3.392   -3.080   -2.622   -2.470    1.272    1.992    3.487
            0.391892  0.226259  0.000000
   -4.406   -3.976   -3.396   -2.952   -2.599   -2.457    1.469    1.666    3.691
            0.405405  0.234061  0.000000
   -4.358   -3.986   -3.399   -2.805   -2.578   -2.444    1.348    1.670    3.903
            0.418919  0.241863  0.000000
   -4.323   -3.995   -3.401   -2.647   -2.559   -2.429    1.044    1.871    4.122
            0.432432  0.249665  0.000000
   -4.297   -4.002   -3.404   -2.545   -2.500   -2.393    0.756    2.070    4.349
            0.445946  0.257467  0.000000
   -4.279   -4.008   -3.405   -2.531   -2.446   -2.265    0.488    2.262    4.583
            0.459459  0.265269  0.000000
   -4.266   -4.012   -3.407   -2.521   -2.432   -2.103    0.248    2.442    4.621
            0.472973  0.273071  0.000000
   -4.258   -4.015   -3.408   -2.513   -2.426   -1.957    0.051    2.595    4.466
            0.486486  0.280873  0.000000
   -4.254   -4.017   -3.409   -2.509   -2.423   -1.851   -0.085    2.704    4.351
            0.500000  0.288675  0.000000
   -4.252   -4.018   -3.409   -2.507   -2.422   -1.812   -0.134    2.744    4.308
            0.493827  0.299367  0.000000
   -4.251   -4.017   -3.410   -2.515   -2.422   -1.802   -0.133    2.746    4.310
            0.487654  0.310059  0.000000
   -4.246   -4.016   -3.412   -2.537   -2.421   -1.773   -0.131    2.754    4.316
            0.481481  0.320750  0.000000
   -4.238   -4.014   -3.416   -2.570   -2.420   -1.727   -0.127    2.768    4.326
            0.475309  0.331442  0.000000
   -4.228   -4.010   -3.421   -2.612   -2.420   -1.670   -0.121    2.787    4.340
            0.469136  0.342134  0.000000
   -4.215   -4.006   -3.428   -2.658   -2.418   -1.602   -0.114    2.811    4.358
            0.462963  0.352825  0.000000
   -4.198   -4.000   -3.436   -2.708   -2.417   -1.526   -0.105    2.841    4.379
            0.456790  0.363517  0.000000
   -4.180   -3.994   -3.446   -2.759   -2.416   -1.445   -0.094    2.875    4.405
            0.450617  0.374209  0.000000
   -4.159   -3.987   -3.457   -2.810   -2.414   -1.358   -0.081    2.915    4.434
            0.444444  0.384900  0.000000
   -4.135   -3.978   -3.469   -2.861   -2.412   -1.266   -0.067    2.960    4.468
            0.438272  0.395592  0.000000
   -4.110   -3.968   -3.482   -2.912   -2.410   -1.171   -0.049    3.010    4.505
            0.432099  0.406284  0.000000
   -4.084   -3.956   -3.496   -2.961   -2.408   -1.071   -0.030    3.064    4.547
            0.425926  0.416975  0.000000
   -4.057   -3.943   -3.511   -3.009   -2.405   -0.969   -0.008    3.123    4.593
            0.419753  0.427667  0.000000
   -4.030   -3.927   -3.527   -3.056   -2.403   -0.862    0.016    3.186    4.642
            0.413580  0.438359  0.000000
   -4.003   -3.908   -3.543   -3.101   -2.400   -0.753    0.044    3.254    4.408
            0.407407  0.449050  0.000000
   -3.979   -3.885   -3.560   -3.145   -2.398   -0.641    0.074    3.325    4.116
            0.401235  0.459742  0.000000
   -3.957   -3.858   -3.578   -3.187   -2.395   -0.525    0.108    3.400    3.827
            0.395062  0.470434  0.000000
   -3.938   -3.828   -3.596   -3.227   -2.393   -0.406    0.145    3.478    3.541
            0.388889  0.481125  0.000000
   -3.920   -3.796   -3.614   -3.265   -2.391   -0.285    0.186    3.258    3.560
            0.382716  0.491817  0.000000
   -3.903   -3.762   -3.633   -3.301   -2.389   -0.160    0.232    2.978    3.643
            0.376543  0.502509  0.000000
   -3.887   -3.727   -3.651   -3.336   -2.386   -0.032    0.281    2.703    3.728
            0.370370  0.513200  0.000000
   -3.871   -3.693   -3.670   -3.368   -2.385    0.098    0.335    2.431    3.813
            0.364198  0.523892  0.000000
   -3.855   -3.688   -3.659   -3.399   -2.383    0.232    0.394    2.163    3.896
            0.358025  0.534584  0.000000
   -3.839   -3.706   -3.627   -3.427   -2.381    0.369    0.458    1.900    3.977
            0.351852  0.545276  0.000000
   -3.823   -3.724   -3.597   -3.454   -2.380    0.508    0.526    1.643    4.050
            0.345679  0.555967  0.000000
   -3.807   -3.741   -3.570   -3.478   -2.379    0.598    0.651    1.392    4.113
            0.339506  0.566659  0.000000
   -3.791   -3.758   -3.547   -3.499   -2.379    0.672    0.797    1.151    4.156
            0.333333  0.577351  0.000000
   -3.775   -3.775   -3.539   -3.506   -2.378    0.721    0.942    0.950    4.173
            0.323810  0.560855  0.000000
   -3.799   -3.750   -3.565   -3.482   -2.379    0.495    0.957    1.178    4.126
            0.314286  0.544359  0.000000
   -3.821   -3.725   -3.591   -3.466   -2.381    0.155    1.110    1.421    3.984
            0.304762  0.527863  0.000000
   -3.841   -3.701   -3.612   -3.460   -2.383   -0.178    1.288    1.671    3.769
            0.295238  0.511368  0.000000
   -3.859   -3.677   -3.630   -3.468   -2.387   -0.496    1.484    1.929    3.513
            0.285714  0.494872  0.000000
   -3.874   -3.655   -3.643   -3.491   -2.393   -0.796    1.698    2.195    3.237
            0.276190  0.478376  0.000000
   -3.887   -3.654   -3.635   -3.527   -2.400   -1.076    1.928    2.468    2.954
            0.266667  0.461880  0.000000
   -3.897   -3.661   -3.634   -3.565   -2.409   -1.333    2.175    2.669    2.750
            0.257143  0.445385  0.000000
   -3.904   -3.693   -3.662   -3.566   -2.420   -1.565    2.388    2.438    3.038
            0.247619  0.428889  0.000000
   -3.909   -3.789   -3.662   -3.549   -2.433   -1.770    2.113    2.714    3.335
            0.238095  0.412393  0.000000
   -3.910   -3.910   -3.659   -3.530   -2.448   -1.947    1.843    3.004    3.639
            0.228571  0.395898  0.000000
   -4.051   -3.908   -3.652   -3.510   -2.466   -2.099    1.581    3.299    3.768
            0.219048  0.379402  0.000000
   -4.209   -3.904   -3.643   -3.491   -2.488   -2.225    1.327    3.448    3.673
            0.209524  0.362906  0.000000
   -4.380   -3.896   -3.631   -3.472   -2.514   -2.329    1.080    3.242    3.637
            0.200000  0.346410  0.000000
   -4.558   -3.885   -3.616   -3.455   -2.549   -2.409    0.843    3.017    3.412
            0.190476  0.329915  0.000000
   -4.740   -3.872   -3.600   -3.438   -2.595   -2.467    0.613    2.799    3.193
            0.180952  0.313419  0.000000
   -4.923   -3.855   -3.581   -3.422   -2.650   -2.508    0.392    2.592    2.983
            0.171429  0.296923  0.000000
   -5.104   -3.836   -3.561   -3.407   -2.706   -2.540    0.180    2.395    2.784
            0.161905  0.280427  0.000000
   -5.281   -3.813   -3.540   -3.394   -2.760   -2.569   -0.023    2.208    2.596
            0.152381  0.263932  0.000000
   -5.453   -3.788   -3.518   -3.381   -2.811   -2.595   -0.218    2.033    2.419
            0.142857  0.247436  0.000000
   -5.617   -3.760   -3.494   -3.369   -2.860   -2.620   -0.404    1.868    2.252
            0.133333  0.230940  0.000000
   -5.774   -3.730   -3.471   -3.358   -2.905   -2.645   -0.581    1.714    2.093
            0.123810  0.214444  0.000000
   -5.922   -3.698   -3.447   -3.349   -2.947   -2.669   -0.749    1.571    1.944
            0.114286  0.197949  0.000000
   -6.061   -3.664   -3.423   -3.340   -2.986   -2.692   -0.909    1.438    1.807
            0.104762  0.181453  0.000000
   -6.190   -3.628   -3.399   -3.332   -3.022   -2.713   -1.059    1.316    1.680
            0.095238  0.164957  0.000000
   -6.309   -3.590   -3.376   -3.326   -3.056   -2.734   -1.201    1.205    1.564
            0.085714  0.148462  0.000000
   -6.417   -3.552   -3.354   -3.320   -3.085   -2.753   -1.333    1.105    1.460
            0.076190  0.131966  0.000000
   -6.514   -3.514   -3.333   -3.316   -3.112   -2.771   -1.455    1.015    1.366
            0.066667  0.115470  0.000000
   -6.601   -3.477   -3.315   -3.310   -3.135   -2.787   -1.567    0.936    1.283
            0.057143  0.098974  0.000000
   -6.676   -3.441   -3.311   -3.294   -3.155   -2.802   -1.668    0.867    1.211
            0.047619  0.082479  0.000000
   -6.740   -3.408   -3.310   -3.276   -3.170   -2.814   -1.757    0.809    1.150
            0.038095  0.065983  0.000000
   -6.792   -3.380   -3.309   -3.260   -3.182   -2.824   -1.833    0.762    1.101
            0.028571  0.049487  0.000000
   -6.833   -3.358   -3.310   -3.246   -3.191   -2.832   -1.894    0.725    1.062
            0.019048  0.032991  0.000000
   -6.862   -3.341   -3.310   -3.236   -3.195   -2.838   -1.940    0.699    1.034
            0.009524  0.016496  0.000000
   -6.880   -3.332   -3.311   -3.230   -3.197   -2.842   -1.968    0.683    1.018
            0.000000  0.000000  0.000000
   -6.886   -3.329   -3.311   -3.228   -3.197   -2.843   -1.977    0.678    1.012
