 &plot nbnd=  34, nks=   100 /
            0.000000  0.000000  0.000000
  -61.261  -61.261  -36.980  -36.980  -34.550  -34.550  -34.387  -34.387  -14.447  -14.447
  -13.239  -13.239   -5.972   -5.972   -2.873   -2.873   -2.804   -2.804   -2.297   -2.297
   -1.802   -1.802   -1.715   -1.715   -0.552   -0.552    2.331    2.331    2.407    2.407
    2.547    2.547    2.552    2.552
            0.013514  0.007802  0.000000
  -61.261  -61.261  -36.981  -36.981  -34.550  -34.550  -34.388  -34.388  -14.444  -14.444
  -13.237  -13.237   -5.969   -5.969   -2.875   -2.875   -2.806   -2.806   -2.312   -2.312
   -1.798   -1.798   -1.712   -1.712   -0.552   -0.552    2.331    2.331    2.407    2.407
    2.539    2.539    2.548    2.548
            0.027027  0.015604  0.000000
  -61.260  -61.260  -36.981  -36.981  -34.550  -34.550  -34.389  -34.389  -14.436  -14.436
  -13.234  -13.234   -5.959   -5.959   -2.885   -2.885   -2.807   -2.807   -2.354   -2.354
   -1.797   -1.797   -1.697   -1.697   -0.555   -0.555    2.327    2.327    2.409    2.409
    2.515    2.515    2.538    2.538
            0.040541  0.023406  0.000000
  -61.260  -61.260  -36.982  -36.982  -34.550  -34.550  -34.392  -34.392  -14.422  -14.422
  -13.228  -13.228   -5.943   -5.943   -2.909   -2.909   -2.801   -2.801   -2.416   -2.416
   -1.810   -1.810   -1.666   -1.666   -0.559   -0.559    2.314    2.314    2.415    2.415
    2.479    2.479    2.525    2.525
            0.054054  0.031208  0.000000
  -61.260  -61.260  -36.983  -36.983  -34.551  -34.551  -34.395  -34.395  -14.403  -14.403
  -13.219  -13.219   -5.921   -5.921   -2.949   -2.949   -2.787   -2.787   -2.491   -2.491
   -1.837   -1.837   -1.627   -1.627   -0.566   -0.566    2.290    2.290    2.400    2.400
    2.460    2.460    2.510    2.510
            0.067568  0.039010  0.000000
  -61.259  -61.259  -36.985  -36.985  -34.552  -34.552  -34.399  -34.399  -14.379  -14.379
  -13.208  -13.208   -5.892   -5.892   -3.003   -3.003   -2.765   -2.765   -2.573   -2.573
   -1.873   -1.873   -1.586   -1.586   -0.575   -0.575    2.259    2.259    2.343    2.343
    2.458    2.458    2.514    2.514
            0.081081  0.046812  0.000000
  -61.258  -61.258  -36.987  -36.987  -34.553  -34.553  -34.404  -34.404  -14.349  -14.349
  -13.195  -13.195   -5.858   -5.858   -3.067   -3.067   -2.740   -2.740   -2.658   -2.658
   -1.918   -1.918   -1.550   -1.550   -0.588   -0.588    2.221    2.221    2.276    2.276
    2.434    2.434    2.551    2.551
            0.094595  0.054614  0.000000
  -61.257  -61.257  -36.989  -36.989  -34.554  -34.554  -34.409  -34.409  -14.314  -14.314
  -13.179  -13.179   -5.818   -5.818   -3.141   -3.141   -2.766   -2.766   -2.690   -2.690
   -1.969   -1.969   -1.519   -1.519   -0.604   -0.604    2.167    2.167    2.221    2.221
    2.401    2.401    2.600    2.600
            0.108108  0.062416  0.000000
  -61.256  -61.256  -36.992  -36.992  -34.555  -34.555  -34.415  -34.415  -14.275  -14.275
  -13.162  -13.162   -5.773   -5.773   -3.223   -3.223   -2.857   -2.857   -2.655   -2.655
   -2.025   -2.025   -1.498   -1.498   -0.626   -0.626    2.094    2.094    2.186    2.186
    2.363    2.363    2.657    2.657
            0.121622  0.070218  0.000000
  -61.255  -61.255  -36.995  -36.995  -34.557  -34.557  -34.422  -34.422  -14.230  -14.230
  -13.142  -13.142   -5.725   -5.725   -3.311   -3.311   -2.955   -2.955   -2.612   -2.612
   -2.087   -2.087   -1.486   -1.486   -0.652   -0.652    2.016    2.016    2.164    2.164
    2.323    2.323    2.718    2.718
            0.135135  0.078020  0.000000
  -61.254  -61.254  -36.998  -36.998  -34.559  -34.559  -34.429  -34.429  -14.181  -14.181
  -13.120  -13.120   -5.672   -5.672   -3.403   -3.403   -3.055   -3.055   -2.563   -2.563
   -2.152   -2.152   -1.484   -1.484   -0.685   -0.685    1.940    1.940    2.151    2.151
    2.280    2.280    2.782    2.782
            0.148649  0.085822  0.000000
  -61.253  -61.253  -37.002  -37.002  -34.561  -34.561  -34.436  -34.436  -14.128  -14.128
  -13.096  -13.096   -5.618   -5.618   -3.499   -3.499   -3.157   -3.157   -2.510   -2.510
   -2.219   -2.219   -1.493   -1.493   -0.724   -0.724    1.870    1.870    2.148    2.148
    2.237    2.237    2.849    2.849
            0.162162  0.093624  0.000000
  -61.251  -61.251  -37.006  -37.006  -34.564  -34.564  -34.444  -34.444  -14.070  -14.070
  -13.070  -13.070   -5.562   -5.562   -3.597   -3.597   -3.260   -3.260   -2.454   -2.454
   -2.288   -2.288   -1.512   -1.512   -0.769   -0.769    1.807    1.807    2.152    2.152
    2.199    2.199    2.917    2.917
            0.175676  0.101426  0.000000
  -61.250  -61.250  -37.010  -37.010  -34.567  -34.567  -34.452  -34.452  -14.008  -14.008
  -13.043  -13.043   -5.506   -5.506   -3.694   -3.694   -3.364   -3.364   -2.402   -2.402
   -2.351   -2.351   -1.540   -1.540   -0.822   -0.822    1.754    1.754    2.134    2.134
    2.194    2.194    2.985    2.985
            0.189189  0.109228  0.000000
  -61.248  -61.248  -37.014  -37.014  -34.571  -34.571  -34.459  -34.459  -13.943  -13.943
  -13.014  -13.014   -5.452   -5.452   -3.790   -3.790   -3.469   -3.469   -2.437   -2.437
   -2.324   -2.324   -1.577   -1.577   -0.880   -0.880    1.711    1.711    2.095    2.095
    2.221    2.221    3.052    3.052
            0.202703  0.117030  0.000000
  -61.247  -61.247  -37.018  -37.018  -34.575  -34.575  -34.466  -34.466  -13.874  -13.874
  -12.983  -12.983   -5.402   -5.402   -3.881   -3.881   -3.575   -3.575   -2.507   -2.507
   -2.261   -2.261   -1.620   -1.620   -0.942   -0.942    1.679    1.679    2.054    2.054
    2.263    2.263    3.118    3.118
            0.216216  0.124832  0.000000
  -61.245  -61.245  -37.023  -37.023  -34.580  -34.580  -34.473  -34.473  -13.803  -13.803
  -12.952  -12.952   -5.359   -5.359   -3.966   -3.966   -3.681   -3.681   -2.578   -2.578
   -2.194   -2.194   -1.668   -1.668   -1.008   -1.008    1.658    1.658    2.014    2.014
    2.314    2.314    3.182    3.182
            0.229730  0.132635  0.000000
  -61.244  -61.244  -37.027  -37.027  -34.586  -34.586  -34.479  -34.479  -13.728  -13.728
  -12.919  -12.919   -5.326   -5.326   -4.042   -4.042   -3.788   -3.788   -2.648   -2.648
   -2.127   -2.127   -1.720   -1.720   -1.075   -1.075    1.648    1.648    1.977    1.977
    2.374    2.374    3.244    3.244
            0.243243  0.140437  0.000000
  -61.242  -61.242  -37.032  -37.032  -34.592  -34.592  -34.484  -34.484  -13.652  -13.652
  -12.885  -12.885   -5.306   -5.306   -4.107   -4.107   -3.894   -3.894   -2.717   -2.717
   -2.059   -2.059   -1.773   -1.773   -1.141   -1.141    1.648    1.648    1.943    1.943
    2.440    2.440    3.303    3.303
            0.256757  0.148239  0.000000
  -61.240  -61.240  -37.037  -37.037  -34.599  -34.599  -34.489  -34.489  -13.574  -13.574
  -12.851  -12.851   -5.301   -5.301   -4.159   -4.159   -4.000   -4.000   -2.784   -2.784
   -1.993   -1.993   -1.825   -1.825   -1.204   -1.204    1.657    1.657    1.913    1.913
    2.511    2.511    3.359    3.359
            0.270270  0.156041  0.000000
  -61.239  -61.239  -37.042  -37.042  -34.607  -34.607  -34.494  -34.494  -13.494  -13.494
  -12.816  -12.816   -5.313   -5.313   -4.199   -4.199   -4.104   -4.104   -2.849   -2.849
   -1.940   -1.940   -1.865   -1.865   -1.260   -1.260    1.675    1.675    1.887    1.887
    2.585    2.585    3.411    3.411
            0.283784  0.163843  0.000000
  -61.237  -61.237  -37.047  -37.047  -34.614  -34.614  -34.497  -34.497  -13.413  -13.413
  -12.781  -12.781   -5.342   -5.342   -4.235   -4.235   -4.197   -4.197   -2.912   -2.912
   -1.954   -1.954   -1.838   -1.838   -1.308   -1.308    1.699    1.699    1.867    1.867
    2.662    2.662    3.460    3.460
            0.297297  0.171645  0.000000
  -61.235  -61.235  -37.051  -37.051  -34.623  -34.623  -34.500  -34.500  -13.333  -13.333
  -12.745  -12.745   -5.386   -5.386   -4.318   -4.318   -4.233   -4.233   -2.972   -2.972
   -2.000   -2.000   -1.779   -1.779   -1.346   -1.346    1.727    1.727    1.853    1.853
    2.740    2.740    3.506    3.506
            0.310811  0.179447  0.000000
  -61.234  -61.234  -37.056  -37.056  -34.631  -34.631  -34.503  -34.503  -13.252  -13.252
  -12.711  -12.711   -5.441   -5.441   -4.416   -4.416   -4.245   -4.245   -3.029   -3.029
   -2.048   -2.048   -1.719   -1.719   -1.371   -1.371    1.757    1.757    1.848    1.848
    2.817    2.817    3.547    3.547
            0.324324  0.187249  0.000000
  -61.232  -61.232  -37.061  -37.061  -34.639  -34.639  -34.505  -34.505  -13.172  -13.172
  -12.676  -12.676   -5.504   -5.504   -4.511   -4.511   -4.254   -4.254   -3.083   -3.083
   -2.094   -2.094   -1.660   -1.660   -1.384   -1.384    1.780    1.780    1.859    1.859
    2.892    2.892    3.585    3.585
            0.337838  0.195051  0.000000
  -61.231  -61.231  -37.065  -37.065  -34.647  -34.647  -34.507  -34.507  -13.094  -13.094
  -12.643  -12.643   -5.573   -5.573   -4.604   -4.604   -4.262   -4.262   -3.134   -3.134
   -2.137   -2.137   -1.606   -1.606   -1.384   -1.384    1.792    1.792    1.890    1.890
    2.965    2.965    3.620    3.620
            0.351351  0.202853  0.000000
  -61.229  -61.229  -37.069  -37.069  -34.655  -34.655  -34.509  -34.509  -13.018  -13.018
  -12.611  -12.611   -5.644   -5.644   -4.692   -4.692   -4.272   -4.272   -3.181   -3.181
   -2.176   -2.176   -1.555   -1.555   -1.371   -1.371    1.799    1.799    1.934    1.934
    3.033    3.033    3.651    3.651
            0.364865  0.210655  0.000000
  -61.228  -61.228  -37.073  -37.073  -34.662  -34.662  -34.510  -34.510  -12.945  -12.945
  -12.580  -12.580   -5.716   -5.716   -4.775   -4.775   -4.284   -4.284   -3.224   -3.224
   -2.212   -2.212   -1.508   -1.508   -1.347   -1.347    1.807    1.807    1.983    1.983
    3.097    3.097    3.679    3.679
            0.378378  0.218457  0.000000
  -61.227  -61.227  -37.077  -37.077  -34.669  -34.669  -34.511  -34.511  -12.876  -12.876
  -12.551  -12.551   -5.786   -5.786   -4.853   -4.853   -4.300   -4.300   -3.264   -3.264
   -2.244   -2.244   -1.465   -1.465   -1.315   -1.315    1.815    1.815    2.035    2.035
    3.155    3.155    3.703    3.703
            0.391892  0.226259  0.000000
  -61.226  -61.226  -37.080  -37.080  -34.676  -34.676  -34.512  -34.512  -12.811  -12.811
  -12.524  -12.524   -5.853   -5.853   -4.924   -4.924   -4.317   -4.317   -3.300   -3.300
   -2.273   -2.273   -1.426   -1.426   -1.278   -1.278    1.826    1.826    2.088    2.088
    3.208    3.208    3.725    3.725
            0.405405  0.234061  0.000000
  -61.225  -61.225  -37.084  -37.084  -34.682  -34.682  -34.513  -34.513  -12.752  -12.752
  -12.499  -12.499   -5.915   -5.915   -4.989   -4.989   -4.336   -4.336   -3.331   -3.331
   -2.298   -2.298   -1.390   -1.390   -1.237   -1.237    1.838    1.838    2.142    2.142
    3.254    3.254    3.743    3.743
            0.418919  0.241863  0.000000
  -61.224  -61.224  -37.086  -37.086  -34.687  -34.687  -34.513  -34.513  -12.698  -12.698
  -12.478  -12.478   -5.972   -5.972   -5.046   -5.046   -4.355   -4.355   -3.359   -3.359
   -2.319   -2.319   -1.358   -1.358   -1.195   -1.195    1.851    1.851    2.193    2.193
    3.293    3.293    3.759    3.759
            0.432432  0.249665  0.000000
  -61.223  -61.223  -37.089  -37.089  -34.691  -34.691  -34.514  -34.514  -12.651  -12.651
  -12.459  -12.459   -6.022   -6.022   -5.095   -5.095   -4.373   -4.373   -3.383   -3.383
   -2.337   -2.337   -1.332   -1.332   -1.155   -1.155    1.863    1.863    2.241    2.241
    3.327    3.327    3.772    3.772
            0.445946  0.257467  0.000000
  -61.223  -61.223  -37.091  -37.091  -34.695  -34.695  -34.514  -34.514  -12.612  -12.612
  -12.443  -12.443   -6.064   -6.064   -5.136   -5.136   -4.389   -4.389   -3.402   -3.402
   -2.352   -2.352   -1.310   -1.310   -1.118   -1.118    1.875    1.875    2.284    2.284
    3.353    3.353    3.783    3.783
            0.459459  0.265269  0.000000
  -61.222  -61.222  -37.092  -37.092  -34.698  -34.698  -34.514  -34.514  -12.581  -12.581
  -12.430  -12.430   -6.097   -6.097   -5.168   -5.168   -4.402   -4.402   -3.417   -3.417
   -2.363   -2.363   -1.293   -1.293   -1.087   -1.087    1.885    1.885    2.320    2.320
    3.374    3.374    3.791    3.791
            0.472973  0.273071  0.000000
  -61.222  -61.222  -37.093  -37.093  -34.700  -34.700  -34.515  -34.515  -12.558  -12.558
  -12.421  -12.421   -6.122   -6.122   -5.191   -5.191   -4.412   -4.412   -3.428   -3.428
   -2.371   -2.371   -1.281   -1.281   -1.064   -1.064    1.892    1.892    2.348    2.348
    3.388    3.388    3.796    3.796
            0.486486  0.280873  0.000000
  -61.222  -61.222  -37.094  -37.094  -34.701  -34.701  -34.515  -34.515  -12.544  -12.544
  -12.415  -12.415   -6.137   -6.137   -5.205   -5.205   -4.419   -4.419   -3.434   -3.434
   -2.376   -2.376   -1.274   -1.274   -1.049   -1.049    1.897    1.897    2.365    2.365
    3.397    3.397    3.800    3.800
            0.500000  0.288675  0.000000
  -61.221  -61.221  -37.094  -37.094  -34.702  -34.702  -34.515  -34.515  -12.540  -12.540
  -12.414  -12.414   -6.142   -6.142   -5.210   -5.210   -4.421   -4.421   -3.437   -3.437
   -2.378   -2.378   -1.272   -1.272   -1.044   -1.044    1.899    1.899    2.371    2.371
    3.400    3.400    3.801    3.801
            0.493827  0.299367  0.000000
  -61.221  -61.221  -37.095  -37.093  -34.702  -34.701  -34.515  -34.515  -12.541  -12.537
  -12.413  -12.413   -6.140   -6.138   -5.211   -5.211   -4.420   -4.419   -3.438   -3.438
   -2.378   -2.376   -1.316   -1.271   -1.055   -1.005    1.895    1.903    2.363    2.380
    3.400    3.406    3.791    3.796
            0.487654  0.310058  0.000000
  -61.221  -61.221  -37.095  -37.093  -34.703  -34.700  -34.516  -34.515  -12.540  -12.533
  -12.412  -12.411   -6.135   -6.131   -5.216   -5.214   -4.419   -4.416   -3.443   -3.441
   -2.376   -2.374   -1.384   -1.319   -1.033   -0.958    1.893    1.908    2.357    2.392
    3.407    3.420    3.766    3.777
            0.481481  0.320750  0.000000
  -61.221  -61.221  -37.096  -37.092  -34.703  -34.699  -34.517  -34.516  -12.538  -12.528
  -12.409  -12.409   -6.124   -6.119   -5.222   -5.220   -4.415   -4.411   -3.450   -3.447
   -2.374   -2.370   -1.466   -1.395   -0.998   -0.912    1.891    1.914    2.354    2.406
    3.420    3.440    3.728    3.744
            0.475309  0.331442  0.000000
  -61.221  -61.221  -37.097  -37.092  -34.703  -34.698  -34.519  -34.517  -12.534  -12.521
  -12.406  -12.405   -6.110   -6.102   -5.232   -5.229   -4.410   -4.404   -3.459   -3.455
   -2.371   -2.365   -1.559   -1.486   -0.962   -0.870    1.889    1.920    2.353    2.422
    3.438    3.467    3.678    3.701
            0.469136  0.342133  0.000000
  -61.221  -61.221  -37.098  -37.092  -34.704  -34.696  -34.521  -34.519  -12.529  -12.513
  -12.402  -12.401   -6.091   -6.081   -5.244   -5.241   -4.403   -4.396   -3.469   -3.464
   -2.367   -2.361   -1.660   -1.588   -0.929   -0.833    1.887    1.925    2.356    2.440
    3.458    3.499    3.619    3.652
            0.462963  0.352825  0.000000
  -61.221  -61.221  -37.099  -37.091  -34.703  -34.694  -34.523  -34.521  -12.522  -12.503
  -12.397  -12.395   -6.067   -6.056   -5.259   -5.255   -4.395   -4.387   -3.480   -3.474
   -2.363   -2.357   -1.769   -1.698   -0.898   -0.799    1.884    1.928    2.362    2.461
    3.470    3.524    3.565    3.609
            0.456790  0.363517  0.000000
  -61.221  -61.221  -37.100  -37.091  -34.703  -34.693  -34.526  -34.524  -12.514  -12.492
  -12.391  -12.389   -6.040   -6.027   -5.276   -5.271   -4.385   -4.376   -3.491   -3.484
   -2.360   -2.353   -1.885   -1.816   -0.871   -0.770    1.879    1.928    2.373    2.484
    3.450    3.470    3.590    3.598
            0.450617  0.374209  0.000000
  -61.221  -61.221  -37.101  -37.091  -34.703  -34.691  -34.528  -34.527  -12.505  -12.480
  -12.384  -12.382   -6.008   -5.993   -5.296   -5.291   -4.374   -4.364   -3.502   -3.493
   -2.358   -2.352   -2.005   -1.939   -0.847   -0.743    1.871    1.923    2.389    2.511
    3.393    3.393    3.623    3.637
            0.444444  0.384900  0.000000
  -61.220  -61.220  -37.102  -37.091  -34.703  -34.689  -34.532  -34.530  -12.495  -12.466
  -12.377  -12.374   -5.972   -5.955   -5.318   -5.313   -4.363   -4.351   -3.510   -3.500
   -2.358   -2.354   -2.130   -2.067   -0.825   -0.719    1.860    1.914    2.410    2.541
    3.314    3.323    3.664    3.690
            0.438272  0.395592  0.000000
  -61.220  -61.220  -37.103  -37.091  -34.702  -34.687  -34.535  -34.533  -12.484  -12.452
  -12.369  -12.366   -5.932   -5.914   -5.342   -5.337   -4.350   -4.338   -3.517   -3.506
   -2.364   -2.361   -2.252   -2.198   -0.805   -0.697    1.846    1.900    2.436    2.573
    3.233    3.248    3.713    3.746
            0.432099  0.406284  0.000000
  -61.220  -61.220  -37.104  -37.090  -34.702  -34.684  -34.538  -34.537  -12.471  -12.437
  -12.360  -12.357   -5.889   -5.869   -5.369   -5.363   -4.337   -4.324   -3.522   -3.509
   -2.423   -2.377   -2.331   -2.321   -0.786   -0.676    1.828    1.881    2.466    2.609
    3.154    3.172    3.765    3.806
            0.425926  0.416975  0.000000
  -61.220  -61.220  -37.105  -37.091  -34.701  -34.682  -34.542  -34.541  -12.458  -12.421
  -12.351  -12.348   -5.842   -5.820   -5.397   -5.391   -4.323   -4.310   -3.524   -3.509
   -2.546   -2.483   -2.360   -2.351   -0.766   -0.654    1.807    1.857    2.500    2.646
    3.077    3.098    3.821    3.867
            0.419753  0.427667  0.000000
  -61.219  -61.219  -37.106  -37.091  -34.700  -34.679  -34.546  -34.545  -12.445  -12.405
  -12.342  -12.339   -5.791   -5.767   -5.427   -5.420   -4.309   -4.296   -3.523   -3.506
   -2.680   -2.620   -2.371   -2.363   -0.747   -0.633    1.782    1.829    2.537    2.686
    3.003    3.027    3.878    3.928
            0.413580  0.438359  0.000000
  -61.219  -61.219  -37.107  -37.091  -34.700  -34.677  -34.550  -34.549  -12.431  -12.389
  -12.332  -12.329   -5.737   -5.712   -5.458   -5.451   -4.295   -4.282   -3.519   -3.501
   -2.816   -2.759   -2.383   -2.377   -0.727   -0.611    1.753    1.797    2.576    2.726
    2.933    2.959    3.935    3.990
            0.407407  0.449050  0.000000
  -61.219  -61.219  -37.108  -37.091  -34.699  -34.674  -34.554  -34.553  -12.416  -12.372
  -12.322  -12.319   -5.680   -5.653   -5.489   -5.482   -4.282   -4.269   -3.511   -3.492
   -2.952   -2.898   -2.397   -2.394   -0.705   -0.587    1.722    1.762    2.616    2.764
    2.871    2.897    3.992    4.051
            0.401235  0.459742  0.000000
  -61.218  -61.218  -37.109  -37.091  -34.699  -34.672  -34.559  -34.556  -12.402  -12.355
  -12.313  -12.309   -5.621   -5.592   -5.520   -5.514   -4.269   -4.258   -3.501   -3.481
   -3.085   -3.036   -2.414   -2.412   -0.683   -0.563    1.688    1.724    2.654    2.778
    2.839    2.842    4.048    4.110
            0.395062  0.470434  0.000000
  -61.218  -61.218  -37.110  -37.091  -34.698  -34.669  -34.563  -34.560  -12.387  -12.339
  -12.303  -12.300   -5.567   -5.547   -5.542   -5.526   -4.258   -4.249   -3.488   -3.468
   -3.214   -3.172   -2.434   -2.434   -0.659   -0.536    1.653    1.684    2.684    2.737
    2.801    2.867    4.101    4.167
            0.388889  0.481125  0.000000
  -61.218  -61.218  -37.110  -37.091  -34.697  -34.666  -34.567  -34.563  -12.373  -12.322
  -12.294  -12.290   -5.585   -5.576   -5.490   -5.461   -4.249   -4.242   -3.473   -3.458
   -3.333   -3.303   -2.458   -2.455   -0.634   -0.509    1.616    1.642    2.687    2.690
    2.791    2.907    4.151    4.221
            0.382716  0.491817  0.000000
  -61.218  -61.218  -37.111  -37.092  -34.697  -34.664  -34.572  -34.566  -12.359  -12.307
  -12.285  -12.281   -5.613   -5.605   -5.424   -5.393   -4.243   -4.241   -3.491   -3.456
   -3.427   -3.400   -2.484   -2.478   -0.609   -0.480    1.579    1.601    2.646    2.661
    2.815    2.947    4.198    4.270
            0.376543  0.502509  0.000000
  -61.217  -61.217  -37.112  -37.092  -34.697  -34.661  -34.576  -34.569  -12.346  -12.293
  -12.277  -12.273   -5.639   -5.632   -5.356   -5.324   -4.245   -4.242   -3.585   -3.545
   -3.436   -3.394   -2.511   -2.503   -0.583   -0.451    1.542    1.559    2.608    2.630
    2.848    2.987    4.240    4.315
            0.370370  0.513200  0.000000
  -61.217  -61.217  -37.113  -37.092  -34.696  -34.659  -34.580  -34.571  -12.334  -12.279
  -12.269  -12.266   -5.664   -5.657   -5.288   -5.254   -4.259   -4.247   -3.677   -3.650
   -3.416   -3.375   -2.539   -2.528   -0.557   -0.423    1.506    1.519    2.576    2.601
    2.883    3.023    4.278    4.355
            0.364198  0.523892  0.000000
  -61.217  -61.217  -37.113  -37.093  -34.696  -34.657  -34.583  -34.573  -12.323  -12.267
  -12.263  -12.259   -5.686   -5.679   -5.219   -5.185   -4.284   -4.262   -3.755   -3.740
   -3.396   -3.354   -2.566   -2.553   -0.532   -0.395    1.473    1.482    2.549    2.576
    2.915    3.057    4.310    4.389
            0.358025  0.534584  0.000000
  -61.217  -61.217  -37.114  -37.093  -34.696  -34.655  -34.586  -34.575  -12.313  -12.257
  -12.257  -12.253   -5.705   -5.698   -5.153   -5.118   -4.321   -4.287   -3.813   -3.811
   -3.377   -3.333   -2.592   -2.576   -0.509   -0.369    1.444    1.449    2.528    2.557
    2.943    3.086    4.336    4.417
            0.351852  0.545275  0.000000
  -61.217  -61.217  -37.114  -37.093  -34.696  -34.653  -34.589  -34.576  -12.306  -12.252
  -12.249  -12.248   -5.720   -5.713   -5.092   -5.056   -4.366   -4.323   -3.860   -3.852
   -3.360   -3.314   -2.616   -2.597   -0.490   -0.347    1.419    1.421    2.512    2.542
    2.967    3.110    4.356    4.438
            0.345679  0.555967  0.000000
  -61.217  -61.217  -37.115  -37.093  -34.696  -34.652  -34.590  -34.577  -12.300  -12.249
  -12.245  -12.242   -5.731   -5.724   -5.039   -5.004   -4.412   -4.363   -3.890   -3.875
   -3.346   -3.299   -2.635   -2.613   -0.475   -0.330    1.400    1.400    2.501    2.532
    2.984    3.128    4.371    4.454
            0.339506  0.566659  0.000000
  -61.217  -61.217  -37.115  -37.093  -34.696  -34.651  -34.591  -34.577  -12.296  -12.247
  -12.243  -12.238   -5.738   -5.731   -5.002   -4.967   -4.447   -4.395   -3.905   -3.887
   -3.338   -3.288   -2.647   -2.624   -0.465   -0.319    1.387    1.388    2.495    2.526
    2.996    3.140    4.380    4.463
            0.333333  0.577350  0.000000
  -61.217  -61.217  -37.115  -37.093  -34.696  -34.651  -34.592  -34.577  -12.295  -12.246
  -12.242  -12.236   -5.740   -5.733   -4.989   -4.954   -4.461   -4.408   -3.909   -3.890
   -3.334   -3.285   -2.651   -2.628   -0.461   -0.315    1.382    1.384    2.493    2.524
    3.000    3.144    4.382    4.466
            0.323810  0.560855  0.000000
  -61.217  -61.217  -37.115  -37.093  -34.696  -34.652  -34.591  -34.577  -12.298  -12.248
  -12.244  -12.240   -5.735   -5.728   -5.019   -4.984   -4.429   -4.377   -3.901   -3.884
   -3.342   -3.294   -2.640   -2.618   -0.470   -0.325    1.393    1.394    2.497    2.528
    2.990    3.134    4.376    4.459
            0.314286  0.544359  0.000000
  -61.217  -61.217  -37.114  -37.093  -34.696  -34.653  -34.589  -34.576  -12.308  -12.254
  -12.251  -12.250   -5.717   -5.709   -5.089   -5.055   -4.349   -4.301   -3.880   -3.868
   -3.366   -3.320   -2.607   -2.589   -0.496   -0.354    1.423    1.425    2.508    2.538
    2.960    3.103    4.358    4.440
            0.304762  0.527863  0.000000
  -61.217  -61.217  -37.113  -37.092  -34.695  -34.654  -34.585  -34.574  -12.326  -12.270
  -12.263  -12.259   -5.686   -5.678   -5.171   -5.140   -4.251   -4.208   -3.846   -3.842
   -3.401   -3.360   -2.557   -2.543   -0.539   -0.402    1.468    1.475    2.525    2.552
    2.910    3.051    4.330    4.409
            0.295238  0.511367  0.000000
  -61.218  -61.217  -37.112  -37.091  -34.694  -34.655  -34.581  -34.572  -12.352  -12.298
  -12.277  -12.273   -5.642   -5.634   -5.251   -5.224   -4.153   -4.119   -3.802   -3.792
   -3.445   -3.407   -2.492   -2.483   -0.595   -0.463    1.523    1.536    2.544    2.566
    2.843    2.980    4.295    4.370
            0.285714  0.494872  0.000000
  -61.218  -61.218  -37.110  -37.090  -34.692  -34.656  -34.577  -34.569  -12.387  -12.335
  -12.295  -12.291   -5.585   -5.576   -5.320   -5.298   -4.071   -4.049   -3.740   -3.712
   -3.493   -3.457   -2.418   -2.414   -0.660   -0.534    1.584    1.600    2.563    2.578
    2.764    2.892    4.254    4.325
            0.276190  0.478376  0.000000
  -61.219  -61.219  -37.108  -37.089  -34.689  -34.657  -34.572  -34.566  -12.430  -12.380
  -12.317  -12.313   -5.514   -5.506   -5.377   -5.359   -4.015   -4.004   -3.654   -3.609
   -3.538   -3.502   -2.338   -2.338   -0.732   -0.610    1.642    1.661    2.577    2.580
    2.684    2.793    4.211    4.275
            0.266667  0.461880  0.000000
  -61.220  -61.220  -37.105  -37.087  -34.686  -34.656  -34.567  -34.563  -12.482  -12.435
  -12.342  -12.338   -5.432   -5.423   -5.418   -5.405   -3.984   -3.977   -3.593   -3.591
   -3.500   -3.477   -2.258   -2.254   -0.805   -0.688    1.693    1.709    2.536    2.592
    2.636    2.688    4.167    4.224
            0.257143  0.445384  0.000000
  -61.221  -61.221  -37.102  -37.084  -34.682  -34.655  -34.561  -34.559  -12.542  -12.498
  -12.372  -12.368   -5.446   -5.438   -5.335   -5.325   -3.969   -3.963   -3.633   -3.616
   -3.393   -3.346   -2.176   -2.168   -0.876   -0.763    1.728    1.737    2.459    2.577
    2.602    2.620    4.125    4.173
            0.247619  0.428889  0.000000
  -61.222  -61.222  -37.098  -37.082  -34.677  -34.653  -34.556  -34.555  -12.609  -12.569
  -12.404  -12.401   -5.458   -5.455   -5.228   -5.216   -3.966   -3.960   -3.669   -3.650
   -3.263   -3.209   -2.093   -2.082   -0.944   -0.834    1.738    1.743    2.385    2.481
    2.597    2.606    4.085    4.122
            0.238095  0.412393  0.000000
  -61.223  -61.223  -37.094  -37.079  -34.671  -34.650  -34.551  -34.551  -12.684  -12.647
  -12.440  -12.437   -5.458   -5.456   -5.109   -5.096   -3.974   -3.967   -3.699   -3.678
   -3.130   -3.071   -2.011   -1.997   -1.005   -0.899    1.711    1.734    2.324    2.395
    2.583    2.585    4.047    4.074
            0.228571  0.395897  0.000000
  -61.224  -61.224  -37.089  -37.075  -34.664  -34.646  -34.547  -34.545  -12.765  -12.731
  -12.478  -12.475   -5.447   -5.440   -4.980   -4.966   -3.991   -3.982   -3.720   -3.699
   -2.996   -2.933   -1.930   -1.913   -1.060   -0.956    1.660    1.703    2.279    2.324
    2.552    2.563    4.012    4.028
            0.219048  0.379402  0.000000
  -61.226  -61.226  -37.084  -37.071  -34.657  -34.642  -34.543  -34.540  -12.852  -12.822
  -12.519  -12.516   -5.425   -5.414   -4.843   -4.827   -4.016   -4.005   -3.731   -3.710
   -2.865   -2.799   -1.853   -1.833   -1.107   -1.006    1.596    1.655    2.242    2.266
    2.513    2.533    3.977    3.982
            0.209524  0.362906  0.000000
  -61.228  -61.228  -37.079  -37.067  -34.649  -34.636  -34.539  -34.534  -12.943  -12.916
  -12.561  -12.558   -5.394   -5.379   -4.697   -4.680   -4.047   -4.035   -3.732   -3.710
   -2.738   -2.669   -1.779   -1.756   -1.147   -1.049    1.531    1.600    2.207    2.216
    2.467    2.495    3.935    3.940
            0.200000  0.346410  0.000000
  -61.229  -61.229  -37.073  -37.063  -34.640  -34.630  -34.534  -34.528  -13.038  -13.014
  -12.604  -12.602   -5.356   -5.338   -4.547   -4.527   -4.082   -4.069   -3.722   -3.699
   -2.618   -2.546   -1.710   -1.684   -1.180   -1.085    1.473    1.547    2.172    2.173
    2.415    2.451    3.886    3.901
            0.190476  0.329914  0.000000
  -61.231  -61.231  -37.067  -37.058  -34.631  -34.624  -34.529  -34.522  -13.136  -13.115
  -12.649  -12.647   -5.315   -5.294   -4.393   -4.371   -4.117   -4.103   -3.698   -3.673
   -2.509   -2.433   -1.646   -1.618   -1.205   -1.113    1.428    1.503    2.131    2.138
    2.361    2.404    3.832    3.855
            0.180952  0.313419  0.000000
  -61.233  -61.233  -37.061  -37.053  -34.622  -34.617  -34.523  -34.516  -13.235  -13.217
  -12.694  -12.692   -5.276   -5.254   -4.241   -4.217   -4.146   -4.131   -3.658   -3.632
   -2.412   -2.335   -1.588   -1.557   -1.221   -1.134    1.400    1.473    2.092    2.103
    2.305    2.355    3.773    3.803
            0.171429  0.296923  0.000000
  -61.235  -61.235  -37.055  -37.048  -34.613  -34.610  -34.518  -34.510  -13.335  -13.320
  -12.739  -12.738   -5.245   -5.222   -4.164   -4.154   -4.093   -4.064   -3.597   -3.571
   -2.334   -2.257   -1.537   -1.503   -1.224   -1.143    1.391    1.459    2.058    2.071
    2.250    2.306    3.706    3.742
            0.161905  0.280427  0.000000
  -61.237  -61.237  -37.049  -37.042  -34.605  -34.603  -34.511  -34.503  -13.435  -13.422
  -12.784  -12.783   -5.228   -5.206   -4.164   -4.156   -3.956   -3.928   -3.512   -3.486
   -2.279   -2.204   -1.492   -1.456   -1.209   -1.137    1.400    1.461    2.030    2.043
    2.199    2.259    3.632    3.673
            0.152381  0.263932  0.000000
  -61.239  -61.239  -37.042  -37.037  -34.596  -34.596  -34.504  -34.496  -13.533  -13.522
  -12.829  -12.828   -5.229   -5.209   -4.140   -4.135   -3.833   -3.808   -3.398   -3.376
   -2.250   -2.180   -1.454   -1.416   -1.176   -1.115    1.425    1.478    2.010    2.022
    2.152    2.216    3.551    3.596
            0.142857  0.247436  0.000000
  -61.241  -61.241  -37.036  -37.031  -34.589  -34.589  -34.496  -34.489  -13.630  -13.621
  -12.872  -12.871   -5.250   -5.234   -4.092   -4.091   -3.724   -3.703   -3.260   -3.244
   -2.246   -2.185   -1.423   -1.385   -1.124   -1.075    1.463    1.508    2.002    2.011
    2.111    2.180    3.463    3.511
            0.133333  0.230940  0.000000
  -61.243  -61.243  -37.030  -37.026  -34.583  -34.582  -34.487  -34.480  -13.724  -13.716
  -12.914  -12.914   -5.290   -5.277   -4.024   -4.021   -3.623   -3.607   -3.107   -3.097
   -2.266   -2.213   -1.400   -1.362   -1.059   -1.021    1.513    1.547    2.005    2.011
    2.080    2.151    3.369    3.419
            0.123810  0.214444  0.000000
  -61.245  -61.245  -37.024  -37.021  -34.578  -34.576  -34.478  -34.472  -13.814  -13.808
  -12.955  -12.954   -5.343   -5.333   -3.938   -3.932   -3.525   -3.514   -2.947   -2.943
   -2.304   -2.259   -1.384   -1.347   -0.986   -0.958    1.572    1.595    2.020    2.020
    2.062    2.133    3.271    3.322
            0.114286  0.197949  0.000000
  -61.247  -61.247  -37.018  -37.015  -34.573  -34.571  -34.468  -34.463  -13.901  -13.896
  -12.994  -12.993   -5.407   -5.399   -3.839   -3.830   -3.427   -3.419   -2.787   -2.786
   -2.354   -2.315   -1.376   -1.341   -0.912   -0.892    1.638    1.650    2.024    2.042
    2.071    2.130    3.170    3.222
            0.104762  0.181453  0.000000
  -61.249  -61.249  -37.012  -37.010  -34.568  -34.567  -34.458  -34.454  -13.982  -13.979
  -13.030  -13.030   -5.476   -5.470   -3.729   -3.719   -3.326   -3.321   -2.635   -2.631
   -2.411   -2.378   -1.376   -1.342   -0.842   -0.828    1.711    1.714    2.025    2.063
    2.107    2.149    3.067    3.119
            0.095238  0.164957  0.000000
  -61.251  -61.251  -37.007  -37.006  -34.564  -34.563  -34.448  -34.444  -14.059  -14.056
  -13.065  -13.064   -5.547   -5.543   -3.615   -3.604   -3.222   -3.219   -2.498   -2.484
   -2.463   -2.441   -1.384   -1.352   -0.778   -0.769    1.786    1.791    2.034    2.082
    2.155    2.188    2.966    3.017
            0.085714  0.148461  0.000000
  -61.253  -61.253  -37.002  -37.001  -34.561  -34.560  -34.438  -34.435  -14.129  -14.127
  -13.096  -13.096   -5.617   -5.614   -3.498   -3.487   -3.114   -3.114   -2.534   -2.508
   -2.352   -2.344   -1.400   -1.370   -0.722   -0.717    1.866    1.878    2.052    2.103
    2.209    2.239    2.867    2.917
            0.076190  0.131966  0.000000
  -61.254  -61.254  -36.998  -36.997  -34.558  -34.558  -34.428  -34.427  -14.194  -14.192
  -13.125  -13.125   -5.684   -5.683   -3.383   -3.372   -3.006   -3.005   -2.592   -2.569
   -2.230   -2.219   -1.424   -1.397   -0.676   -0.673    1.954    1.970    2.081    2.132
    2.265    2.293    2.773    2.821
            0.066667  0.115470  0.000000
  -61.256  -61.256  -36.994  -36.993  -34.556  -34.556  -34.420  -34.418  -14.252  -14.251
  -13.151  -13.151   -5.747   -5.746   -3.273   -3.263   -2.897   -2.893   -2.645   -2.625
   -2.120   -2.108   -1.456   -1.432   -0.639   -0.638    2.047    2.068    2.118    2.169
    2.321    2.347    2.685    2.731
            0.057143  0.098974  0.000000
  -61.257  -61.257  -36.990  -36.990  -34.554  -34.554  -34.411  -34.411  -14.302  -14.302
  -13.174  -13.174   -5.804   -5.803   -3.170   -3.161   -2.791   -2.782   -2.693   -2.671
   -2.025   -2.012   -1.495   -1.475   -0.611   -0.610    2.138    2.160    2.167    2.216
    2.373    2.397    2.607    2.649
            0.047619  0.082479  0.000000
  -61.258  -61.258  -36.987  -36.987  -34.553  -34.553  -34.404  -34.404  -14.346  -14.346
  -13.193  -13.193   -5.854   -5.853   -3.078   -3.070   -2.739   -2.738   -2.668   -2.657
   -1.945   -1.933   -1.541   -1.524   -0.589   -0.589    2.208    2.214    2.263    2.278
    2.419    2.441    2.540    2.578
            0.038095  0.065983  0.000000
  -61.259  -61.259  -36.985  -36.985  -34.552  -34.552  -34.398  -34.398  -14.382  -14.382
  -13.210  -13.210   -5.896   -5.895   -2.999   -2.992   -2.770   -2.765   -2.563   -2.560
   -1.880   -1.870   -1.592   -1.579   -0.574   -0.574    2.253    2.268    2.350    2.354
    2.454    2.467    2.497    2.526
            0.028571  0.049487  0.000000
  -61.260  -61.260  -36.983  -36.983  -34.551  -34.551  -34.394  -34.393  -14.410  -14.410
  -13.222  -13.222   -5.929   -5.929   -2.936   -2.932   -2.795   -2.790   -2.464   -2.464
   -1.833   -1.824   -1.643   -1.634   -0.563   -0.563    2.293    2.305    2.411    2.413
    2.454    2.468    2.514    2.514
            0.019048  0.032991  0.000000
  -61.260  -61.260  -36.982  -36.982  -34.550  -34.550  -34.390  -34.390  -14.431  -14.431
  -13.231  -13.231   -5.953   -5.953   -2.895   -2.892   -2.807   -2.805   -2.380   -2.380
   -1.804   -1.799   -1.687   -1.682   -0.557   -0.557    2.320    2.326    2.410    2.413
    2.497    2.503    2.530    2.535
            0.009524  0.016496  0.000000
  -61.261  -61.261  -36.981  -36.981  -34.550  -34.550  -34.388  -34.388  -14.443  -14.443
  -13.237  -13.237   -5.968   -5.968   -2.876   -2.876   -2.807   -2.806   -2.319   -2.319
   -1.798   -1.797   -1.710   -1.709   -0.553   -0.553    2.330    2.331    2.407    2.407
    2.534    2.537    2.545    2.547
            0.000000  0.000000  0.000000
  -61.261  -61.261  -36.980  -36.980  -34.550  -34.550  -34.387  -34.387  -14.447  -14.447
  -13.239  -13.239   -5.972   -5.972   -2.873   -2.873   -2.804   -2.804   -2.297   -2.297
   -1.802   -1.802   -1.715   -1.715   -0.552   -0.552    2.331    2.331    2.407    2.407
    2.547    2.547    2.552    2.552
