    0  0.000000000000  0.000000000000  0.000000000000 
    1  0.013513513514  0.000000000000  0.000000000000 
    2  0.027027027027  0.000000000000  0.000000000000 
    3  0.040540540541  0.000000000000  0.000000000000 
    4  0.054054054054  0.000000000000  0.000000000000 
    5  0.067567567568  0.000000000000  0.000000000000 
    6  0.081081081081  0.000000000000  0.000000000000 
    7  0.094594594595  0.000000000000  0.000000000000 
    8  0.108108108108  0.000000000000  0.000000000000 
    9  0.121621621622  0.000000000000  0.000000000000 
   10  0.135135135135  0.000000000000  0.000000000000 
   11  0.148648648649  0.000000000000  0.000000000000 
   12  0.162162162162  0.000000000000  0.000000000000 
   13  0.175675675676  0.000000000000  0.000000000000 
   14  0.189189189189  0.000000000000  0.000000000000 
   15  0.202702702703  0.000000000000  0.000000000000 
   16  0.216216216216  0.000000000000  0.000000000000 
   17  0.229729729730  0.000000000000  0.000000000000 
   18  0.243243243243  0.000000000000  0.000000000000 
   19  0.256756756757  0.000000000000  0.000000000000 
   20  0.270270270270  0.000000000000  0.000000000000 
   21  0.283783783784  0.000000000000  0.000000000000 
   22  0.297297297297  0.000000000000  0.000000000000 
   23  0.310810810811  0.000000000000  0.000000000000 
   24  0.324324324324  0.000000000000  0.000000000000 
   25  0.337837837838  0.000000000000  0.000000000000 
   26  0.351351351351  0.000000000000  0.000000000000 
   27  0.364864864865  0.000000000000  0.000000000000 
   28  0.378378378378  0.000000000000  0.000000000000 
   29  0.391891891892  0.000000000000  0.000000000000 
   30  0.405405405405  0.000000000000  0.000000000000 
   31  0.418918918919  0.000000000000  0.000000000000 
   32  0.432432432432  0.000000000000  0.000000000000 
   33  0.445945945946  0.000000000000  0.000000000000 
   34  0.459459459459  0.000000000000  0.000000000000 
   35  0.472972972973  0.000000000000  0.000000000000 
   36  0.486486486486  0.000000000000  0.000000000000 
   37  0.500000000000  0.000000000000  0.000000000000 
   38  0.493827160494  0.012345679012  0.000000000000 
   39  0.487654320988  0.024691358025  0.000000000000 
   40  0.481481481481  0.037037037037  0.000000000000 
   41  0.475308641975  0.049382716049  0.000000000000 
   42  0.469135802469  0.061728395062  0.000000000000 
   43  0.462962962963  0.074074074074  0.000000000000 
   44  0.456790123457  0.086419753086  0.000000000000 
   45  0.450617283951  0.098765432099  0.000000000000 
   46  0.444444444444  0.111111111111  0.000000000000 
   47  0.438271604938  0.123456790123  0.000000000000 
   48  0.432098765432  0.135802469136  0.000000000000 
   49  0.425925925926  0.148148148148  0.000000000000 
   50  0.419753086420  0.160493827160  0.000000000000 
   51  0.413580246914  0.172839506173  0.000000000000 
   52  0.407407407407  0.185185185185  0.000000000000 
   53  0.401234567901  0.197530864198  0.000000000000 
   54  0.395061728395  0.209876543210  0.000000000000 
   55  0.388888888889  0.222222222222  0.000000000000 
   56  0.382716049383  0.234567901235  0.000000000000 
   57  0.376543209877  0.246913580247  0.000000000000 
   58  0.370370370370  0.259259259259  0.000000000000 
   59  0.364197530864  0.271604938272  0.000000000000 
   60  0.358024691358  0.283950617284  0.000000000000 
   61  0.351851851852  0.296296296296  0.000000000000 
   62  0.345679012346  0.308641975309  0.000000000000 
   63  0.339506172840  0.320987654321  0.000000000000 
   64  0.333333333333  0.333333333333  0.000000000000 
   65  0.323809523810  0.323809523810  0.000000000000 
   66  0.314285714286  0.314285714286  0.000000000000 
   67  0.304761904762  0.304761904762  0.000000000000 
   68  0.295238095238  0.295238095238  0.000000000000 
   69  0.285714285714  0.285714285714  0.000000000000 
   70  0.276190476190  0.276190476190  0.000000000000 
   71  0.266666666667  0.266666666667  0.000000000000 
   72  0.257142857143  0.257142857143  0.000000000000 
   73  0.247619047619  0.247619047619  0.000000000000 
   74  0.238095238095  0.238095238095  0.000000000000 
   75  0.228571428571  0.228571428571  0.000000000000 
   76  0.219047619048  0.219047619048  0.000000000000 
   77  0.209523809524  0.209523809524  0.000000000000 
   78  0.200000000000  0.200000000000  0.000000000000 
   79  0.190476190476  0.190476190476  0.000000000000 
   80  0.180952380952  0.180952380952  0.000000000000 
   81  0.171428571429  0.171428571429  0.000000000000 
   82  0.161904761905  0.161904761905  0.000000000000 
   83  0.152380952381  0.152380952381  0.000000000000 
   84  0.142857142857  0.142857142857  0.000000000000 
   85  0.133333333333  0.133333333333  0.000000000000 
   86  0.123809523810  0.123809523810  0.000000000000 
   87  0.114285714286  0.114285714286  0.000000000000 
   88  0.104761904762  0.104761904762  0.000000000000 
   89  0.095238095238  0.095238095238  0.000000000000 
   90  0.085714285714  0.085714285714  0.000000000000 
   91  0.076190476190  0.076190476190  0.000000000000 
   92  0.066666666667  0.066666666667  0.000000000000 
   93  0.057142857143  0.057142857143  0.000000000000 
   94  0.047619047619  0.047619047619  0.000000000000 
   95  0.038095238095  0.038095238095  0.000000000000 
   96  0.028571428571  0.028571428571  0.000000000000 
   97  0.019047619048  0.019047619048  0.000000000000 
   98  0.009523809524  0.009523809524  0.000000000000 
   99  0.000000000000  0.000000000000  0.000000000000 
