 &plot nbnd=  44, nks=   100 /
            0.000000  0.000000  0.000000
  -61.551  -61.551  -37.298  -37.298  -34.911  -34.911  -34.652  -34.652  -16.427  -16.427
  -14.299  -14.299   -7.631   -7.631   -5.020   -5.020   -5.003   -5.003   -4.925   -4.925
   -3.114   -3.114   -3.087   -3.087   -1.889   -1.889   -1.888   -1.888   -1.853   -1.853
   -0.827   -0.827   -0.782   -0.782   -0.444   -0.444    1.889    1.889    2.110    2.110
    2.159    2.159    2.625    2.625
            0.013514  0.007802  0.000000
  -61.551  -61.551  -37.299  -37.298  -34.911  -34.911  -34.653  -34.653  -16.425  -16.424
  -14.298  -14.296   -7.629   -7.627   -5.027   -5.022   -5.007   -5.006   -4.924   -4.922
   -3.117   -3.117   -3.090   -3.088   -1.924   -1.920   -1.877   -1.868   -1.843   -1.828
   -0.833   -0.826   -0.785   -0.785   -0.443   -0.442    1.893    1.895    2.106    2.111
    2.159    2.159    2.617    2.618
            0.027027  0.015604  0.000000
  -61.551  -61.551  -37.299  -37.299  -34.912  -34.911  -34.654  -34.654  -16.419  -16.417
  -14.294  -14.289   -7.622   -7.618   -5.046   -5.039   -5.012   -5.011   -4.921   -4.917
   -3.129   -3.128   -3.093   -3.089   -1.961   -1.959   -1.874   -1.863   -1.809   -1.791
   -0.845   -0.832   -0.792   -0.791   -0.438   -0.436    1.907    1.911    2.096    2.108
    2.159    2.163    2.590    2.593
            0.040541  0.023406  0.000000
  -61.550  -61.550  -37.300  -37.299  -34.913  -34.911  -34.656  -34.656  -16.407  -16.405
  -14.287  -14.279   -7.609   -7.603   -5.080   -5.073   -5.015   -5.015   -4.915   -4.911
   -3.154   -3.151   -3.094   -3.087   -1.999   -1.999   -1.872   -1.859   -1.774   -1.754
   -0.863   -0.844   -0.800   -0.800   -0.431   -0.427    1.928    1.934    2.076    2.097
    2.167    2.176    2.546    2.550
            0.054054  0.031208  0.000000
  -61.550  -61.550  -37.302  -37.300  -34.914  -34.912  -34.660  -34.660  -16.392  -16.388
  -14.276  -14.265   -7.591   -7.583   -5.126   -5.119   -5.019   -5.018   -4.907   -4.904
   -3.190   -3.185   -3.091   -3.082   -2.040   -2.037   -1.869   -1.853   -1.741   -1.717
   -0.889   -0.865   -0.810   -0.809   -0.420   -0.415    1.952    1.957    2.056    2.081
    2.183    2.196    2.487    2.492
            0.067568  0.039010  0.000000
  -61.549  -61.549  -37.303  -37.302  -34.915  -34.912  -34.664  -34.664  -16.371  -16.367
  -14.261  -14.248   -7.568   -7.558   -5.185   -5.178   -5.024   -5.022   -4.898   -4.897
   -3.234   -3.228   -3.087   -3.075   -2.082   -2.076   -1.864   -1.845   -1.710   -1.682
   -0.921   -0.893   -0.819   -0.816   -0.408   -0.401    1.956    1.965    2.061    2.079
    2.204    2.221    2.418    2.424
            0.081081  0.046812  0.000000
  -61.548  -61.548  -37.305  -37.304  -34.916  -34.913  -34.669  -34.669  -16.346  -16.341
  -14.243  -14.228   -7.540   -7.528   -5.255   -5.249   -5.030   -5.028   -4.888   -4.888
   -3.286   -3.277   -3.081   -3.067   -2.124   -2.115   -1.857   -1.835   -1.682   -1.650
   -0.959   -0.928   -0.828   -0.823   -0.394   -0.386    1.924    1.950    2.102    2.106
    2.224    2.247    2.343    2.352
            0.094595  0.054614  0.000000
  -61.548  -61.548  -37.308  -37.306  -34.917  -34.914  -34.675  -34.674  -16.317  -16.311
  -14.222  -14.204   -7.507   -7.493   -5.335   -5.330   -5.037   -5.034   -4.880   -4.878
   -3.343   -3.333   -3.074   -3.059   -2.166   -2.153   -1.848   -1.824   -1.657   -1.622
   -1.002   -0.967   -0.836   -0.828   -0.378   -0.369    1.881    1.920    2.148    2.153
    2.230    2.257    2.284    2.294
            0.108108  0.062416  0.000000
  -61.547  -61.547  -37.310  -37.308  -34.919  -34.916  -34.681  -34.681  -16.284  -16.276
  -14.197  -14.177   -7.470   -7.454   -5.425   -5.420   -5.045   -5.042   -4.871   -4.869
   -3.404   -3.392   -3.067   -3.050   -2.208   -2.192   -1.837   -1.810   -1.638   -1.598
   -1.048   -1.011   -0.843   -0.833   -0.361   -0.351    1.836    1.885    2.137    2.150
    2.236    2.253    2.288    2.291
            0.121622  0.070218  0.000000
  -61.545  -61.545  -37.313  -37.311  -34.921  -34.917  -34.688  -34.688  -16.246  -16.238
  -14.169  -14.147   -7.429   -7.412   -5.524   -5.520   -5.055   -5.052   -4.864   -4.861
   -3.468   -3.454   -3.060   -3.041   -2.249   -2.230   -1.822   -1.793   -1.623   -1.580
   -1.098   -1.059   -0.847   -0.835   -0.342   -0.332    1.792    1.851    2.064    2.076
    2.253    2.290    2.319    2.328
            0.135135  0.078020  0.000000
  -61.544  -61.544  -37.316  -37.314  -34.923  -34.919  -34.696  -34.695  -16.205  -16.196
  -14.138  -14.114   -7.384   -7.365   -5.632   -5.627   -5.067   -5.063   -4.858   -4.855
   -3.532   -3.516   -3.053   -3.033   -2.289   -2.267   -1.805   -1.775   -1.614   -1.567
   -1.150   -1.110   -0.849   -0.834   -0.322   -0.312    1.750    1.818    1.984    1.998
    2.238    2.272    2.399    2.401
            0.148649  0.085822  0.000000
  -61.543  -61.543  -37.320  -37.317  -34.925  -34.921  -34.704  -34.703  -16.159  -16.150
  -14.104  -14.078   -7.336   -7.316   -5.746   -5.741   -5.079   -5.075   -4.856   -4.853
   -3.595   -3.577   -3.046   -3.025   -2.327   -2.303   -1.784   -1.754   -1.610   -1.560
   -1.204   -1.164   -0.846   -0.830   -0.301   -0.291    1.709    1.782    1.913    1.927
    2.208    2.240    2.483    2.485
            0.162162  0.093624  0.000000
  -61.541  -61.541  -37.323  -37.320  -34.928  -34.923  -34.712  -34.711  -16.111  -16.101
  -14.067  -14.039   -7.285   -7.264   -5.866   -5.861   -5.094   -5.090   -4.858   -4.855
   -3.654   -3.635   -3.039   -3.018   -2.364   -2.338   -1.761   -1.731   -1.610   -1.560
   -1.259   -1.220   -0.840   -0.822   -0.279   -0.271    1.667    1.735    1.863    1.869
    2.169    2.200    2.566    2.575
            0.175676  0.101426  0.000000
  -61.540  -61.540  -37.327  -37.324  -34.931  -34.926  -34.721  -34.720  -16.059  -16.048
  -14.027  -13.998   -7.233   -7.211   -5.991   -5.986   -5.110   -5.105   -4.866   -4.864
   -3.709   -3.689   -3.033   -3.011   -2.398   -2.371   -1.735   -1.710   -1.613   -1.567
   -1.312   -1.276   -0.828   -0.809   -0.257   -0.252    1.620    1.674    1.828    1.840
    2.125    2.155    2.639    2.659
            0.189189  0.109228  0.000000
  -61.538  -61.538  -37.331  -37.328  -34.934  -34.929  -34.730  -34.729  -16.004  -15.993
  -13.985  -13.955   -7.180   -7.157   -6.121   -6.115   -5.127   -5.123   -4.880   -4.880
   -3.758   -3.737   -3.028   -3.006   -2.430   -2.402   -1.707   -1.693   -1.614   -1.581
   -1.361   -1.332   -0.811   -0.791   -0.237   -0.236    1.571    1.607    1.806    1.837
    2.078    2.107    2.690    2.709
            0.202703  0.117031  0.000000
  -61.537  -61.537  -37.335  -37.332  -34.938  -34.932  -34.738  -34.737  -15.946  -15.934
  -13.941  -13.909   -7.126   -7.102   -6.253   -6.247   -5.146   -5.141   -4.903   -4.902
   -3.799   -3.779   -3.024   -3.002   -2.459   -2.431   -1.691   -1.678   -1.605   -1.604
   -1.404   -1.383   -0.788   -0.767   -0.222   -0.218    1.521    1.543    1.801    1.847
    2.029    2.058    2.733    2.751
            0.216216  0.124833  0.000000
  -61.535  -61.535  -37.340  -37.336  -34.942  -34.935  -34.747  -34.746  -15.885  -15.874
  -13.895  -13.862   -7.073   -7.049   -6.387   -6.381   -5.166   -5.161   -4.936   -4.932
   -3.832   -3.813   -3.022   -2.999   -2.486   -2.457   -1.706   -1.657   -1.626   -1.584
   -1.439   -1.429   -0.758   -0.737   -0.212   -0.203    1.475    1.485    1.810    1.866
    1.981    2.009    2.771    2.789
            0.229730  0.132635  0.000000
  -61.534  -61.534  -37.344  -37.340  -34.946  -34.939  -34.756  -34.754  -15.823  -15.811
  -13.846  -13.813   -7.022   -6.997   -6.522   -6.515   -5.187   -5.182   -4.975   -4.969
   -3.859   -3.840   -3.020   -2.997   -2.509   -2.482   -1.732   -1.680   -1.608   -1.558
   -1.465   -1.464   -0.721   -0.700   -0.207   -0.192    1.435    1.436    1.827    1.889
    1.937    1.961    2.805    2.824
            0.243243  0.140437  0.000000
  -61.532  -61.532  -37.349  -37.345  -34.950  -34.943  -34.764  -34.762  -15.759  -15.746
  -13.796  -13.762   -6.976   -6.952   -6.653   -6.646   -5.209   -5.204   -5.022   -5.012
   -3.879   -3.862   -3.019   -2.997   -2.530   -2.504   -1.763   -1.717   -1.578   -1.537
   -1.485   -1.480   -0.678   -0.657   -0.209   -0.186    1.393    1.405    1.848    1.873
    1.918    1.939    2.835    2.856
            0.256757  0.148239  0.000000
  -61.530  -61.530  -37.353  -37.350  -34.955  -34.948  -34.772  -34.770  -15.693  -15.681
  -13.745  -13.710   -6.948   -6.927   -6.767   -6.763   -5.232   -5.227   -5.073   -5.060
   -3.895   -3.879   -3.019   -2.997   -2.548   -2.525   -1.795   -1.754   -1.549   -1.538
   -1.488   -1.474   -0.629   -0.609   -0.216   -0.186    1.361    1.383    1.829    1.841
    1.910    1.975    2.861    2.883
            0.270270  0.156041  0.000000
  -61.528  -61.528  -37.358  -37.354  -34.960  -34.953  -34.779  -34.777  -15.626  -15.614
  -13.692  -13.658   -6.987   -6.981   -6.815   -6.805   -5.255   -5.251   -5.128   -5.112
   -3.909   -3.895   -3.020   -2.999   -2.564   -2.544   -1.824   -1.784   -1.547   -1.529
   -1.482   -1.445   -0.574   -0.555   -0.229   -0.192    1.339    1.371    1.784    1.803
    1.940    2.017    2.883    2.905
            0.283784  0.163843  0.000000
  -61.527  -61.527  -37.362  -37.359  -34.965  -34.958  -34.786  -34.784  -15.559  -15.547
  -13.639  -13.605   -7.098   -7.097   -6.799   -6.783   -5.279   -5.275   -5.184   -5.165
   -3.922   -3.909   -3.022   -3.001   -2.578   -2.561   -1.847   -1.807   -1.553   -1.521
   -1.459   -1.413   -0.514   -0.497   -0.249   -0.204    1.326    1.367    1.742    1.760
    1.979    2.062    2.900    2.923
            0.297297  0.171645  0.000000
  -61.525  -61.525  -37.367  -37.363  -34.970  -34.964  -34.792  -34.791  -15.492  -15.480
  -13.586  -13.552   -7.225   -7.222   -6.770   -6.754   -5.303   -5.299   -5.238   -5.217
   -3.936   -3.925   -3.024   -3.005   -2.590   -2.576   -1.862   -1.819   -1.553   -1.516
   -1.428   -1.380   -0.451   -0.435   -0.273   -0.223    1.321    1.371    1.702    1.719
    2.019    2.106    2.913    2.937
            0.310811  0.179447  0.000000
  -61.524  -61.524  -37.371  -37.368  -34.976  -34.969  -34.798  -34.796  -15.425  -15.413
  -13.532  -13.499   -7.353   -7.348   -6.743   -6.728   -5.326   -5.325   -5.289   -5.267
   -3.952   -3.943   -3.027   -3.009   -2.599   -2.589   -1.868   -1.822   -1.548   -1.508
   -1.395   -1.346   -0.388   -0.372   -0.301   -0.246    1.324    1.382    1.665    1.680
    2.057    2.147    2.922    2.947
            0.324324  0.187249  0.000000
  -61.522  -61.522  -37.375  -37.372  -34.981  -34.975  -34.804  -34.802  -15.359  -15.347
  -13.479  -13.447   -7.477   -7.472   -6.721   -6.707   -5.355   -5.350   -5.332   -5.314
   -3.972   -3.963   -3.031   -3.013   -2.606   -2.599   -1.864   -1.814   -1.536   -1.496
   -1.362   -1.312   -0.352   -0.313   -0.305   -0.270    1.333    1.398    1.633    1.645
    2.091    2.184    2.927    2.952
            0.337838  0.195051  0.000000
  -61.521  -61.521  -37.380  -37.376  -34.987  -34.981  -34.808  -34.806  -15.294  -15.283
  -13.427  -13.396   -7.597   -7.592   -6.705   -6.693   -5.393   -5.375   -5.361   -5.354
   -3.994   -3.987   -3.035   -3.018   -2.611   -2.606   -1.851   -1.797   -1.518   -1.479
   -1.328   -1.279   -0.384   -0.318   -0.247   -0.237    1.347    1.420    1.606    1.615
    2.119    2.215    2.928    2.954
            0.351351  0.202853  0.000000
  -61.519  -61.519  -37.383  -37.380  -34.992  -34.987  -34.812  -34.811  -15.232  -15.221
  -13.375  -13.346   -7.712   -7.706   -6.696   -6.685   -5.430   -5.405   -5.384   -5.384
   -4.020   -4.014   -3.039   -3.023   -2.613   -2.611   -1.830   -1.772   -1.493   -1.458
   -1.294   -1.246   -0.425   -0.356   -0.184   -0.177    1.365    1.444    1.585    1.589
    2.140    2.237    2.927    2.953
            0.364865  0.210655  0.000000
  -61.518  -61.518  -37.387  -37.384  -34.998  -34.992  -34.816  -34.814  -15.172  -15.162
  -13.326  -13.299   -7.820   -7.815   -6.693   -6.684   -5.462   -5.435   -5.407   -5.405
   -4.048   -4.043   -3.043   -3.029   -2.613   -2.612   -1.802   -1.738   -1.463   -1.432
   -1.260   -1.214   -0.470   -0.399   -0.123   -0.119    1.386    1.470    1.570    1.570
    2.152    2.251    2.922    2.948
            0.378378  0.218457  0.000000
  -61.517  -61.517  -37.390  -37.388  -35.003  -34.998  -34.819  -34.818  -15.116  -15.106
  -13.279  -13.254   -7.922   -7.916   -6.696   -6.688   -5.489   -5.462   -5.426   -5.424
   -4.077   -4.074   -3.047   -3.034   -2.612   -2.611   -1.767   -1.699   -1.428   -1.403
   -1.227   -1.182   -0.518   -0.446   -0.067   -0.066    1.408    1.496    1.558    1.561
    2.156    2.255    2.915    2.941
            0.391892  0.226259  0.000000
  -61.515  -61.515  -37.394  -37.391  -35.007  -35.003  -34.822  -34.821  -15.063  -15.054
  -13.235  -13.212   -8.015   -8.010   -6.703   -6.696   -5.510   -5.484   -5.444   -5.442
   -4.107   -4.104   -3.051   -3.039   -2.609   -2.607   -1.727   -1.654   -1.389   -1.371
   -1.196   -1.153   -0.568   -0.497   -0.018   -0.017    1.430    1.515    1.558    1.559
    2.152    2.251    2.907    2.932
            0.405405  0.234061  0.000000
  -61.514  -61.514  -37.396  -37.394  -35.012  -35.008  -34.824  -34.823  -15.014  -15.007
  -13.194  -13.173   -8.100   -8.095   -6.714   -6.708   -5.527   -5.503   -5.460   -5.458
   -4.136   -4.134   -3.055   -3.044   -2.606   -2.603   -1.682   -1.605   -1.348   -1.337
   -1.166   -1.125   -0.619   -0.550    0.024    0.026    1.452    1.524    1.564    1.574
    2.142    2.239    2.897    2.921
            0.418919  0.241863  0.000000
  -61.514  -61.514  -37.399  -37.397  -35.015  -35.012  -34.826  -34.825  -14.971  -14.964
  -13.157  -13.139   -8.175   -8.171   -6.727   -6.721   -5.539   -5.517   -5.473   -5.472
   -4.163   -4.162   -3.058   -3.049   -2.601   -2.598   -1.634   -1.553   -1.307   -1.304
   -1.139   -1.101   -0.671   -0.606    0.059    0.063    1.473    1.528    1.573    1.597
    2.128    2.221    2.887    2.909
            0.432432  0.249665  0.000000
  -61.513  -61.513  -37.401  -37.399  -35.019  -35.016  -34.828  -34.827  -14.933  -14.928
  -13.124  -13.109   -8.241   -8.237   -6.740   -6.736   -5.548   -5.529   -5.485   -5.484
   -4.188   -4.187   -3.061   -3.053   -2.597   -2.594   -1.583   -1.500   -1.273   -1.267
   -1.114   -1.079   -0.723   -0.663    0.087    0.092    1.492    1.533    1.587    1.619
    2.113    2.199    2.877    2.897
            0.445946  0.257467  0.000000
  -61.512  -61.512  -37.403  -37.401  -35.021  -35.019  -34.829  -34.828  -14.901  -14.897
  -13.097  -13.084   -8.295   -8.292   -6.753   -6.749   -5.554   -5.538   -5.495   -5.494
   -4.209   -4.209   -3.063   -3.057   -2.593   -2.590   -1.531   -1.449   -1.244   -1.231
   -1.093   -1.061   -0.772   -0.720    0.109    0.114    1.510    1.540    1.603    1.638
    2.098    2.176    2.869    2.885
            0.459459  0.265269  0.000000
  -61.512  -61.512  -37.404  -37.403  -35.023  -35.022  -34.830  -34.829  -14.876  -14.873
  -13.074  -13.064   -8.337   -8.335   -6.764   -6.761   -5.557   -5.545   -5.503   -5.502
   -4.226   -4.226   -3.065   -3.060   -2.589   -2.587   -1.481   -1.404   -1.218   -1.200
   -1.076   -1.047   -0.816   -0.775    0.126    0.130    1.527    1.547    1.619    1.652
    2.088    2.151    2.861    2.875
            0.472973  0.273071  0.000000
  -61.511  -61.511  -37.405  -37.404  -35.025  -35.024  -34.831  -34.830  -14.858  -14.855
  -13.057  -13.051   -8.368   -8.366   -6.772   -6.770   -5.559   -5.551   -5.508   -5.508
   -4.239   -4.239   -3.066   -3.063   -2.586   -2.584   -1.434   -1.372   -1.194   -1.176
   -1.063   -1.039   -0.852   -0.824    0.137    0.141    1.540    1.553    1.634    1.660
    2.083    2.128    2.857    2.866
            0.486486  0.280873  0.000000
  -61.511  -61.511  -37.405  -37.405  -35.026  -35.025  -34.831  -34.831  -14.846  -14.845
  -13.046  -13.043   -8.387   -8.386   -6.777   -6.776   -5.559   -5.555   -5.511   -5.511
   -4.247   -4.247   -3.066   -3.065   -2.584   -2.583   -1.394   -1.359   -1.173   -1.162
   -1.052   -1.038   -0.874   -0.861    0.144    0.146    1.550    1.556    1.647    1.661
    2.085    2.109    2.854    2.859
            0.500000  0.288675  0.000000
  -61.511  -61.511  -37.405  -37.405  -35.026  -35.026  -34.831  -34.831  -14.842  -14.842
  -13.042  -13.042   -8.392   -8.392   -6.778   -6.778   -5.557   -5.557   -5.512   -5.512
   -4.249   -4.249   -3.066   -3.066   -2.583   -2.583   -1.368   -1.368   -1.161   -1.161
   -1.044   -1.044   -0.878   -0.878    0.147    0.147    1.555    1.555    1.657    1.657
    2.094    2.094    2.855    2.855
            0.493827  0.299367  0.000000
  -61.511  -61.511  -37.406  -37.405  -35.026  -35.025  -34.832  -34.831  -14.842  -14.840
  -13.042  -13.040   -8.392   -8.390   -6.778   -6.776   -5.590   -5.569   -5.505   -5.482
   -4.250   -4.249   -3.078   -3.062   -2.589   -2.571   -1.379   -1.361   -1.167   -1.159
   -1.051   -1.030   -0.886   -0.871    0.144    0.149    1.535    1.563    1.647    1.684
    2.093    2.097    2.846    2.851
            0.487654  0.310059  0.000000
  -61.511  -61.511  -37.407  -37.404  -35.026  -35.025  -34.833  -34.831  -14.841  -14.838
  -13.041  -13.037   -8.388   -8.386   -6.775   -6.772   -5.631   -5.609   -5.476   -5.451
   -4.251   -4.250   -3.099   -3.068   -2.590   -2.555   -1.395   -1.361   -1.176   -1.161
   -1.052   -1.014   -0.894   -0.863    0.139    0.149    1.512    1.552    1.663    1.720
    2.094    2.104    2.823    2.834
            0.481481  0.320750  0.000000
  -61.511  -61.511  -37.407  -37.404  -35.025  -35.024  -34.835  -34.831  -14.839  -14.834
  -13.039  -13.033   -8.382   -8.378   -6.769   -6.765   -5.676   -5.655   -5.449   -5.422
   -4.253   -4.251   -3.126   -3.083   -2.585   -2.536   -1.413   -1.366   -1.188   -1.168
   -1.049   -0.995   -0.902   -0.853    0.132    0.147    1.492    1.533    1.691    1.758
    2.099    2.115    2.789    2.805
            0.475309  0.331442  0.000000
  -61.511  -61.511  -37.408  -37.403  -35.025  -35.023  -34.837  -34.832  -14.835  -14.829
  -13.036  -13.028   -8.373   -8.368   -6.762   -6.755   -5.725   -5.705   -5.425   -5.396
   -4.255   -4.253   -3.159   -3.107   -2.575   -2.514   -1.433   -1.376   -1.203   -1.180
   -1.043   -0.977   -0.909   -0.839    0.125    0.144    1.474    1.513    1.721    1.798
    2.108    2.131    2.745    2.766
            0.469136  0.342134  0.000000
  -61.511  -61.511  -37.409  -37.403  -35.024  -35.021  -34.840  -34.834  -14.831  -14.823
  -13.031  -13.021   -8.361   -8.355   -6.752   -6.744   -5.776   -5.757   -5.404   -5.374
   -4.259   -4.255   -3.195   -3.136   -2.561   -2.490   -1.453   -1.389   -1.220   -1.195
   -1.038   -0.967   -0.908   -0.820    0.116    0.139    1.458    1.494    1.749    1.835
    2.124    2.154    2.693    2.718
            0.462963  0.352825  0.000000
  -61.510  -61.510  -37.410  -37.403  -35.023  -35.020  -34.844  -34.836  -14.825  -14.816
  -13.025  -13.013   -8.346   -8.340   -6.740   -6.731   -5.830   -5.812   -5.387   -5.356
   -4.263   -4.259   -3.235   -3.171   -2.544   -2.466   -1.474   -1.405   -1.240   -1.212
   -1.038   -0.971   -0.891   -0.795    0.106    0.134    1.445    1.479    1.771    1.866
    2.149    2.187    2.636    2.664
            0.456790  0.363517  0.000000
  -61.510  -61.510  -37.411  -37.403  -35.022  -35.018  -34.847  -34.839  -14.818  -14.807
  -13.019  -13.005   -8.329   -8.322   -6.727   -6.716   -5.885   -5.868   -5.374   -5.341
   -4.269   -4.264   -3.276   -3.209   -2.525   -2.441   -1.494   -1.422   -1.262   -1.232
   -1.043   -0.984   -0.863   -0.765    0.096    0.127    1.433    1.466    1.785    1.888
    2.186    2.228    2.577    2.608
            0.450617  0.374209  0.000000
  -61.510  -61.510  -37.412  -37.402  -35.020  -35.016  -34.851  -34.842  -14.810  -14.798
  -13.011  -12.995   -8.310   -8.302   -6.713   -6.701   -5.942   -5.926   -5.364   -5.330
   -4.276   -4.269   -3.317   -3.250   -2.504   -2.416   -1.513   -1.439   -1.286   -1.254
   -1.053   -1.002   -0.830   -0.731    0.086    0.120    1.421    1.455    1.790    1.898
    2.235    2.275    2.521    2.551
            0.444444  0.384900  0.000000
  -61.510  -61.510  -37.413  -37.402  -35.018  -35.014  -34.856  -34.845  -14.802  -14.788
  -13.002  -12.984   -8.288   -8.279   -6.698   -6.686   -5.999   -5.983   -5.358   -5.323
   -4.285   -4.276   -3.359   -3.292   -2.483   -2.391   -1.531   -1.456   -1.310   -1.277
   -1.068   -1.022   -0.792   -0.693    0.077    0.114    1.410    1.446    1.787    1.897
    2.292    2.318    2.479    2.500
            0.438272  0.395592  0.000000
  -61.510  -61.510  -37.414  -37.402  -35.017  -35.012  -34.861  -34.849  -14.792  -14.777
  -12.993  -12.973   -8.264   -8.254   -6.685   -6.673   -6.055   -6.040   -5.357   -5.320
   -4.296   -4.284   -3.399   -3.334   -2.461   -2.366   -1.547   -1.473   -1.336   -1.300
   -1.086   -1.044   -0.752   -0.654    0.068    0.108    1.398    1.438    1.774    1.886
    2.324    2.344    2.468    2.485
            0.432099  0.406284  0.000000
  -61.509  -61.509  -37.414  -37.402  -35.014  -35.009  -34.866  -34.853  -14.782  -14.765
  -12.982  -12.961   -8.238   -8.227   -6.675   -6.662   -6.107   -6.093   -5.358   -5.320
   -4.308   -4.293   -3.438   -3.375   -2.438   -2.342   -1.562   -1.489   -1.361   -1.323
   -1.107   -1.067   -0.710   -0.613    0.060    0.102    1.385    1.430    1.753    1.865
    2.293    2.353    2.493    2.540
            0.425926  0.416975  0.000000
  -61.509  -61.509  -37.415  -37.402  -35.012  -35.007  -34.871  -34.857  -14.771  -14.753
  -12.971  -12.948   -8.210   -8.198   -6.669   -6.657   -6.155   -6.141   -5.364   -5.325
   -4.323   -4.304   -3.473   -3.414   -2.416   -2.318   -1.576   -1.504   -1.385   -1.346
   -1.130   -1.091   -0.667   -0.571    0.054    0.098    1.371    1.420    1.724    1.833
    2.254    2.330    2.564    2.616
            0.419753  0.427667  0.000000
  -61.509  -61.509  -37.416  -37.402  -35.010  -35.004  -34.877  -34.862  -14.760  -14.741
  -12.960  -12.935   -8.180   -8.168   -6.670   -6.659   -6.194   -6.181   -5.374   -5.333
   -4.340   -4.316   -3.506   -3.452   -2.393   -2.294   -1.587   -1.518   -1.409   -1.368
   -1.155   -1.116   -0.622   -0.529    0.050    0.096    1.355    1.407    1.687    1.792
    2.219    2.306    2.649    2.701
            0.413580  0.438359  0.000000
  -61.509  -61.509  -37.417  -37.402  -35.007  -35.001  -34.882  -34.867  -14.748  -14.728
  -12.948  -12.922   -8.148   -8.136   -6.683   -6.672   -6.223   -6.209   -5.387   -5.345
   -4.358   -4.329   -3.536   -3.487   -2.371   -2.272   -1.597   -1.531   -1.430   -1.388
   -1.181   -1.141   -0.578   -0.487    0.049    0.096    1.337    1.391    1.645    1.744
    2.192    2.289    2.741    2.791
            0.407407  0.449050  0.000000
  -61.508  -61.508  -37.418  -37.402  -35.004  -34.998  -34.888  -34.872  -14.736  -14.715
  -12.936  -12.909   -8.115   -8.102   -6.708   -6.696   -6.240   -6.224   -5.403   -5.360
   -4.376   -4.343   -3.562   -3.519   -2.349   -2.250   -1.605   -1.543   -1.450   -1.406
   -1.207   -1.167   -0.533   -0.445    0.049    0.099    1.317    1.371    1.599    1.690
    2.174    2.278    2.836    2.885
            0.401235  0.459742  0.000000
  -61.508  -61.508  -37.419  -37.403  -35.001  -34.994  -34.894  -34.877  -14.724  -14.702
  -12.924  -12.895   -8.080   -8.068   -6.745   -6.731   -6.245   -6.227   -5.421   -5.378
   -4.395   -4.358   -3.585   -3.549   -2.328   -2.230   -1.611   -1.553   -1.466   -1.421
   -1.235   -1.193   -0.489   -0.404    0.053    0.104    1.294    1.345    1.551    1.633
    2.163    2.273    2.933    2.980
            0.395062  0.470434  0.000000
  -61.508  -61.508  -37.420  -37.403  -34.998  -34.991  -34.900  -34.883  -14.712  -14.689
  -12.912  -12.882   -8.045   -8.033   -6.791   -6.774   -6.241   -6.220   -5.443   -5.399
   -4.414   -4.372   -3.605   -3.575   -2.308   -2.211   -1.615   -1.562   -1.480   -1.433
   -1.262   -1.219   -0.446   -0.365    0.059    0.112    1.269    1.314    1.505    1.575
    2.158    2.273    3.031    3.076
            0.388889  0.481125  0.000000
  -61.507  -61.507  -37.421  -37.403  -34.995  -34.987  -34.906  -34.888  -14.700  -14.676
  -12.901  -12.870   -8.010   -7.997   -6.843   -6.823   -6.229   -6.206   -5.465   -5.422
   -4.432   -4.387   -3.623   -3.600   -2.289   -2.193   -1.618   -1.568   -1.491   -1.442
   -1.289   -1.245   -0.404   -0.328    0.068    0.122    1.241    1.278    1.462    1.517
    2.159    2.276    3.129    3.173
            0.382716  0.491817  0.000000
  -61.507  -61.507  -37.422  -37.403  -34.991  -34.984  -34.912  -34.893  -14.689  -14.664
  -12.890  -12.858   -7.974   -7.962   -6.897   -6.875   -6.213   -6.188   -5.489   -5.446
   -4.449   -4.402   -3.639   -3.621   -2.271   -2.177   -1.619   -1.573   -1.498   -1.448
   -1.315   -1.270   -0.363   -0.293    0.079    0.136    1.210    1.239    1.423    1.463
    2.163    2.281    3.226    3.268
            0.376543  0.502509  0.000000
  -61.507  -61.507  -37.422  -37.403  -34.988  -34.980  -34.918  -34.899  -14.678  -14.653
  -12.879  -12.846   -7.939   -7.927   -6.952   -6.928   -6.195   -6.168   -5.512   -5.471
   -4.464   -4.415   -3.654   -3.641   -2.255   -2.162   -1.619   -1.574   -1.502   -1.452
   -1.340   -1.295   -0.324   -0.261    0.091    0.151    1.175    1.199    1.388    1.412
    2.170    2.288    3.319    3.361
            0.370370  0.513200  0.000000
  -61.507  -61.507  -37.423  -37.404  -34.984  -34.977  -34.924  -34.904  -14.668  -14.642
  -12.869  -12.836   -7.905   -7.894   -7.006   -6.979   -6.176   -6.147   -5.535   -5.494
   -4.477   -4.428   -3.667   -3.658   -2.241   -2.149   -1.619   -1.573   -1.503   -1.455
   -1.362   -1.319   -0.288   -0.232    0.104    0.167    1.138    1.162    1.355    1.368
    2.178    2.295    3.408    3.449
            0.364198  0.523892  0.000000
  -61.507  -61.507  -37.424  -37.404  -34.980  -34.973  -34.930  -34.908  -14.659  -14.633
  -12.861  -12.826   -7.873   -7.863   -7.056   -7.027   -6.158   -6.128   -5.555   -5.516
   -4.488   -4.439   -3.679   -3.672   -2.229   -2.138   -1.619   -1.568   -1.501   -1.458
   -1.382   -1.342   -0.254   -0.205    0.117    0.184    1.100    1.129    1.323    1.333
    2.187    2.303    3.491    3.531
            0.358025  0.534584  0.000000
  -61.506  -61.506  -37.424  -37.404  -34.977  -34.970  -34.935  -34.913  -14.652  -14.625
  -12.853  -12.818   -7.845   -7.835   -7.101   -7.070   -6.143   -6.111   -5.573   -5.535
   -4.497   -4.449   -3.690   -3.683   -2.219   -2.128   -1.618   -1.560   -1.498   -1.463
   -1.397   -1.363   -0.223   -0.183    0.127    0.199    1.067    1.098    1.294    1.307
    2.196    2.310    3.563    3.604
            0.351852  0.545276  0.000000
  -61.506  -61.506  -37.425  -37.404  -34.973  -34.967  -34.940  -34.916  -14.645  -14.618
  -12.847  -12.812   -7.821   -7.812   -7.139   -7.106   -6.130   -6.097   -5.587   -5.551
   -4.504   -4.456   -3.699   -3.691   -2.211   -2.121   -1.616   -1.549   -1.495   -1.471
   -1.407   -1.382   -0.196   -0.163    0.135    0.212    1.040    1.072    1.270    1.285
    2.203    2.315    3.623    3.665
            0.345679  0.555967  0.000000
  -61.506  -61.506  -37.425  -37.405  -34.970  -34.965  -34.944  -34.919  -14.641  -14.613
  -12.842  -12.807   -7.803   -7.795   -7.167   -7.133   -6.121   -6.088   -5.597   -5.562
   -4.508   -4.462   -3.707   -3.697   -2.205   -2.115   -1.613   -1.538   -1.491   -1.482
   -1.415   -1.395   -0.174   -0.149    0.140    0.220    1.022    1.051    1.254    1.267
    2.209    2.320    3.668    3.710
            0.339506  0.566659  0.000000
  -61.506  -61.506  -37.425  -37.405  -34.968  -34.964  -34.947  -34.921  -14.638  -14.610
  -12.840  -12.804   -7.791   -7.785   -7.185   -7.149   -6.115   -6.082   -5.603   -5.569
   -4.511   -4.466   -3.711   -3.701   -2.202   -2.112   -1.610   -1.528   -1.493   -1.486
   -1.424   -1.400   -0.159   -0.140    0.141    0.225    1.013    1.038    1.246    1.255
    2.213    2.322    3.695    3.737
            0.333333  0.577351  0.000000
  -61.506  -61.506  -37.425  -37.405  -34.967  -34.963  -34.948  -34.922  -14.637  -14.609
  -12.839  -12.803   -7.788   -7.781   -7.191   -7.155   -6.114   -6.080   -5.604   -5.571
   -4.512   -4.467   -3.713   -3.702   -2.201   -2.111   -1.609   -1.524   -1.495   -1.485
   -1.428   -1.401   -0.153   -0.137    0.141    0.227    1.010    1.034    1.245    1.248
    2.214    2.323    3.703    3.746
            0.323810  0.560855  0.000000
  -61.506  -61.506  -37.425  -37.405  -34.969  -34.964  -34.946  -34.921  -14.639  -14.612
  -12.841  -12.805   -7.795   -7.788   -7.177   -7.142   -6.117   -6.084   -5.601   -5.567
   -4.510   -4.464   -3.709   -3.699   -2.203   -2.114   -1.613   -1.529   -1.493   -1.489
   -1.417   -1.398   -0.168   -0.145    0.143    0.225    1.014    1.043    1.248    1.264
    2.211    2.321    3.685    3.727
            0.314286  0.544359  0.000000
  -61.506  -61.506  -37.425  -37.404  -34.973  -34.967  -34.940  -34.917  -14.648  -14.620
  -12.849  -12.813   -7.813   -7.805   -7.140   -7.108   -6.127   -6.093   -5.592   -5.555
   -4.503   -4.454   -3.697   -3.689   -2.211   -2.122   -1.626   -1.541   -1.501   -1.487
   -1.406   -1.370   -0.210   -0.172    0.149    0.224    1.024    1.060    1.271    1.300
    2.203    2.317    3.634    3.678
            0.304762  0.527863  0.000000
  -61.507  -61.507  -37.424  -37.404  -34.977  -34.970  -34.933  -34.911  -14.662  -14.635
  -12.863  -12.828   -7.835   -7.826   -7.086   -7.056   -6.139   -6.107   -5.580   -5.540
   -4.489   -4.437   -3.676   -3.671   -2.222   -2.136   -1.643   -1.557   -1.522   -1.487
   -1.389   -1.322   -0.271   -0.218    0.158    0.227    1.036    1.071    1.317    1.352
    2.192    2.313    3.560    3.606
            0.295238  0.511368  0.000000
  -61.507  -61.507  -37.422  -37.403  -34.980  -34.974  -34.926  -34.905  -14.683  -14.657
  -12.882  -12.848   -7.853   -7.843   -7.020   -6.992   -6.154   -6.122   -5.567   -5.524
   -4.469   -4.413   -3.648   -3.646   -2.238   -2.156   -1.661   -1.574   -1.554   -1.508
   -1.351   -1.267   -0.342   -0.278    0.168    0.232    1.045    1.071    1.381    1.416
    2.182    2.310    3.470    3.518
            0.285714  0.494872  0.000000
  -61.508  -61.508  -37.421  -37.402  -34.983  -34.977  -34.919  -34.898  -14.711  -14.685
  -12.908  -12.875   -7.863   -7.854   -6.945   -6.920   -6.170   -6.139   -5.553   -5.509
   -4.441   -4.382   -3.614   -3.611   -2.259   -2.180   -1.676   -1.596   -1.589   -1.545
   -1.299   -1.206   -0.418   -0.346    0.178    0.240    1.045    1.062    1.456    1.487
    2.174    2.309    3.371    3.421
            0.276190  0.478376  0.000000
  -61.508  -61.508  -37.418  -37.400  -34.985  -34.979  -34.911  -34.890  -14.746  -14.721
  -12.940  -12.907   -7.863   -7.854   -6.864   -6.841   -6.186   -6.156   -5.538   -5.495
   -4.405   -4.346   -3.575   -3.569   -2.284   -2.209   -1.689   -1.644   -1.604   -1.590
   -1.238   -1.143   -0.493   -0.419    0.186    0.247    1.031    1.049    1.533    1.560
    2.169    2.306    3.273    3.320
            0.266667  0.461880  0.000000
  -61.509  -61.509  -37.416  -37.398  -34.986  -34.981  -34.903  -34.882  -14.787  -14.764
  -12.978  -12.946   -7.850   -7.843   -6.778   -6.759   -6.201   -6.174   -5.523   -5.482
   -4.363   -4.304   -3.532   -3.521   -2.313   -2.241   -1.708   -1.689   -1.650   -1.607
   -1.172   -1.082   -0.564   -0.491    0.192    0.252    1.005    1.031    1.608    1.629
    2.163    2.296    3.183    3.225
            0.257143  0.445385  0.000000
  -61.510  -61.510  -37.413  -37.396  -34.987  -34.982  -34.895  -34.875  -14.836  -14.813
  -13.022  -12.990   -7.824   -7.818   -6.690   -6.675   -6.215   -6.189   -5.507   -5.470
   -4.315   -4.258   -3.484   -3.469   -2.346   -2.278   -1.757   -1.713   -1.696   -1.613
   -1.106   -1.028   -0.624   -0.558    0.195    0.252    0.976    1.008    1.675    1.692
    2.151    2.272    3.109    3.144
            0.247619  0.428889  0.000000
  -61.511  -61.511  -37.409  -37.394  -34.986  -34.981  -34.887  -34.867  -14.891  -14.869
  -13.072  -13.039   -7.784   -7.780   -6.606   -6.596   -6.223   -6.199   -5.489   -5.456
   -4.264   -4.209   -3.432   -3.413   -2.383   -2.317   -1.811   -1.767   -1.703   -1.616
   -1.046   -0.995   -0.665   -0.610    0.192    0.244    0.948    0.984    1.732    1.744
    2.127    2.227    3.056    3.087
            0.238095  0.412393  0.000000
  -61.513  -61.513  -37.405  -37.391  -34.985  -34.980  -34.878  -34.858  -14.952  -14.931
  -13.126  -13.093   -7.731   -7.729   -6.535   -6.532   -6.215   -6.194   -5.468   -5.440
   -4.212   -4.160   -3.379   -3.356   -2.422   -2.357   -1.859   -1.820   -1.704   -1.617
   -1.006   -0.996   -0.684   -0.628    0.179    0.227    0.928    0.963    1.776    1.784
    2.087    2.164    3.020    3.059
            0.228571  0.395898  0.000000
  -61.514  -61.514  -37.401  -37.387  -34.983  -34.978  -34.869  -34.850  -15.018  -14.999
  -13.184  -13.151   -7.664   -7.663   -6.499   -6.491   -6.180   -6.160   -5.444   -5.421
   -4.161   -4.113   -3.325   -3.299   -2.461   -2.397   -1.900   -1.866   -1.701   -1.615
   -1.029   -0.999   -0.678   -0.603    0.156    0.197    0.919    0.951    1.801    1.808
    2.038    2.090    3.002    3.053
            0.219048  0.379402  0.000000
  -61.516  -61.516  -37.396  -37.384  -34.981  -34.975  -34.860  -34.841  -15.089  -15.071
  -13.246  -13.212   -7.586   -7.583   -6.499   -6.484   -6.112   -6.092   -5.416   -5.399
   -4.113   -4.069   -3.273   -3.244   -2.498   -2.435   -1.931   -1.904   -1.696   -1.611
   -1.078   -1.027   -0.645   -0.558    0.120    0.156    0.924    0.950    1.799    1.818
    1.990    2.018    2.997    3.059
            0.209524  0.362906  0.000000
  -61.517  -61.517  -37.391  -37.380  -34.978  -34.972  -34.851  -34.833  -15.164  -15.147
  -13.310  -13.276   -7.496   -7.491   -6.522   -6.504   -6.023   -6.001   -5.384   -5.371
   -4.071   -4.029   -3.224   -3.193   -2.529   -2.468   -1.951   -1.930   -1.688   -1.605
   -1.132   -1.075   -0.599   -0.511    0.075    0.105    0.942    0.962    1.768    1.807
    1.946    1.973    2.998    3.067
            0.200000  0.346410  0.000000
  -61.519  -61.519  -37.386  -37.375  -34.975  -34.968  -34.841  -34.824  -15.243  -15.226
  -13.376  -13.342   -7.395   -7.387   -6.560   -6.540   -5.923   -5.901   -5.346   -5.338
   -4.034   -3.996   -3.180   -3.148   -2.553   -2.493   -1.959   -1.946   -1.679   -1.598
   -1.186   -1.128   -0.556   -0.474    0.024    0.049    0.972    0.986    1.723    1.774
    1.908    1.955    3.000    3.072
            0.190476  0.329915  0.000000
  -61.521  -61.521  -37.380  -37.371  -34.971  -34.964  -34.831  -34.815  -15.324  -15.307
  -13.444  -13.409   -7.283   -7.273   -6.607   -6.586   -5.821   -5.798   -5.302   -5.297
   -4.003   -3.969   -3.145   -3.114   -2.565   -2.508   -1.956   -1.950   -1.667   -1.589
   -1.235   -1.181   -0.528   -0.456   -0.024   -0.003    1.011    1.022    1.680    1.733
    1.883    1.942    2.997    3.069
            0.180952  0.313419  0.000000
  -61.523  -61.523  -37.375  -37.366  -34.967  -34.959  -34.820  -34.805  -15.406  -15.390
  -13.512  -13.476   -7.162   -7.151   -6.661   -6.639   -5.722   -5.698   -5.254   -5.247
   -3.979   -3.947   -3.118   -3.089   -2.566   -2.512   -1.947   -1.938   -1.654   -1.580
   -1.278   -1.230   -0.524   -0.463   -0.063   -0.044    1.055    1.069    1.650    1.700
    1.862    1.929    2.985    3.056
            0.171429  0.296923  0.000000
  -61.525  -61.525  -37.369  -37.361  -34.962  -34.955  -34.809  -34.796  -15.490  -15.474
  -13.580  -13.544   -7.034   -7.021   -6.718   -6.697   -5.631   -5.604   -5.200   -5.189
   -3.959   -3.930   -3.100   -3.074   -2.556   -2.505   -1.932   -1.914   -1.639   -1.571
   -1.313   -1.274   -0.548   -0.495   -0.091   -0.070    1.106    1.125    1.637    1.680
    1.843    1.915    2.962    3.031
            0.161905  0.280427  0.000000
  -61.527  -61.527  -37.363  -37.356  -34.958  -34.950  -34.798  -34.786  -15.573  -15.558
  -13.647  -13.612   -6.905   -6.888   -6.774   -6.757   -5.548   -5.519   -5.139   -5.124
   -3.942   -3.915   -3.089   -3.065   -2.537   -2.490   -1.911   -1.883   -1.623   -1.561
   -1.337   -1.309   -0.596   -0.544   -0.109   -0.087    1.163    1.188    1.641    1.675
    1.828    1.902    2.928    2.993
            0.152381  0.263932  0.000000
  -61.529  -61.529  -37.357  -37.350  -34.953  -34.946  -34.787  -34.776  -15.656  -15.642
  -13.714  -13.678   -6.867   -6.837   -6.740   -6.729   -5.474   -5.444   -5.074   -5.057
   -3.924   -3.900   -3.083   -3.061   -2.514   -2.469   -1.888   -1.848   -1.608   -1.552
   -1.351   -1.335   -0.655   -0.603   -0.122   -0.104    1.227    1.257    1.660    1.679
    1.822    1.894    2.883    2.944
            0.142857  0.247436  0.000000
  -61.531  -61.531  -37.351  -37.345  -34.948  -34.941  -34.775  -34.765  -15.737  -15.724
  -13.778  -13.743   -6.928   -6.901   -6.601   -6.587   -5.409   -5.379   -5.010   -4.992
   -3.902   -3.881   -3.079   -3.059   -2.488   -2.444   -1.866   -1.813   -1.596   -1.544
   -1.355   -1.343   -0.716   -0.663   -0.136   -0.123    1.298    1.332    1.685    1.690
    1.830    1.898    2.828    2.883
            0.133333  0.230940  0.000000
  -61.533  -61.533  -37.345  -37.340  -34.944  -34.937  -34.763  -34.755  -15.816  -15.804
  -13.840  -13.806   -6.997   -6.971   -6.454   -6.439   -5.351   -5.321   -4.951   -4.934
   -3.874   -3.855   -3.077   -3.056   -2.461   -2.417   -1.848   -1.783   -1.589   -1.537
   -1.351   -1.328   -0.772   -0.718   -0.154   -0.145    1.377    1.413    1.689    1.719
    1.854    1.919    2.765    2.815
            0.123810  0.214444  0.000000
  -61.535  -61.535  -37.340  -37.335  -34.940  -34.933  -34.751  -34.744  -15.893  -15.881
  -13.900  -13.867   -7.067   -7.042   -6.305   -6.289   -5.299   -5.270   -4.903   -4.887
   -3.837   -3.818   -3.075   -3.053   -2.434   -2.389   -1.836   -1.761   -1.587   -1.533
   -1.333   -1.297   -0.820   -0.765   -0.177   -0.171    1.462    1.500    1.693    1.742
    1.896    1.960    2.697    2.742
            0.114286  0.197949  0.000000
  -61.537  -61.537  -37.334  -37.330  -34.936  -34.930  -34.739  -34.733  -15.966  -15.954
  -13.956  -13.925   -7.137   -7.113   -6.155   -6.139   -5.252   -5.224   -4.868   -4.855
   -3.789   -3.770   -3.073   -3.050   -2.406   -2.360   -1.831   -1.750   -1.589   -1.530
   -1.302   -1.256   -0.857   -0.802   -0.205   -0.198    1.553    1.593    1.700    1.760
    1.953    2.012    2.626    2.667
            0.104762  0.181453  0.000000
  -61.539  -61.539  -37.329  -37.325  -34.932  -34.926  -34.727  -34.723  -16.035  -16.024
  -14.009  -13.979   -7.206   -7.183   -6.007   -5.991   -5.209   -5.182   -4.846   -4.835
   -3.731   -3.711   -3.072   -3.047   -2.376   -2.330   -1.832   -1.750   -1.591   -1.529
   -1.261   -1.207   -0.882   -0.827   -0.235   -0.226    1.648    1.690    1.714    1.778
    2.016    2.069    2.556    2.593
            0.095238  0.164957  0.000000
  -61.541  -61.541  -37.324  -37.321  -34.928  -34.923  -34.716  -34.712  -16.100  -16.090
  -14.059  -14.031   -7.272   -7.251   -5.863   -5.847   -5.171   -5.146   -4.837   -4.828
   -3.664   -3.644   -3.071   -3.045   -2.345   -2.299   -1.838   -1.757   -1.594   -1.532
   -1.214   -1.155   -0.897   -0.841   -0.266   -0.255    1.725    1.756    1.789    1.807
    2.079    2.123    2.489    2.524
            0.085714  0.148462  0.000000
  -61.543  -61.543  -37.320  -37.317  -34.925  -34.921  -34.705  -34.702  -16.160  -16.151
  -14.104  -14.078   -7.335   -7.315   -5.725   -5.709   -5.137   -5.114   -4.838   -4.830
   -3.590   -3.571   -3.072   -3.045   -2.310   -2.265   -1.846   -1.770   -1.600   -1.540
   -1.164   -1.102   -0.901   -0.846   -0.295   -0.284    1.760    1.816    1.869    1.896
    2.135    2.166    2.430    2.464
            0.076190  0.131966  0.000000
  -61.545  -61.545  -37.316  -37.313  -34.923  -34.918  -34.695  -34.693  -16.215  -16.206
  -14.145  -14.122   -7.394   -7.376   -5.593   -5.578   -5.107   -5.086   -4.845   -4.839
   -3.514   -3.495   -3.073   -3.047   -2.271   -2.229   -1.855   -1.784   -1.611   -1.555
   -1.112   -1.051   -0.897   -0.845   -0.323   -0.311    1.798    1.854    1.967    1.998
    2.174    2.187    2.382    2.418
            0.066667  0.115470  0.000000
  -61.546  -61.546  -37.312  -37.309  -34.920  -34.916  -34.685  -34.684  -16.264  -16.256
  -14.182  -14.161   -7.448   -7.431   -5.471   -5.456   -5.082   -5.063   -4.857   -4.852
   -3.437   -3.419   -3.077   -3.052   -2.228   -2.190   -1.863   -1.799   -1.628   -1.578
   -1.060   -1.002   -0.886   -0.838   -0.348   -0.337    1.844    1.895    2.049    2.088
    2.185    2.205    2.343    2.380
            0.057143  0.098974  0.000000
  -61.547  -61.547  -37.308  -37.306  -34.918  -34.915  -34.677  -34.676  -16.307  -16.300
  -14.214  -14.195   -7.495   -7.481   -5.360   -5.346   -5.061   -5.045   -4.871   -4.867
   -3.362   -3.346   -3.081   -3.059   -2.182   -2.149   -1.870   -1.812   -1.651   -1.607
   -1.010   -0.956   -0.870   -0.828   -0.371   -0.361    1.894    1.938    2.070    2.107
    2.233    2.255    2.301    2.338
            0.047619  0.082479  0.000000
  -61.548  -61.548  -37.306  -37.304  -34.916  -34.913  -34.670  -34.669  -16.344  -16.338
  -14.241  -14.225   -7.537   -7.525   -5.261   -5.249   -5.045   -5.031   -4.885   -4.882
   -3.292   -3.278   -3.086   -3.067   -2.133   -2.106   -1.875   -1.825   -1.681   -1.643
   -0.961   -0.915   -0.852   -0.818   -0.392   -0.383    1.943    1.979    2.041    2.074
    2.248    2.273    2.326    2.361
            0.038095  0.065983  0.000000
  -61.549  -61.549  -37.303  -37.302  -34.914  -34.912  -34.663  -34.663  -16.374  -16.369
  -14.263  -14.250   -7.571   -7.561   -5.177   -5.166   -5.032   -5.021   -4.898   -4.896
   -3.230   -3.218   -3.091   -3.075   -2.083   -2.062   -1.878   -1.837   -1.716   -1.684
   -0.917   -0.880   -0.834   -0.809   -0.409   -0.403    1.968    1.995    2.016    2.061
    2.207    2.230    2.420    2.444
            0.028571  0.049487  0.000000
  -61.550  -61.550  -37.301  -37.300  -34.913  -34.912  -34.659  -34.658  -16.397  -16.394
  -14.280  -14.270   -7.598   -7.590   -5.110   -5.100   -5.023   -5.014   -4.909   -4.906
   -3.178   -3.169   -3.095   -3.082   -2.032   -2.017   -1.879   -1.847   -1.754   -1.728
   -0.880   -0.853   -0.815   -0.801   -0.424   -0.419    1.945    1.955    2.054    2.084
    2.177    2.194    2.503    2.521
            0.019048  0.032991  0.000000
  -61.551  -61.551  -37.300  -37.299  -34.912  -34.911  -34.655  -34.655  -16.414  -16.412
  -14.292  -14.285   -7.617   -7.612   -5.060   -5.051   -5.016   -5.010   -4.918   -4.915
   -3.140   -3.135   -3.095   -3.088   -1.981   -1.972   -1.879   -1.856   -1.795   -1.774
   -0.852   -0.835   -0.798   -0.793   -0.435   -0.432    1.915    1.921    2.087    2.105
    2.160    2.169    2.569    2.581
            0.009524  0.016496  0.000000
  -61.551  -61.551  -37.299  -37.298  -34.912  -34.911  -34.653  -34.653  -16.424  -16.423
  -14.298  -14.295   -7.628   -7.625   -5.030   -5.024   -5.009   -5.007   -4.924   -4.921
   -3.119   -3.118   -3.091   -3.088   -1.933   -1.927   -1.878   -1.865   -1.836   -1.820
   -0.835   -0.827   -0.786   -0.786   -0.442   -0.441    1.895    1.898    2.105    2.111
    2.158    2.160    2.612    2.615
            0.000000  0.000000  0.000000
  -61.551  -61.551  -37.298  -37.298  -34.911  -34.911  -34.652  -34.652  -16.427  -16.427
  -14.299  -14.299   -7.631   -7.631   -5.020   -5.020   -5.003   -5.003   -4.925   -4.925
   -3.114   -3.114   -3.087   -3.087   -1.889   -1.889   -1.888   -1.888   -1.853   -1.853
   -0.827   -0.827   -0.782   -0.782   -0.444   -0.444    1.889    1.889    2.110    2.110
    2.159    2.159    2.625    2.625
