#mos2
#K-Mesh              Total_E(Ry)        Total_E(eV)      Energy_Diff(eV)
 3  3 1               -496.73266297     -6758.39756773         0.05002123
 6  6 1               -496.72885000     -6758.34568959         0.00185691
 9  9 1               -496.72897803     -6758.34743153         0.00011497
12 12 1               -496.72898566     -6758.34753534         0.00001116
15 15 1               -496.72898614     -6758.34754187         0.00000463
18 18 1               -496.72898640     -6758.34754541         0.00000109
21 21 1               -496.72898657     -6758.34754772         0.00000122
24 24 1               -496.72898633     -6758.34754445         0.00000204
27 27 1               -496.72898650     -6758.34754677         0.00000027
30 30 1               -496.72898648     -6758.34754649         0.00000000
