 &plot nbnd=  18, nks=   100 /
            0.000000  0.000000  0.000000
   -7.148   -7.148   -4.547   -4.547   -4.412   -4.412   -4.395   -4.395   -3.982   -3.982
   -3.915   -3.915   -2.120   -2.120    0.680    0.680    1.074    1.075
            0.013514  0.007802  0.000000
   -7.144   -7.144   -4.547   -4.547   -4.411   -4.411   -4.395   -4.395   -3.983   -3.983
   -3.916   -3.916   -2.114   -2.114    0.684    0.684    1.079    1.079
            0.027027  0.015604  0.000000
   -7.132   -7.132   -4.546   -4.546   -4.410   -4.410   -4.394   -4.394   -3.987   -3.987
   -3.919   -3.919   -2.098   -2.098    0.694    0.694    1.090    1.090
            0.040541  0.023406  0.000000
   -7.113   -7.113   -4.546   -4.546   -4.407   -4.407   -4.393   -4.393   -3.993   -3.993
   -3.924   -3.924   -2.071   -2.071    0.712    0.712    1.107    1.108
            0.054054  0.031208  0.000000
   -7.085   -7.085   -4.546   -4.546   -4.404   -4.404   -4.391   -4.391   -4.003   -4.003
   -3.930   -3.930   -2.033   -2.033    0.737    0.737    1.132    1.132
            0.067568  0.039010  0.000000
   -7.050   -7.050   -4.546   -4.546   -4.400   -4.400   -4.388   -4.388   -4.017   -4.017
   -3.936   -3.936   -1.986   -1.986    0.769    0.769    1.164    1.164
            0.081081  0.046812  0.000000
   -7.007   -7.007   -4.547   -4.547   -4.395   -4.395   -4.383   -4.382   -4.034   -4.034
   -3.941   -3.941   -1.929   -1.929    0.808    0.808    1.204    1.204
            0.094595  0.054614  0.000000
   -6.957   -6.957   -4.550   -4.550   -4.389   -4.389   -4.375   -4.375   -4.054   -4.054
   -3.946   -3.946   -1.864   -1.864    0.854    0.854    1.251    1.251
            0.108108  0.062416  0.000000
   -6.899   -6.899   -4.553   -4.553   -4.383   -4.383   -4.366   -4.366   -4.076   -4.076
   -3.951   -3.951   -1.790   -1.790    0.908    0.908    1.305    1.305
            0.121622  0.070218  0.000000
   -6.833   -6.833   -4.558   -4.558   -4.377   -4.376   -4.354   -4.354   -4.099   -4.099
   -3.955   -3.955   -1.708   -1.708    0.968    0.968    1.366    1.366
            0.135135  0.078020  0.000000
   -6.760   -6.760   -4.565   -4.565   -4.370   -4.370   -4.340   -4.340   -4.124   -4.123
   -3.959   -3.959   -1.618   -1.618    1.036    1.036    1.435    1.435
            0.148649  0.085822  0.000000
   -6.681   -6.681   -4.572   -4.572   -4.363   -4.363   -4.324   -4.324   -4.147   -4.147
   -3.963   -3.963   -1.521   -1.521    1.110    1.110    1.511    1.511
            0.162162  0.093624  0.000000
   -6.594   -6.594   -4.579   -4.579   -4.358   -4.357   -4.306   -4.306   -4.170   -4.170
   -3.967   -3.967   -1.418   -1.418    1.192    1.192    1.594    1.594
            0.175676  0.101426  0.000000
   -6.501   -6.501   -4.586   -4.586   -4.354   -4.353   -4.287   -4.287   -4.190   -4.189
   -3.971   -3.971   -1.307   -1.307    1.281    1.281    1.684    1.684
            0.189189  0.109228  0.000000
   -6.402   -6.402   -4.593   -4.593   -4.353   -4.353   -4.268   -4.268   -4.205   -4.204
   -3.975   -3.975   -1.190   -1.190    1.378    1.378    1.782    1.782
            0.202703  0.117031  0.000000
   -6.298   -6.298   -4.598   -4.598   -4.357   -4.356   -4.251   -4.251   -4.210   -4.210
   -3.979   -3.979   -1.067   -1.067    1.481    1.481    1.887    1.887
            0.216216  0.124833  0.000000
   -6.189   -6.189   -4.600   -4.600   -4.366   -4.366   -4.242   -4.241   -4.201   -4.201
   -3.983   -3.983   -0.937   -0.937    1.591    1.591    1.999    1.999
            0.229730  0.132635  0.000000
   -6.076   -6.076   -4.600   -4.599   -4.380   -4.379   -4.237   -4.236   -4.182   -4.181
   -3.986   -3.986   -0.801   -0.801    1.709    1.709    2.118    2.118
            0.243243  0.140437  0.000000
   -5.961   -5.961   -4.594   -4.594   -4.397   -4.396   -4.231   -4.230   -4.158   -4.158
   -3.989   -3.989   -0.660   -0.660    1.834    1.834    2.245    2.245
            0.256757  0.148239  0.000000
   -5.847   -5.847   -4.581   -4.581   -4.414   -4.413   -4.223   -4.223   -4.133   -4.133
   -3.992   -3.992   -0.512   -0.512    1.966    1.966    2.379    2.379
            0.270270  0.156041  0.000000
   -5.735   -5.735   -4.560   -4.560   -4.431   -4.430   -4.215   -4.214   -4.109   -4.109
   -3.993   -3.993   -0.359   -0.359    2.105    2.105    2.520    2.520
            0.283784  0.163843  0.000000
   -5.629   -5.629   -4.532   -4.531   -4.442   -4.441   -4.205   -4.205   -4.084   -4.084
   -3.993   -3.993   -0.201   -0.201    2.250    2.250    2.668    2.668
            0.297297  0.171645  0.000000
   -5.533   -5.533   -4.510   -4.509   -4.429   -4.427   -4.195   -4.195   -4.063   -4.062
   -3.990   -3.990   -0.037   -0.037    2.401    2.401    2.822    2.822
            0.310811  0.179447  0.000000
   -5.450   -5.450   -4.513   -4.512   -4.370   -4.369   -4.185   -4.184   -4.044   -4.044
   -3.983   -3.983    0.133    0.133    2.556    2.556    2.978    2.978
            0.324324  0.187249  0.000000
   -5.383   -5.383   -4.525   -4.525   -4.283   -4.283   -4.171   -4.171   -4.030   -4.030
   -3.969   -3.969    0.307    0.307    2.694    2.694    3.032    3.033
            0.337838  0.195051  0.000000
   -5.332   -5.332   -4.540   -4.540   -4.200   -4.200   -4.137   -4.137   -4.013   -4.013
   -3.949   -3.948    0.487    0.487    2.599    2.599    2.968    2.968
            0.351351  0.202853  0.000000
   -5.294   -5.294   -4.554   -4.554   -4.173   -4.173   -4.071   -4.071   -3.964   -3.964
   -3.915   -3.915    0.671    0.671    2.270    2.270    3.122    3.122
            0.364865  0.210655  0.000000
   -5.267   -5.267   -4.568   -4.568   -4.163   -4.163   -4.048   -4.048   -3.920   -3.920
   -3.799   -3.799    0.859    0.859    1.923    1.923    3.306    3.306
            0.378378  0.218457  0.000000
   -5.249   -5.249   -4.581   -4.581   -4.156   -4.156   -4.041   -4.041   -3.896   -3.896
   -3.629   -3.629    1.050    1.050    1.579    1.579    3.502    3.502
            0.391892  0.226259  0.000000
   -5.238   -5.238   -4.592   -4.592   -4.150   -4.150   -4.038   -4.038   -3.877   -3.876
   -3.438   -3.438    1.229    1.231    1.254    1.256    3.706    3.706
            0.405405  0.234061  0.000000
   -5.230   -5.230   -4.603   -4.603   -4.145   -4.145   -4.036   -4.036   -3.859   -3.859
   -3.235   -3.235    0.910    0.910    1.440    1.440    3.918    3.918
            0.418919  0.241863  0.000000
   -5.226   -5.226   -4.612   -4.612   -4.142   -4.142   -4.034   -4.034   -3.843   -3.843
   -3.022   -3.022    0.589    0.590    1.635    1.635    4.137    4.137
            0.432432  0.249665  0.000000
   -5.223   -5.223   -4.619   -4.619   -4.139   -4.139   -4.032   -4.032   -3.830   -3.830
   -2.803   -2.803    0.280    0.280    1.826    1.826    4.364    4.364
            0.445946  0.257467  0.000000
   -5.222   -5.222   -4.626   -4.626   -4.137   -4.137   -4.031   -4.031   -3.818   -3.818
   -2.581   -2.581   -0.014   -0.014    2.009    2.009    4.599    4.599
            0.459459  0.265269  0.000000
   -5.221   -5.221   -4.631   -4.631   -4.135   -4.135   -4.030   -4.030   -3.809   -3.809
   -2.364   -2.363   -0.288   -0.288    2.176    2.176    4.543    4.543
            0.472973  0.273071  0.000000
   -5.221   -5.221   -4.634   -4.634   -4.134   -4.134   -4.029   -4.029   -3.803   -3.803
   -2.163   -2.163   -0.528   -0.528    2.316    2.316    4.398    4.398
            0.486486  0.280873  0.000000
   -5.221   -5.221   -4.636   -4.636   -4.133   -4.133   -4.029   -4.029   -3.799   -3.799
   -2.008   -2.008   -0.708   -0.707    2.412    2.412    4.295    4.295
            0.500000  0.288675  0.000000
   -5.221   -5.221   -4.637   -4.637   -4.133   -4.133   -4.028   -4.028   -3.798   -3.798
   -1.945   -1.945   -0.778   -0.778    2.446    2.446    4.258    4.258
            0.493827  0.299367  0.000000
   -5.220   -5.220   -4.637   -4.637   -4.133   -4.133   -4.029   -4.029   -3.801   -3.801
   -1.940   -1.940   -0.777   -0.777    2.449    2.449    4.260    4.260
            0.487654  0.310059  0.000000
   -5.216   -5.216   -4.636   -4.636   -4.134   -4.134   -4.030   -4.030   -3.809   -3.809
   -1.924   -1.924   -0.773   -0.773    2.457    2.457    4.266    4.266
            0.481481  0.320750  0.000000
   -5.209   -5.209   -4.634   -4.634   -4.136   -4.136   -4.032   -4.032   -3.823   -3.823
   -1.898   -1.898   -0.768   -0.768    2.469    2.469    4.276    4.276
            0.475309  0.331442  0.000000
   -5.200   -5.200   -4.631   -4.631   -4.138   -4.138   -4.034   -4.034   -3.841   -3.841
   -1.863   -1.863   -0.760   -0.760    2.487    2.487    4.290    4.290
            0.469136  0.342134  0.000000
   -5.188   -5.188   -4.628   -4.628   -4.141   -4.140   -4.037   -4.037   -3.864   -3.864
   -1.818   -1.818   -0.750   -0.750    2.510    2.510    4.308    4.308
            0.462963  0.352825  0.000000
   -5.174   -5.174   -4.624   -4.624   -4.144   -4.144   -4.041   -4.041   -3.890   -3.890
   -1.765   -1.765   -0.737   -0.737    2.539    2.539    4.330    4.330
            0.456790  0.363517  0.000000
   -5.158   -5.158   -4.619   -4.619   -4.149   -4.149   -4.045   -4.045   -3.918   -3.918
   -1.704   -1.704   -0.722   -0.722    2.572    2.572    4.355    4.355
            0.450617  0.374209  0.000000
   -5.139   -5.139   -4.614   -4.614   -4.155   -4.155   -4.049   -4.049   -3.949   -3.949
   -1.636   -1.636   -0.704   -0.704    2.609    2.609    4.385    4.385
            0.444444  0.384900  0.000000
   -5.118   -5.118   -4.608   -4.608   -4.162   -4.162   -4.054   -4.054   -3.980   -3.980
   -1.561   -1.561   -0.684   -0.684    2.652    2.652    4.419    4.419
            0.438272  0.395592  0.000000
   -5.095   -5.095   -4.601   -4.601   -4.171   -4.171   -4.061   -4.061   -4.010   -4.010
   -1.480   -1.480   -0.661   -0.661    2.699    2.699    4.457    4.458
            0.432099  0.406284  0.000000
   -5.070   -5.070   -4.594   -4.594   -4.181   -4.181   -4.075   -4.075   -4.034   -4.034
   -1.393   -1.393   -0.635   -0.635    2.750    2.750    4.500    4.500
            0.425926  0.416975  0.000000
   -5.043   -5.043   -4.586   -4.586   -4.193   -4.193   -4.100   -4.100   -4.045   -4.045
   -1.301   -1.301   -0.606   -0.606    2.806    2.806    4.546    4.546
            0.419753  0.427667  0.000000
   -5.015   -5.015   -4.578   -4.578   -4.208   -4.208   -4.129   -4.129   -4.051   -4.051
   -1.204   -1.204   -0.573   -0.573    2.866    2.866    4.386    4.386
            0.413580  0.438359  0.000000
   -4.986   -4.986   -4.569   -4.569   -4.226   -4.226   -4.158   -4.158   -4.054   -4.054
   -1.102   -1.102   -0.538   -0.538    2.929    2.929    4.089    4.089
            0.407407  0.449050  0.000000
   -4.956   -4.956   -4.560   -4.560   -4.248   -4.248   -4.184   -4.184   -4.056   -4.055
   -0.996   -0.996   -0.499   -0.499    2.996    2.996    3.794    3.794
            0.401235  0.459742  0.000000
   -4.925   -4.925   -4.550   -4.550   -4.274   -4.274   -4.207   -4.206   -4.057   -4.057
   -0.886   -0.886   -0.456   -0.456    3.066    3.066    3.501    3.501
            0.395062  0.470434  0.000000
   -4.894   -4.894   -4.540   -4.540   -4.303   -4.303   -4.226   -4.226   -4.058   -4.058
   -0.771   -0.771   -0.409   -0.409    3.132    3.132    3.217    3.218
            0.388889  0.481125  0.000000
   -4.863   -4.863   -4.530   -4.530   -4.333   -4.332   -4.244   -4.243   -4.058   -4.058
   -0.653   -0.652   -0.359   -0.359    2.919    2.919    3.218    3.218
            0.382716  0.491817  0.000000
   -4.832   -4.831   -4.520   -4.520   -4.362   -4.362   -4.260   -4.260   -4.059   -4.059
   -0.530   -0.530   -0.304   -0.304    2.636    2.636    3.293    3.293
            0.376543  0.502509  0.000000
   -4.801   -4.801   -4.510   -4.509   -4.391   -4.391   -4.275   -4.275   -4.059   -4.059
   -0.404   -0.404   -0.245   -0.245    2.355    2.356    3.370    3.370
            0.370370  0.513200  0.000000
   -4.771   -4.771   -4.500   -4.499   -4.418   -4.418   -4.290   -4.290   -4.059   -4.059
   -0.275   -0.274   -0.181   -0.181    2.079    2.079    3.447    3.447
            0.364198  0.523892  0.000000
   -4.743   -4.743   -4.492   -4.491   -4.442   -4.442   -4.304   -4.304   -4.059   -4.059
   -0.141   -0.141   -0.113   -0.113    1.806    1.806    3.521    3.521
            0.358025  0.534584  0.000000
   -4.718   -4.717   -4.489   -4.488   -4.459   -4.458   -4.317   -4.317   -4.059   -4.059
   -0.041   -0.041   -0.005   -0.005    1.538    1.538    3.592    3.592
            0.351852  0.545276  0.000000
   -4.695   -4.695   -4.499   -4.499   -4.460   -4.460   -4.328   -4.328   -4.059   -4.059
    0.035    0.035    0.135    0.136    1.275    1.275    3.655    3.655
            0.345679  0.555967  0.000000
   -4.677   -4.677   -4.513   -4.513   -4.456   -4.455   -4.337   -4.337   -4.059   -4.059
    0.113    0.113    0.279    0.279    1.020    1.020    3.706    3.706
            0.339506  0.566659  0.000000
   -4.666   -4.665   -4.522   -4.522   -4.451   -4.451   -4.343   -4.343   -4.059   -4.059
    0.188    0.188    0.426    0.426    0.778    0.778    3.742    3.742
            0.333333  0.577351  0.000000
   -4.662   -4.662   -4.526   -4.526   -4.449   -4.449   -4.345   -4.345   -4.059   -4.059
    0.231    0.231    0.563    0.563    0.590    0.591    3.755    3.755
            0.323810  0.560855  0.000000
   -4.669   -4.669   -4.520   -4.520   -4.453   -4.453   -4.341   -4.340   -4.059   -4.059
    0.040    0.040    0.545    0.545    0.816    0.816    3.719    3.719
            0.314286  0.544359  0.000000
   -4.685   -4.685   -4.508   -4.508   -4.462   -4.462   -4.329   -4.329   -4.059   -4.059
   -0.304   -0.304    0.693    0.693    1.062    1.062    3.606    3.606
            0.304762  0.527863  0.000000
   -4.704   -4.704   -4.498   -4.498   -4.473   -4.473   -4.313   -4.313   -4.059   -4.059
   -0.656   -0.656    0.876    0.876    1.316    1.316    3.427    3.427
            0.295238  0.511368  0.000000
   -4.722   -4.722   -4.494   -4.493   -4.483   -4.483   -4.295   -4.295   -4.059   -4.059
   -1.001   -1.001    1.078    1.078    1.578    1.578    3.202    3.202
            0.285714  0.494872  0.000000
   -4.738   -4.738   -4.499   -4.498   -4.490   -4.489   -4.277   -4.277   -4.060   -4.060
   -1.335   -1.335    1.297    1.297    1.848    1.848    2.951    2.951
            0.276190  0.478376  0.000000
   -4.751   -4.751   -4.507   -4.507   -4.499   -4.499   -4.259   -4.258   -4.060   -4.060
   -1.656   -1.656    1.532    1.532    2.125    2.125    2.686    2.686
            0.266667  0.461880  0.000000
   -4.762   -4.762   -4.518   -4.517   -4.513   -4.512   -4.241   -4.241   -4.062   -4.062
   -1.963   -1.963    1.782    1.783    2.394    2.394    2.433    2.433
            0.257143  0.445385  0.000000
   -4.771   -4.771   -4.544   -4.544   -4.518   -4.518   -4.224   -4.224   -4.064   -4.064
   -2.254   -2.254    2.044    2.045    2.146    2.147    2.706    2.706
            0.247619  0.428889  0.000000
   -4.777   -4.777   -4.581   -4.581   -4.520   -4.520   -4.208   -4.208   -4.067   -4.067
   -2.527   -2.527    1.875    1.875    2.327    2.327    3.007    3.007
            0.238095  0.412393  0.000000
   -4.783   -4.783   -4.629   -4.628   -4.520   -4.520   -4.193   -4.193   -4.070   -4.070
   -2.780   -2.780    1.612    1.612    2.617    2.617    3.317    3.317
            0.228571  0.395898  0.000000
   -4.794   -4.793   -4.684   -4.684   -4.518   -4.518   -4.182   -4.181   -4.073   -4.073
   -3.011   -3.011    1.354    1.355    2.916    2.916    3.634    3.634
            0.219048  0.379402  0.000000
   -4.828   -4.828   -4.728   -4.728   -4.513   -4.513   -4.173   -4.173   -4.075   -4.075
   -3.218   -3.218    1.104    1.104    3.200    3.200    3.560    3.560
            0.209524  0.362906  0.000000
   -4.908   -4.908   -4.742   -4.742   -4.505   -4.505   -4.169   -4.168   -4.074   -4.074
   -3.399   -3.399    0.861    0.861    3.221    3.221    3.585    3.585
            0.200000  0.346410  0.000000
   -5.018   -5.018   -4.741   -4.741   -4.495   -4.494   -4.169   -4.169   -4.071   -4.071
   -3.554   -3.554    0.625    0.625    3.018    3.018    3.445    3.445
            0.190476  0.329915  0.000000
   -5.148   -5.148   -4.734   -4.733   -4.482   -4.482   -4.175   -4.174   -4.065   -4.065
   -3.684   -3.684    0.398    0.398    2.804    2.804    3.229    3.229
            0.180952  0.313419  0.000000
   -5.290   -5.290   -4.723   -4.723   -4.467   -4.467   -4.183   -4.183   -4.058   -4.058
   -3.792   -3.792    0.179    0.179    2.598    2.598    3.020    3.020
            0.171429  0.296923  0.000000
   -5.441   -5.441   -4.711   -4.711   -4.450   -4.449   -4.194   -4.193   -4.050   -4.050
   -3.881   -3.881   -0.031   -0.031    2.402    2.402    2.820    2.820
            0.161905  0.280427  0.000000
   -5.596   -5.596   -4.697   -4.697   -4.431   -4.431   -4.206   -4.205   -4.046   -4.046
   -3.952   -3.952   -0.233   -0.233    2.216    2.216    2.632    2.632
            0.152381  0.263932  0.000000
   -5.752   -5.752   -4.682   -4.682   -4.411   -4.411   -4.217   -4.217   -4.056   -4.056
   -3.997   -3.997   -0.426   -0.426    2.040    2.040    2.453    2.453
            0.142857  0.247436  0.000000
   -5.905   -5.905   -4.667   -4.667   -4.391   -4.390   -4.228   -4.227   -4.094   -4.094
   -4.005   -4.005   -0.611   -0.611    1.875    1.875    2.286    2.286
            0.133333  0.230940  0.000000
   -6.054   -6.054   -4.650   -4.650   -4.373   -4.372   -4.237   -4.236   -4.137   -4.137
   -4.000   -4.000   -0.786   -0.786    1.720    1.720    2.130    2.130
            0.123810  0.214444  0.000000
   -6.197   -6.197   -4.634   -4.634   -4.358   -4.358   -4.243   -4.242   -4.173   -4.173
   -3.993   -3.993   -0.952   -0.952    1.577    1.577    1.984    1.984
            0.114286  0.197949  0.000000
   -6.331   -6.331   -4.618   -4.618   -4.351   -4.350   -4.252   -4.251   -4.193   -4.193
   -3.986   -3.986   -1.109   -1.109    1.444    1.444    1.849    1.849
            0.104762  0.181453  0.000000
   -6.458   -6.458   -4.603   -4.603   -4.351   -4.350   -4.272   -4.272   -4.189   -4.188
   -3.979   -3.979   -1.257   -1.257    1.322    1.322    1.725    1.725
            0.095238  0.164957  0.000000
   -6.574   -6.574   -4.589   -4.589   -4.355   -4.355   -4.297   -4.297   -4.170   -4.169
   -3.973   -3.973   -1.395   -1.395    1.210    1.210    1.612    1.612
            0.085714  0.148462  0.000000
   -6.681   -6.681   -4.576   -4.576   -4.363   -4.362   -4.321   -4.321   -4.144   -4.144
   -3.966   -3.966   -1.522   -1.522    1.109    1.109    1.510    1.510
            0.076190  0.131966  0.000000
   -6.778   -6.778   -4.566   -4.566   -4.371   -4.371   -4.341   -4.341   -4.116   -4.115
   -3.960   -3.960   -1.640   -1.640    1.019    1.019    1.418    1.418
            0.066667  0.115470  0.000000
   -6.864   -6.864   -4.557   -4.557   -4.380   -4.379   -4.358   -4.358   -4.087   -4.087
   -3.955   -3.955   -1.746   -1.746    0.940    0.940    1.337    1.337
            0.057143  0.098974  0.000000
   -6.939   -6.939   -4.551   -4.551   -4.388   -4.387   -4.372   -4.372   -4.060   -4.060
   -3.949   -3.949   -1.841   -1.841    0.871    0.871    1.267    1.267
            0.047619  0.082479  0.000000
   -7.002   -7.002   -4.548   -4.548   -4.395   -4.394   -4.382   -4.382   -4.035   -4.035
   -3.942   -3.942   -1.923   -1.923    0.812    0.812    1.208    1.208
            0.038095  0.065983  0.000000
   -7.055   -7.055   -4.546   -4.546   -4.400   -4.400   -4.388   -4.388   -4.015   -4.015
   -3.936   -3.936   -1.992   -1.992    0.765    0.765    1.160    1.160
            0.028571  0.049487  0.000000
   -7.095   -7.095   -4.546   -4.546   -4.405   -4.405   -4.392   -4.392   -3.999   -3.999
   -3.928   -3.928   -2.047   -2.047    0.728    0.728    1.122    1.125
            0.019048  0.032991  0.000000
   -7.125   -7.125   -4.546   -4.546   -4.409   -4.409   -4.394   -4.394   -3.989   -3.989
   -3.922   -3.922   -2.087   -2.087    0.701    0.701    1.095    1.096
            0.009524  0.016496  0.000000
   -7.142   -7.142   -4.547   -4.547   -4.411   -4.411   -4.395   -4.395   -3.984   -3.984
   -3.917   -3.917   -2.111   -2.111    0.685    0.685    1.081    1.081
            0.000000  0.000000  0.000000
   -7.148   -7.148   -4.547   -4.547   -4.412   -4.412   -4.395   -4.395   -3.982   -3.982
   -3.915   -3.915   -2.120   -2.120    0.680    0.680    1.074    1.075
