#  E (eV)   dosup(E)     dosdw(E)   Int dos(E) EFermi =    0.004 eV
 -10.000  0.0000E+00  0.0000E+00  0.1200E+02
  -9.990  0.0000E+00  0.0000E+00  0.1200E+02
  -9.980  0.0000E+00  0.0000E+00  0.1200E+02
  -9.970  0.0000E+00  0.0000E+00  0.1200E+02
  -9.960  0.0000E+00  0.0000E+00  0.1200E+02
  -9.950  0.0000E+00  0.0000E+00  0.1200E+02
  -9.940  0.0000E+00  0.0000E+00  0.1200E+02
  -9.930  0.0000E+00  0.0000E+00  0.1200E+02
  -9.920  0.0000E+00  0.0000E+00  0.1200E+02
  -9.910  0.0000E+00  0.0000E+00  0.1200E+02
  -9.900  0.0000E+00  0.0000E+00  0.1200E+02
  -9.890  0.0000E+00  0.0000E+00  0.1200E+02
  -9.880  0.0000E+00  0.0000E+00  0.1200E+02
  -9.870  0.0000E+00  0.0000E+00  0.1200E+02
  -9.860  0.0000E+00  0.0000E+00  0.1200E+02
  -9.850  0.0000E+00  0.0000E+00  0.1200E+02
  -9.840  0.0000E+00  0.0000E+00  0.1200E+02
  -9.830  0.0000E+00  0.0000E+00  0.1200E+02
  -9.820  0.0000E+00  0.0000E+00  0.1200E+02
  -9.810  0.0000E+00  0.0000E+00  0.1200E+02
  -9.800  0.0000E+00  0.0000E+00  0.1200E+02
  -9.790  0.0000E+00  0.0000E+00  0.1200E+02
  -9.780  0.0000E+00  0.0000E+00  0.1200E+02
  -9.770  0.0000E+00  0.0000E+00  0.1200E+02
  -9.760  0.0000E+00  0.0000E+00  0.1200E+02
  -9.750  0.0000E+00  0.0000E+00  0.1200E+02
  -9.740  0.0000E+00  0.0000E+00  0.1200E+02
  -9.730  0.0000E+00  0.0000E+00  0.1200E+02
  -9.720  0.0000E+00  0.0000E+00  0.1200E+02
  -9.710  0.0000E+00  0.0000E+00  0.1200E+02
  -9.700  0.0000E+00  0.0000E+00  0.1200E+02
  -9.690  0.0000E+00  0.0000E+00  0.1200E+02
  -9.680  0.0000E+00  0.0000E+00  0.1200E+02
  -9.670  0.0000E+00  0.0000E+00  0.1200E+02
  -9.660  0.0000E+00  0.0000E+00  0.1200E+02
  -9.650  0.0000E+00  0.0000E+00  0.1200E+02
  -9.640  0.0000E+00  0.0000E+00  0.1200E+02
  -9.630  0.0000E+00  0.0000E+00  0.1200E+02
  -9.620  0.0000E+00  0.0000E+00  0.1200E+02
  -9.610  0.0000E+00  0.0000E+00  0.1200E+02
  -9.600  0.0000E+00  0.0000E+00  0.1200E+02
  -9.590  0.0000E+00  0.0000E+00  0.1200E+02
  -9.580  0.0000E+00  0.0000E+00  0.1200E+02
  -9.570  0.0000E+00  0.0000E+00  0.1200E+02
  -9.560  0.0000E+00  0.0000E+00  0.1200E+02
  -9.550  0.0000E+00  0.0000E+00  0.1200E+02
  -9.540  0.0000E+00  0.0000E+00  0.1200E+02
  -9.530  0.0000E+00  0.0000E+00  0.1200E+02
  -9.520  0.0000E+00  0.0000E+00  0.1200E+02
  -9.510  0.0000E+00  0.0000E+00  0.1200E+02
  -9.500  0.0000E+00  0.0000E+00  0.1200E+02
  -9.490  0.0000E+00  0.0000E+00  0.1200E+02
  -9.480  0.0000E+00  0.0000E+00  0.1200E+02
  -9.470  0.0000E+00  0.0000E+00  0.1200E+02
  -9.460  0.0000E+00  0.0000E+00  0.1200E+02
  -9.450  0.0000E+00  0.0000E+00  0.1200E+02
  -9.440  0.0000E+00  0.0000E+00  0.1200E+02
  -9.430  0.0000E+00  0.0000E+00  0.1200E+02
  -9.420  0.0000E+00  0.0000E+00  0.1200E+02
  -9.410  0.0000E+00  0.0000E+00  0.1200E+02
  -9.400  0.0000E+00  0.0000E+00  0.1200E+02
  -9.390  0.0000E+00  0.0000E+00  0.1200E+02
  -9.380  0.0000E+00  0.0000E+00  0.1200E+02
  -9.370  0.0000E+00  0.0000E+00  0.1200E+02
  -9.360  0.0000E+00  0.0000E+00  0.1200E+02
  -9.350  0.0000E+00  0.0000E+00  0.1200E+02
  -9.340  0.0000E+00  0.0000E+00  0.1200E+02
  -9.330  0.0000E+00  0.0000E+00  0.1200E+02
  -9.320  0.0000E+00  0.0000E+00  0.1200E+02
  -9.310  0.0000E+00  0.0000E+00  0.1200E+02
  -9.300  0.0000E+00  0.0000E+00  0.1200E+02
  -9.290  0.0000E+00  0.0000E+00  0.1200E+02
  -9.280  0.0000E+00  0.0000E+00  0.1200E+02
  -9.270  0.0000E+00  0.0000E+00  0.1200E+02
  -9.260  0.0000E+00  0.0000E+00  0.1200E+02
  -9.250  0.0000E+00  0.0000E+00  0.1200E+02
  -9.240  0.0000E+00  0.0000E+00  0.1200E+02
  -9.230  0.0000E+00  0.0000E+00  0.1200E+02
  -9.220  0.0000E+00  0.0000E+00  0.1200E+02
  -9.210  0.0000E+00  0.0000E+00  0.1200E+02
  -9.200  0.0000E+00  0.0000E+00  0.1200E+02
  -9.190  0.0000E+00  0.0000E+00  0.1200E+02
  -9.180  0.0000E+00  0.0000E+00  0.1200E+02
  -9.170  0.0000E+00  0.0000E+00  0.1200E+02
  -9.160  0.0000E+00  0.0000E+00  0.1200E+02
  -9.150  0.0000E+00  0.0000E+00  0.1200E+02
  -9.140  0.0000E+00  0.0000E+00  0.1200E+02
  -9.130  0.0000E+00  0.0000E+00  0.1200E+02
  -9.120  0.0000E+00  0.0000E+00  0.1200E+02
  -9.110  0.0000E+00  0.0000E+00  0.1200E+02
  -9.100  0.0000E+00  0.0000E+00  0.1200E+02
  -9.090  0.0000E+00  0.0000E+00  0.1200E+02
  -9.080  0.0000E+00  0.0000E+00  0.1200E+02
  -9.070  0.0000E+00  0.0000E+00  0.1200E+02
  -9.060  0.0000E+00  0.0000E+00  0.1200E+02
  -9.050  0.0000E+00  0.0000E+00  0.1200E+02
  -9.040  0.0000E+00  0.0000E+00  0.1200E+02
  -9.030  0.0000E+00  0.0000E+00  0.1200E+02
  -9.020  0.0000E+00  0.0000E+00  0.1200E+02
  -9.010  0.0000E+00  0.0000E+00  0.1200E+02
  -9.000  0.0000E+00  0.0000E+00  0.1200E+02
  -8.990  0.0000E+00  0.0000E+00  0.1200E+02
  -8.980  0.0000E+00  0.0000E+00  0.1200E+02
  -8.970  0.0000E+00  0.0000E+00  0.1200E+02
  -8.960  0.0000E+00  0.0000E+00  0.1200E+02
  -8.950  0.0000E+00  0.0000E+00  0.1200E+02
  -8.940  0.0000E+00  0.0000E+00  0.1200E+02
  -8.930  0.0000E+00  0.0000E+00  0.1200E+02
  -8.920  0.0000E+00  0.0000E+00  0.1200E+02
  -8.910  0.0000E+00  0.0000E+00  0.1200E+02
  -8.900  0.0000E+00  0.0000E+00  0.1200E+02
  -8.890  0.0000E+00  0.0000E+00  0.1200E+02
  -8.880  0.0000E+00  0.0000E+00  0.1200E+02
  -8.870  0.0000E+00  0.0000E+00  0.1200E+02
  -8.860  0.0000E+00  0.0000E+00  0.1200E+02
  -8.850  0.0000E+00  0.0000E+00  0.1200E+02
  -8.840  0.0000E+00  0.0000E+00  0.1200E+02
  -8.830  0.0000E+00  0.0000E+00  0.1200E+02
  -8.820  0.0000E+00  0.0000E+00  0.1200E+02
  -8.810  0.0000E+00  0.0000E+00  0.1200E+02
  -8.800  0.0000E+00  0.0000E+00  0.1200E+02
  -8.790  0.0000E+00  0.0000E+00  0.1200E+02
  -8.780  0.0000E+00  0.0000E+00  0.1200E+02
  -8.770  0.0000E+00  0.0000E+00  0.1200E+02
  -8.760  0.0000E+00  0.0000E+00  0.1200E+02
  -8.750  0.0000E+00  0.0000E+00  0.1200E+02
  -8.740  0.0000E+00  0.0000E+00  0.1200E+02
  -8.730  0.0000E+00  0.0000E+00  0.1200E+02
  -8.720  0.0000E+00  0.0000E+00  0.1200E+02
  -8.710  0.0000E+00  0.0000E+00  0.1200E+02
  -8.700  0.0000E+00  0.0000E+00  0.1200E+02
  -8.690  0.0000E+00  0.0000E+00  0.1200E+02
  -8.680  0.0000E+00  0.0000E+00  0.1200E+02
  -8.670  0.0000E+00  0.0000E+00  0.1200E+02
  -8.660  0.0000E+00  0.0000E+00  0.1200E+02
  -8.650  0.0000E+00  0.0000E+00  0.1200E+02
  -8.640  0.0000E+00  0.0000E+00  0.1200E+02
  -8.630  0.0000E+00  0.0000E+00  0.1200E+02
  -8.620  0.0000E+00  0.0000E+00  0.1200E+02
  -8.610  0.0000E+00  0.0000E+00  0.1200E+02
  -8.600  0.0000E+00  0.0000E+00  0.1200E+02
  -8.590  0.0000E+00  0.0000E+00  0.1200E+02
  -8.580  0.0000E+00  0.0000E+00  0.1200E+02
  -8.570  0.0000E+00  0.0000E+00  0.1200E+02
  -8.560  0.0000E+00  0.0000E+00  0.1200E+02
  -8.550  0.0000E+00  0.0000E+00  0.1200E+02
  -8.540  0.0000E+00  0.0000E+00  0.1200E+02
  -8.530  0.0000E+00  0.0000E+00  0.1200E+02
  -8.520  0.0000E+00  0.0000E+00  0.1200E+02
  -8.510  0.0000E+00  0.0000E+00  0.1200E+02
  -8.500  0.0000E+00  0.0000E+00  0.1200E+02
  -8.490  0.0000E+00  0.0000E+00  0.1200E+02
  -8.480  0.0000E+00  0.0000E+00  0.1200E+02
  -8.470  0.0000E+00  0.0000E+00  0.1200E+02
  -8.460  0.0000E+00  0.0000E+00  0.1200E+02
  -8.450  0.0000E+00  0.0000E+00  0.1200E+02
  -8.440  0.0000E+00  0.0000E+00  0.1200E+02
  -8.430  0.0000E+00  0.0000E+00  0.1200E+02
  -8.420  0.0000E+00  0.0000E+00  0.1200E+02
  -8.410  0.0000E+00  0.0000E+00  0.1200E+02
  -8.400  0.0000E+00  0.0000E+00  0.1200E+02
  -8.390  0.6320E+00  0.6613E+00  0.1201E+02
  -8.380  0.4979E+00  0.4799E+00  0.1202E+02
  -8.370  0.5959E+00  0.5776E+00  0.1203E+02
  -8.360  0.5131E+00  0.5185E+00  0.1204E+02
  -8.350  0.5357E+00  0.5308E+00  0.1205E+02
  -8.340  0.5583E+00  0.5533E+00  0.1206E+02
  -8.330  0.5789E+00  0.5860E+00  0.1207E+02
  -8.320  0.5461E+00  0.5442E+00  0.1208E+02
  -8.310  0.5515E+00  0.5496E+00  0.1209E+02
  -8.300  0.5592E+00  0.5560E+00  0.1210E+02
  -8.290  0.5778E+00  0.5734E+00  0.1212E+02
  -8.280  0.5900E+00  0.5917E+00  0.1213E+02
  -8.270  0.5693E+00  0.5682E+00  0.1214E+02
  -8.260  0.5718E+00  0.5699E+00  0.1215E+02
  -8.250  0.5775E+00  0.5749E+00  0.1216E+02
  -8.240  0.5881E+00  0.5850E+00  0.1217E+02
  -8.230  0.5988E+00  0.5956E+00  0.1219E+02
  -8.220  0.6095E+00  0.6062E+00  0.1220E+02
  -8.210  0.5979E+00  0.5966E+00  0.1221E+02
  -8.200  0.6017E+00  0.5998E+00  0.1222E+02
  -8.190  0.6058E+00  0.6035E+00  0.1223E+02
  -8.180  0.6132E+00  0.6104E+00  0.1225E+02
  -8.170  0.6208E+00  0.6180E+00  0.1226E+02
  -8.160  0.6298E+00  0.6264E+00  0.1227E+02
  -8.150  0.6407E+00  0.6371E+00  0.1228E+02
  -8.140  0.6372E+00  0.6358E+00  0.1230E+02
  -8.130  0.6418E+00  0.6394E+00  0.1231E+02
  -8.120  0.6464E+00  0.6440E+00  0.1232E+02
  -8.110  0.6533E+00  0.6504E+00  0.1233E+02
  -8.100  0.6635E+00  0.6598E+00  0.1235E+02
  -8.090  0.6731E+00  0.6694E+00  0.1236E+02
  -8.080  0.6829E+00  0.6790E+00  0.1237E+02
  -8.070  0.6910E+00  0.6891E+00  0.1239E+02
  -8.060  0.6949E+00  0.6917E+00  0.1240E+02
  -8.050  0.7020E+00  0.6987E+00  0.1242E+02
  -8.040  0.7147E+00  0.7102E+00  0.1243E+02
  -8.030  0.7263E+00  0.7216E+00  0.1244E+02
  -8.020  0.7379E+00  0.7332E+00  0.1246E+02
  -8.010  0.7498E+00  0.7449E+00  0.1247E+02
  -8.000  0.7618E+00  0.7567E+00  0.1249E+02
  -7.990  0.7748E+00  0.7694E+00  0.1250E+02
  -7.980  0.7965E+00  0.7891E+00  0.1252E+02
  -7.970  0.8160E+00  0.8086E+00  0.1254E+02
  -7.960  0.8353E+00  0.8278E+00  0.1255E+02
  -7.950  0.8552E+00  0.8470E+00  0.1257E+02
  -7.940  0.8760E+00  0.8677E+00  0.1259E+02
  -7.930  0.8993E+00  0.8884E+00  0.1260E+02
  -7.920  0.9552E+00  0.9329E+00  0.1262E+02
  -7.910  0.1012E+01  0.9924E+00  0.1264E+02
  -7.900  0.1069E+01  0.1049E+01  0.1266E+02
  -7.890  0.1138E+01  0.1114E+01  0.1268E+02
  -7.880  0.1207E+01  0.1182E+01  0.1271E+02
  -7.870  0.2236E+01  0.1522E+01  0.1273E+02
  -7.860  0.1315E+01  0.1593E+01  0.1277E+02
  -7.850  0.1227E+01  0.1240E+01  0.1280E+02
  -7.840  0.1013E+01  0.1095E+01  0.1282E+02
  -7.830  0.1018E+01  0.1012E+01  0.1284E+02
  -7.820  0.9219E+00  0.9518E+00  0.1286E+02
  -7.810  0.8600E+00  0.8798E+00  0.1288E+02
  -7.800  0.8692E+00  0.8078E+00  0.1289E+02
  -7.790  0.5383E+00  0.6625E+00  0.1291E+02
  -7.780  0.5310E+00  0.5322E+00  0.1292E+02
  -7.770  0.5176E+00  0.5208E+00  0.1293E+02
  -7.760  0.5037E+00  0.5069E+00  0.1294E+02
  -7.750  0.4898E+00  0.4931E+00  0.1295E+02
  -7.740  0.4684E+00  0.4689E+00  0.1296E+02
  -7.730  0.4632E+00  0.4643E+00  0.1297E+02
  -7.720  0.4565E+00  0.4576E+00  0.1298E+02
  -7.710  0.4498E+00  0.4510E+00  0.1299E+02
  -7.700  0.4431E+00  0.4443E+00  0.1300E+02
  -7.690  0.4359E+00  0.4377E+00  0.1301E+02
  -7.680  0.4198E+00  0.4240E+00  0.1301E+02
  -7.670  0.4101E+00  0.4105E+00  0.1302E+02
  -7.660  0.4061E+00  0.4066E+00  0.1303E+02
  -7.650  0.4021E+00  0.4026E+00  0.1304E+02
  -7.640  0.3982E+00  0.3987E+00  0.1305E+02
  -7.630  0.7461E+00  0.5320E+00  0.1306E+02
  -7.620  0.6369E+00  0.6198E+00  0.1307E+02
  -7.610  0.6119E+00  0.6349E+00  0.1308E+02
  -7.600  0.6216E+00  0.6163E+00  0.1309E+02
  -7.590  0.6083E+00  0.6282E+00  0.1311E+02
  -7.580  0.6031E+00  0.6040E+00  0.1312E+02
  -7.570  0.6075E+00  0.6039E+00  0.1313E+02
  -7.560  0.6148E+00  0.6113E+00  0.1314E+02
  -7.550  0.6010E+00  0.6029E+00  0.1316E+02
  -7.540  0.6006E+00  0.5999E+00  0.1317E+02
  -7.530  0.6010E+00  0.5991E+00  0.1318E+02
  -7.520  0.6038E+00  0.6019E+00  0.1319E+02
  -7.510  0.5959E+00  0.5972E+00  0.1320E+02
  -7.500  0.5896E+00  0.5907E+00  0.1322E+02
  -7.490  0.5850E+00  0.5857E+00  0.1323E+02
  -7.480  0.5859E+00  0.5844E+00  0.1324E+02
  -7.470  0.5887E+00  0.5867E+00  0.1325E+02
  -7.460  0.5837E+00  0.5859E+00  0.1326E+02
  -7.450  0.5824E+00  0.5820E+00  0.1327E+02
  -7.440  0.5819E+00  0.5808E+00  0.1329E+02
  -7.430  0.5829E+00  0.5816E+00  0.1330E+02
  -7.420  0.5838E+00  0.5826E+00  0.1331E+02
  -7.410  0.5851E+00  0.5836E+00  0.1332E+02
  -7.400  0.5797E+00  0.5803E+00  0.1333E+02
  -7.390  0.5776E+00  0.5772E+00  0.1334E+02
  -7.380  0.5762E+00  0.5759E+00  0.1336E+02
  -7.370  0.5736E+00  0.5721E+00  0.1337E+02
  -7.360  0.5752E+00  0.5738E+00  0.1338E+02
  -7.350  0.5768E+00  0.5754E+00  0.1339E+02
  -7.340  0.5754E+00  0.5758E+00  0.1340E+02
  -7.330  0.5756E+00  0.5747E+00  0.1341E+02
  -7.320  0.5763E+00  0.5750E+00  0.1342E+02
  -7.310  0.5774E+00  0.5761E+00  0.1344E+02
  -7.300  0.5781E+00  0.5770E+00  0.1345E+02
  -7.290  0.5792E+00  0.5779E+00  0.1346E+02
  -7.280  0.5803E+00  0.5791E+00  0.1347E+02
  -7.270  0.5796E+00  0.5790E+00  0.1348E+02
  -7.260  0.5786E+00  0.5785E+00  0.1349E+02
  -7.250  0.5769E+00  0.5767E+00  0.1351E+02
  -7.240  0.5786E+00  0.5769E+00  0.1352E+02
  -7.230  0.5808E+00  0.5791E+00  0.1353E+02
  -7.220  0.5829E+00  0.5812E+00  0.1354E+02
  -7.210  0.5853E+00  0.5835E+00  0.1355E+02
  -7.200  0.5871E+00  0.5858E+00  0.1356E+02
  -7.190  0.5890E+00  0.5874E+00  0.1358E+02
  -7.180  0.6161E+00  0.5965E+00  0.1359E+02
  -7.170  0.7350E+00  0.7133E+00  0.1360E+02
  -7.160  0.7308E+00  0.8304E+00  0.1362E+02
  -7.150  0.7455E+00  0.7403E+00  0.1363E+02
  -7.140  0.7597E+00  0.7546E+00  0.1365E+02
  -7.130  0.7739E+00  0.7685E+00  0.1366E+02
  -7.120  0.7870E+00  0.7820E+00  0.1368E+02
  -7.110  0.7840E+00  0.7815E+00  0.1369E+02
  -7.100  0.7853E+00  0.7802E+00  0.1371E+02
  -7.090  0.7958E+00  0.7905E+00  0.1372E+02
  -7.080  0.8075E+00  0.8011E+00  0.1374E+02
  -7.070  0.8213E+00  0.8144E+00  0.1376E+02
  -7.060  0.8350E+00  0.8281E+00  0.1377E+02
  -7.050  0.8480E+00  0.8402E+00  0.1379E+02
  -7.040  0.8604E+00  0.8529E+00  0.1381E+02
  -7.030  0.8745E+00  0.8669E+00  0.1382E+02
  -7.020  0.8893E+00  0.8812E+00  0.1384E+02
  -7.010  0.9071E+00  0.8978E+00  0.1386E+02
  -7.000  0.9264E+00  0.9159E+00  0.1388E+02
  -6.990  0.9712E+00  0.9421E+00  0.1390E+02
  -6.980  0.1035E+01  0.1005E+01  0.1392E+02
  -6.970  0.1136E+01  0.1084E+01  0.1394E+02
  -6.960  0.1249E+01  0.1197E+01  0.1396E+02
  -6.950  0.1274E+01  0.1316E+01  0.1399E+02
  -6.940  0.1133E+01  0.1244E+01  0.1401E+02
  -6.930  0.8370E+00  0.9663E+00  0.1403E+02
  -6.920  0.8193E+00  0.8144E+00  0.1405E+02
  -6.910  0.8270E+00  0.8234E+00  0.1406E+02
  -6.900  0.6590E+00  0.8324E+00  0.1408E+02
  -6.890  0.6853E+00  0.7352E+00  0.1410E+02
  -6.880  0.5618E+00  0.6141E+00  0.1411E+02
  -6.870  0.4765E+00  0.5064E+00  0.1412E+02
  -6.860  0.4121E+00  0.4408E+00  0.1413E+02
  -6.850  0.2850E+00  0.3732E+00  0.1414E+02
  -6.840  0.2903E+00  0.2871E+00  0.1414E+02
  -6.830  0.2956E+00  0.2924E+00  0.1415E+02
  -6.820  0.3010E+00  0.2977E+00  0.1415E+02
  -6.810  0.4739E+00  0.3604E+00  0.1416E+02
  -6.800  0.1456E+01  0.9669E+00  0.1418E+02
  -6.790  0.1123E+01  0.1019E+01  0.1420E+02
  -6.780  0.2784E+01  0.2400E+01  0.1423E+02
  -6.770  0.2750E+01  0.2829E+01  0.1429E+02
  -6.760  0.2770E+01  0.2726E+01  0.1434E+02
  -6.750  0.2759E+01  0.2757E+01  0.1440E+02
  -6.740  0.2795E+01  0.2801E+01  0.1446E+02
  -6.730  0.2862E+01  0.2809E+01  0.1451E+02
  -6.720  0.3036E+01  0.2941E+01  0.1457E+02
  -6.710  0.3388E+01  0.3207E+01  0.1463E+02
  -6.700  0.3839E+01  0.3626E+01  0.1470E+02
  -6.690  0.3798E+01  0.4921E+01  0.1479E+02
  -6.680  0.3482E+01  0.3706E+01  0.1486E+02
  -6.670  0.3533E+01  0.3926E+01  0.1494E+02
  -6.660  0.2898E+01  0.3210E+01  0.1501E+02
  -6.650  0.2635E+01  0.2731E+01  0.1507E+02
  -6.640  0.2411E+01  0.2511E+01  0.1512E+02
  -6.630  0.2185E+01  0.2220E+01  0.1516E+02
  -6.620  0.2119E+01  0.2141E+01  0.1521E+02
  -6.610  0.1971E+01  0.2059E+01  0.1525E+02
  -6.600  0.1839E+01  0.1866E+01  0.1529E+02
  -6.590  0.1773E+01  0.1800E+01  0.1532E+02
  -6.580  0.1717E+01  0.1730E+01  0.1536E+02
  -6.570  0.1614E+01  0.1643E+01  0.1539E+02
  -6.560  0.1551E+01  0.1592E+01  0.1542E+02
  -6.550  0.1461E+01  0.1500E+01  0.1545E+02
  -6.540  0.1500E+01  0.1471E+01  0.1548E+02
  -6.530  0.1500E+01  0.1555E+01  0.1551E+02
  -6.520  0.1462E+01  0.1469E+01  0.1554E+02
  -6.510  0.1260E+01  0.1390E+01  0.1557E+02
  -6.500  0.9831E+00  0.2074E+01  0.1560E+02
  -6.490  0.1758E+00  0.1771E+00  0.1562E+02
  -6.480  0.1751E+00  0.1750E+00  0.1562E+02
  -6.470  0.1744E+00  0.1743E+00  0.1562E+02
  -6.460  0.1736E+00  0.1735E+00  0.1563E+02
  -6.450  0.1729E+00  0.1728E+00  0.1563E+02
  -6.440  0.1721E+00  0.1721E+00  0.1563E+02
  -6.430  0.1714E+00  0.1713E+00  0.1564E+02
  -6.420  0.1706E+00  0.1706E+00  0.1564E+02
  -6.410  0.1699E+00  0.1698E+00  0.1564E+02
  -6.400  0.1691E+00  0.1691E+00  0.1565E+02
  -6.390  0.1684E+00  0.1684E+00  0.1565E+02
  -6.380  0.1676E+00  0.1676E+00  0.1565E+02
  -6.370  0.1667E+00  0.1668E+00  0.1566E+02
  -6.360  0.1659E+00  0.1659E+00  0.1566E+02
  -6.350  0.1650E+00  0.1650E+00  0.1566E+02
  -6.340  0.1641E+00  0.1642E+00  0.1567E+02
  -6.330  0.1625E+00  0.1630E+00  0.1567E+02
  -6.320  0.1615E+00  0.1615E+00  0.1567E+02
  -6.310  0.1609E+00  0.1608E+00  0.1568E+02
  -6.300  0.1603E+00  0.1602E+00  0.1568E+02
  -6.290  0.1598E+00  0.1596E+00  0.1568E+02
  -6.280  0.1592E+00  0.1591E+00  0.1569E+02
  -6.270  0.1586E+00  0.1585E+00  0.1569E+02
  -6.260  0.1580E+00  0.1579E+00  0.1569E+02
  -6.250  0.1574E+00  0.1574E+00  0.1569E+02
  -6.240  0.3060E+01  0.1567E+00  0.1570E+02
  -6.230  0.2747E+01  0.3034E+01  0.1575E+02
  -6.220  0.3835E+01  0.3073E+01  0.1581E+02
  -6.210  0.2646E+01  0.3618E+01  0.1588E+02
  -6.200  0.2171E+01  0.2306E+01  0.1593E+02
  -6.190  0.1961E+01  0.2062E+01  0.1597E+02
  -6.180  0.1814E+01  0.1892E+01  0.1601E+02
  -6.170  0.1627E+01  0.1712E+01  0.1605E+02
  -6.160  0.1555E+01  0.1591E+01  0.1608E+02
  -6.150  0.1504E+01  0.1512E+01  0.1611E+02
  -6.140  0.1390E+01  0.1446E+01  0.1614E+02
  -6.130  0.1318E+01  0.1325E+01  0.1617E+02
  -6.120  0.1258E+01  0.1360E+01  0.1619E+02
  -6.110  0.1423E+01  0.1213E+01  0.1622E+02
  -6.100  0.6980E+00  0.8614E+00  0.1624E+02
  -6.090  0.6888E+00  0.6918E+00  0.1625E+02
  -6.080  0.6864E+00  0.6856E+00  0.1627E+02
  -6.070  0.6846E+00  0.6838E+00  0.1628E+02
  -6.060  0.6779E+00  0.6821E+00  0.1630E+02
  -6.050  0.6716E+00  0.6728E+00  0.1631E+02
  -6.040  0.6701E+00  0.6693E+00  0.1632E+02
  -6.030  0.6698E+00  0.6681E+00  0.1634E+02
  -6.020  0.6699E+00  0.6682E+00  0.1635E+02
  -6.010  0.6701E+00  0.6683E+00  0.1636E+02
  -6.000  0.6682E+00  0.6680E+00  0.1638E+02
  -5.990  0.6689E+00  0.6668E+00  0.1639E+02
  -5.980  0.6699E+00  0.6677E+00  0.1640E+02
  -5.970  0.6713E+00  0.6688E+00  0.1642E+02
  -5.960  0.6734E+00  0.6705E+00  0.1643E+02
  -5.950  0.6757E+00  0.6728E+00  0.1644E+02
  -5.940  0.6782E+00  0.6752E+00  0.1646E+02
  -5.930  0.6807E+00  0.6777E+00  0.1647E+02
  -5.920  0.6834E+00  0.6803E+00  0.1648E+02
  -5.910  0.6862E+00  0.6831E+00  0.1650E+02
  -5.900  0.6890E+00  0.6859E+00  0.1651E+02
  -5.890  0.6931E+00  0.6894E+00  0.1652E+02
  -5.880  0.6967E+00  0.6930E+00  0.1654E+02
  -5.870  0.7013E+00  0.6966E+00  0.1655E+02
  -5.860  0.7089E+00  0.7036E+00  0.1657E+02
  -5.850  0.7144E+00  0.7099E+00  0.1658E+02
  -5.840  0.7195E+00  0.7152E+00  0.1659E+02
  -5.830  0.7242E+00  0.7201E+00  0.1661E+02
  -5.820  0.7290E+00  0.7248E+00  0.1662E+02
  -5.810  0.7335E+00  0.7295E+00  0.1664E+02
  -5.800  0.7379E+00  0.7340E+00  0.1665E+02
  -5.790  0.7422E+00  0.7384E+00  0.1667E+02
  -5.780  0.7497E+00  0.7429E+00  0.1668E+02
  -5.770  0.7648E+00  0.7559E+00  0.1670E+02
  -5.760  0.7749E+00  0.7678E+00  0.1671E+02
  -5.750  0.7837E+00  0.7775E+00  0.1673E+02
  -5.740  0.7919E+00  0.7861E+00  0.1674E+02
  -5.730  0.7992E+00  0.7941E+00  0.1676E+02
  -5.720  0.8064E+00  0.8013E+00  0.1678E+02
  -5.710  0.8135E+00  0.8085E+00  0.1679E+02
  -5.700  0.8200E+00  0.8154E+00  0.1681E+02
  -5.690  0.8344E+00  0.8219E+00  0.1682E+02
  -5.680  0.8508E+00  0.8418E+00  0.1684E+02
  -5.670  0.8702E+00  0.8606E+00  0.1686E+02
  -5.660  0.8854E+00  0.8771E+00  0.1688E+02
  -5.650  0.8980E+00  0.8914E+00  0.1689E+02
  -5.640  0.9103E+00  0.9043E+00  0.1691E+02
  -5.630  0.9222E+00  0.9165E+00  0.1693E+02
  -5.620  0.9335E+00  0.9286E+00  0.1695E+02
  -5.610  0.9951E+00  0.9600E+00  0.1697E+02
  -5.600  0.1043E+01  0.1030E+01  0.1699E+02
  -5.590  0.1764E+01  0.1473E+01  0.1701E+02
  -5.580  0.1607E+01  0.1589E+01  0.1704E+02
  -5.570  0.1721E+01  0.1776E+01  0.1708E+02
  -5.560  0.1677E+01  0.1723E+01  0.1711E+02
  -5.550  0.1621E+01  0.1629E+01  0.1714E+02
  -5.540  0.1647E+01  0.1672E+01  0.1718E+02
  -5.530  0.1665E+01  0.1601E+01  0.1721E+02
  -5.520  0.1877E+01  0.1698E+01  0.1724E+02
  -5.510  0.2130E+01  0.2013E+01  0.1728E+02
  -5.500  0.2214E+01  0.2102E+01  0.1732E+02
  -5.490  0.2389E+01  0.2303E+01  0.1737E+02
  -5.480  0.2516E+01  0.2479E+01  0.1742E+02
  -5.470  0.2619E+01  0.2563E+01  0.1747E+02
  -5.460  0.2745E+01  0.2683E+01  0.1752E+02
  -5.450  0.2880E+01  0.2818E+01  0.1758E+02
  -5.440  0.3001E+01  0.2947E+01  0.1764E+02
  -5.430  0.3203E+01  0.3059E+01  0.1770E+02
  -5.420  0.3471E+01  0.3365E+01  0.1776E+02
  -5.410  0.3660E+01  0.3567E+01  0.1783E+02
  -5.400  0.4011E+01  0.3877E+01  0.1791E+02
  -5.390  0.4624E+01  0.4406E+01  0.1799E+02
  -5.380  0.5468E+01  0.5182E+01  0.1809E+02
  -5.370  0.9555E+01  0.6474E+01  0.1821E+02
  -5.360  0.5850E+01  0.6961E+01  0.1837E+02
  -5.350  0.4708E+01  0.5535E+01  0.1848E+02
  -5.340  0.2326E+01  0.2458E+01  0.1855E+02
  -5.330  0.2128E+01  0.2142E+01  0.1859E+02
  -5.320  0.2026E+01  0.2080E+01  0.1863E+02
  -5.310  0.1927E+01  0.1973E+01  0.1867E+02
  -5.300  0.1832E+01  0.1870E+01  0.1871E+02
  -5.290  0.1765E+01  0.1757E+01  0.1875E+02
  -5.280  0.1714E+01  0.1738E+01  0.1878E+02
  -5.270  0.1665E+01  0.1687E+01  0.1882E+02
  -5.260  0.1627E+01  0.1637E+01  0.1885E+02
  -5.250  0.1582E+01  0.1597E+01  0.1888E+02
  -5.240  0.1544E+01  0.1549E+01  0.1891E+02
  -5.230  0.1513E+01  0.1519E+01  0.1895E+02
  -5.220  0.1502E+01  0.1497E+01  0.1898E+02
  -5.210  0.1473E+01  0.1486E+01  0.1900E+02
  -5.200  0.1456E+01  0.1457E+01  0.1903E+02
  -5.190  0.1451E+01  0.1440E+01  0.1906E+02
  -5.180  0.1427E+01  0.1432E+01  0.1909E+02
  -5.170  0.1392E+01  0.1403E+01  0.1912E+02
  -5.160  0.1400E+01  0.1381E+01  0.1915E+02
  -5.150  0.1402E+01  0.1386E+01  0.1918E+02
  -5.140  0.1383E+01  0.1390E+01  0.1920E+02
  -5.130  0.1385E+01  0.1371E+01  0.1923E+02
  -5.120  0.1398E+01  0.1370E+01  0.1926E+02
  -5.110  0.1384E+01  0.1386E+01  0.1929E+02
  -5.100  0.1375E+01  0.1369E+01  0.1931E+02
  -5.090  0.1402E+01  0.1368E+01  0.1934E+02
  -5.080  0.1426E+01  0.1390E+01  0.1937E+02
  -5.070  0.1451E+01  0.1420E+01  0.1940E+02
  -5.060  0.1455E+01  0.1435E+01  0.1943E+02
  -5.050  0.1587E+01  0.1457E+01  0.1946E+02
  -5.040  0.1744E+01  0.1594E+01  0.1949E+02
  -5.030  0.1782E+01  0.1428E+01  0.1952E+02
  -5.020  0.4912E+00  0.1907E+01  0.1955E+02
  -5.010  0.4940E+00  0.4910E+00  0.1957E+02
  -5.000  0.4983E+00  0.4952E+00  0.1958E+02
  -4.990  0.5036E+00  0.4996E+00  0.1959E+02
  -4.980  0.5107E+00  0.5065E+00  0.1960E+02
  -4.970  0.5268E+00  0.5185E+00  0.1961E+02
  -4.960  0.5472E+00  0.5425E+00  0.1962E+02
  -4.950  0.5547E+00  0.5493E+00  0.1963E+02
  -4.940  0.5732E+00  0.5643E+00  0.1964E+02
  -4.930  0.1209E+01  0.5833E+00  0.1966E+02
  -4.920  0.1174E+01  0.1144E+01  0.1968E+02
  -4.910  0.1335E+01  0.1295E+01  0.1970E+02
  -4.900  0.1484E+01  0.1412E+01  0.1973E+02
  -4.890  0.1630E+01  0.1539E+01  0.1976E+02
  -4.880  0.1879E+01  0.1751E+01  0.1979E+02
  -4.870  0.2497E+01  0.2153E+01  0.1983E+02
  -4.860  0.2882E+01  0.3554E+01  0.1989E+02
  -4.850  0.2374E+01  0.2528E+01  0.1995E+02
  -4.840  0.0000E+00  0.2066E+01  0.1999E+02
  -4.830  0.0000E+00  0.0000E+00  0.2000E+02
  -4.820  0.0000E+00  0.0000E+00  0.2000E+02
  -4.810  0.0000E+00  0.0000E+00  0.2000E+02
  -4.800  0.0000E+00  0.0000E+00  0.2000E+02
  -4.790  0.0000E+00  0.0000E+00  0.2000E+02
  -4.780  0.0000E+00  0.0000E+00  0.2000E+02
  -4.770  0.0000E+00  0.0000E+00  0.2000E+02
  -4.760  0.0000E+00  0.0000E+00  0.2000E+02
  -4.750  0.0000E+00  0.0000E+00  0.2000E+02
  -4.740  0.0000E+00  0.0000E+00  0.2000E+02
  -4.730  0.0000E+00  0.0000E+00  0.2000E+02
  -4.720  0.0000E+00  0.0000E+00  0.2000E+02
  -4.710  0.0000E+00  0.0000E+00  0.2000E+02
  -4.700  0.0000E+00  0.0000E+00  0.2000E+02
  -4.690  0.0000E+00  0.0000E+00  0.2000E+02
  -4.680  0.0000E+00  0.0000E+00  0.2000E+02
  -4.670  0.0000E+00  0.0000E+00  0.2000E+02
  -4.660  0.0000E+00  0.0000E+00  0.2000E+02
  -4.650  0.0000E+00  0.0000E+00  0.2000E+02
  -4.640  0.0000E+00  0.0000E+00  0.2000E+02
  -4.630  0.0000E+00  0.0000E+00  0.2000E+02
  -4.620  0.0000E+00  0.0000E+00  0.2000E+02
  -4.610  0.0000E+00  0.0000E+00  0.2000E+02
  -4.600  0.0000E+00  0.0000E+00  0.2000E+02
  -4.590  0.0000E+00  0.0000E+00  0.2000E+02
  -4.580  0.0000E+00  0.0000E+00  0.2000E+02
  -4.570  0.0000E+00  0.0000E+00  0.2000E+02
  -4.560  0.0000E+00  0.0000E+00  0.2000E+02
  -4.550  0.0000E+00  0.0000E+00  0.2000E+02
  -4.540  0.0000E+00  0.0000E+00  0.2000E+02
  -4.530  0.0000E+00  0.0000E+00  0.2000E+02
  -4.520  0.0000E+00  0.0000E+00  0.2000E+02
  -4.510  0.0000E+00  0.0000E+00  0.2000E+02
  -4.500  0.3354E+00  0.1128E-01  0.2000E+02
  -4.490  0.7273E+00  0.6921E+00  0.2001E+02
  -4.480  0.6761E+00  0.6600E+00  0.2003E+02
  -4.470  0.7194E+00  0.7029E+00  0.2004E+02
  -4.460  0.6817E+00  0.6766E+00  0.2006E+02
  -4.450  0.7040E+00  0.6961E+00  0.2007E+02
  -4.440  0.7195E+00  0.7191E+00  0.2008E+02
  -4.430  0.7023E+00  0.6965E+00  0.2010E+02
  -4.420  0.7185E+00  0.7088E+00  0.2011E+02
  -4.410  0.7388E+00  0.7284E+00  0.2013E+02
  -4.400  0.7348E+00  0.7310E+00  0.2014E+02
  -4.390  0.7548E+00  0.7461E+00  0.2016E+02
  -4.380  0.7701E+00  0.7607E+00  0.2017E+02
  -4.370  0.7857E+00  0.7769E+00  0.2019E+02
  -4.360  0.8277E+00  0.8204E+00  0.2020E+02
  -4.350  0.8395E+00  0.8309E+00  0.2022E+02
  -4.340  0.8744E+00  0.8444E+00  0.2024E+02
  -4.330  0.9258E+00  0.9111E+00  0.2025E+02
  -4.320  0.9520E+00  0.9389E+00  0.2027E+02
  -4.310  0.1046E+01  0.1025E+01  0.2029E+02
  -4.300  0.1090E+01  0.1073E+01  0.2031E+02
  -4.290  0.1246E+01  0.1186E+01  0.2034E+02
  -4.280  0.1428E+01  0.1265E+01  0.2036E+02
  -4.270  0.1672E+01  0.1509E+01  0.2039E+02
  -4.260  0.2150E+01  0.1836E+01  0.2043E+02
  -4.250  0.2412E+01  0.3049E+01  0.2048E+02
  -4.240  0.1922E+01  0.2045E+01  0.2053E+02
  -4.230  0.1680E+01  0.1736E+01  0.2056E+02
  -4.220  0.1555E+01  0.1596E+01  0.2060E+02
  -4.210  0.1467E+01  0.1497E+01  0.2063E+02
  -4.200  0.1399E+01  0.1417E+01  0.2066E+02
  -4.190  0.1346E+01  0.1366E+01  0.2068E+02
  -4.180  0.1300E+01  0.1312E+01  0.2071E+02
  -4.170  0.1264E+01  0.1276E+01  0.2074E+02
  -4.160  0.1233E+01  0.1242E+01  0.2076E+02
  -4.150  0.1207E+01  0.1215E+01  0.2079E+02
  -4.140  0.1206E+01  0.1206E+01  0.2081E+02
  -4.130  0.1194E+01  0.1199E+01  0.2083E+02
  -4.120  0.1176E+01  0.1181E+01  0.2086E+02
  -4.110  0.1164E+01  0.1167E+01  0.2088E+02
  -4.100  0.1154E+01  0.1156E+01  0.2091E+02
  -4.090  0.1200E+01  0.1180E+01  0.2093E+02
  -4.080  0.1191E+01  0.1193E+01  0.2095E+02
  -4.070  0.1186E+01  0.1185E+01  0.2098E+02
  -4.060  0.1185E+01  0.1184E+01  0.2100E+02
  -4.050  0.1234E+01  0.1190E+01  0.2102E+02
  -4.040  0.1275E+01  0.1272E+01  0.2105E+02
  -4.030  0.1277E+01  0.1273E+01  0.2107E+02
  -4.020  0.1290E+01  0.1282E+01  0.2110E+02
  -4.010  0.1434E+01  0.1366E+01  0.2113E+02
  -4.000  0.1447E+01  0.1438E+01  0.2115E+02
  -3.990  0.1469E+01  0.1452E+01  0.2118E+02
  -3.980  0.1684E+01  0.1585E+01  0.2121E+02
  -3.970  0.1709E+01  0.1688E+01  0.2125E+02
  -3.960  0.1878E+01  0.1726E+01  0.2128E+02
  -3.950  0.1996E+01  0.1974E+01  0.2132E+02
  -3.940  0.2135E+01  0.2029E+01  0.2136E+02
  -3.930  0.2152E+01  0.2140E+01  0.2140E+02
  -3.920  0.1996E+01  0.2030E+01  0.2145E+02
  -3.910  0.1906E+01  0.1946E+01  0.2149E+02
  -3.900  0.1534E+01  0.1560E+01  0.2152E+02
  -3.890  0.1393E+01  0.1449E+01  0.2155E+02
  -3.880  0.1133E+01  0.1266E+01  0.2158E+02
  -3.870  0.9841E+00  0.1016E+01  0.2160E+02
  -3.860  0.8978E+00  0.9323E+00  0.2162E+02
  -3.850  0.8050E+00  0.8438E+00  0.2163E+02
  -3.840  0.6727E+00  0.7395E+00  0.2165E+02
  -3.830  0.6355E+00  0.6501E+00  0.2166E+02
  -3.820  0.5986E+00  0.6133E+00  0.2168E+02
  -3.810  0.5617E+00  0.5765E+00  0.2169E+02
  -3.800  0.5230E+00  0.5393E+00  0.2170E+02
  -3.790  0.4625E+00  0.4965E+00  0.2171E+02
  -3.780  0.4460E+00  0.4525E+00  0.2172E+02
  -3.770  0.4297E+00  0.4362E+00  0.2173E+02
  -3.760  0.4133E+00  0.4200E+00  0.2174E+02
  -3.750  0.3966E+00  0.4034E+00  0.2174E+02
  -3.740  0.3792E+00  0.3868E+00  0.2175E+02
  -3.730  0.3597E+00  0.3678E+00  0.2176E+02
  -3.720  0.3375E+00  0.3409E+00  0.2177E+02
  -3.710  0.9176E+00  0.5392E+00  0.2177E+02
  -3.700  0.9110E+00  0.8831E+00  0.2179E+02
  -3.690  0.8780E+00  0.8875E+00  0.2181E+02
  -3.680  0.9159E+00  0.9087E+00  0.2183E+02
  -3.670  0.9065E+00  0.9390E+00  0.2185E+02
  -3.660  0.8990E+00  0.8983E+00  0.2186E+02
  -3.650  0.8977E+00  0.9009E+00  0.2188E+02
  -3.640  0.9125E+00  0.9189E+00  0.2190E+02
  -3.630  0.8962E+00  0.8977E+00  0.2192E+02
  -3.620  0.8961E+00  0.8948E+00  0.2194E+02
  -3.610  0.9059E+00  0.9021E+00  0.2195E+02
  -3.600  0.9106E+00  0.9181E+00  0.2197E+02
  -3.590  0.8911E+00  0.8958E+00  0.2199E+02
  -3.580  0.8898E+00  0.8887E+00  0.2201E+02
  -3.570  0.8908E+00  0.8912E+00  0.2203E+02
  -3.560  0.9022E+00  0.8986E+00  0.2204E+02
  -3.550  0.8896E+00  0.8994E+00  0.2206E+02
  -3.540  0.8816E+00  0.8819E+00  0.2208E+02
  -3.530  0.8857E+00  0.8832E+00  0.2210E+02
  -3.520  0.8916E+00  0.8891E+00  0.2212E+02
  -3.510  0.8992E+00  0.8959E+00  0.2213E+02
  -3.500  0.8931E+00  0.9024E+00  0.2215E+02
  -3.490  0.8844E+00  0.8834E+00  0.2217E+02
  -3.480  0.8847E+00  0.8822E+00  0.2219E+02
  -3.470  0.8912E+00  0.8879E+00  0.2220E+02
  -3.460  0.8977E+00  0.8944E+00  0.2222E+02
  -3.450  0.9050E+00  0.9013E+00  0.2224E+02
  -3.440  0.8988E+00  0.8983E+00  0.2226E+02
  -3.430  0.9003E+00  0.8973E+00  0.2228E+02
  -3.420  0.9048E+00  0.9017E+00  0.2229E+02
  -3.410  0.9107E+00  0.9071E+00  0.2231E+02
  -3.400  0.9170E+00  0.9131E+00  0.2233E+02
  -3.390  0.9238E+00  0.9198E+00  0.2235E+02
  -3.380  0.9298E+00  0.9252E+00  0.2237E+02
  -3.370  0.9349E+00  0.9307E+00  0.2239E+02
  -3.360  0.9419E+00  0.9374E+00  0.2240E+02
  -3.350  0.9494E+00  0.9447E+00  0.2242E+02
  -3.340  0.9573E+00  0.9523E+00  0.2244E+02
  -3.330  0.9655E+00  0.9603E+00  0.2246E+02
  -3.320  0.9833E+00  0.9764E+00  0.2248E+02
  -3.310  0.9958E+00  0.9887E+00  0.2250E+02
  -3.300  0.1008E+01  0.1001E+01  0.2252E+02
  -3.290  0.1019E+01  0.1012E+01  0.2254E+02
  -3.280  0.1030E+01  0.1023E+01  0.2256E+02
  -3.270  0.1040E+01  0.1033E+01  0.2258E+02
  -3.260  0.1080E+01  0.1068E+01  0.2260E+02
  -3.250  0.1098E+01  0.1090E+01  0.2262E+02
  -3.240  0.1115E+01  0.1104E+01  0.2265E+02
  -3.230  0.1139E+01  0.1128E+01  0.2267E+02
  -3.220  0.1157E+01  0.1146E+01  0.2269E+02
  -3.210  0.1224E+01  0.1164E+01  0.2272E+02
  -3.200  0.1256E+01  0.1242E+01  0.2274E+02
  -3.190  0.1286E+01  0.1274E+01  0.2277E+02
  -3.180  0.1305E+01  0.1294E+01  0.2279E+02
  -3.170  0.1355E+01  0.1329E+01  0.2282E+02
  -3.160  0.1499E+01  0.1460E+01  0.2285E+02
  -3.150  0.1571E+01  0.1535E+01  0.2288E+02
  -3.140  0.1610E+01  0.1590E+01  0.2291E+02
  -3.130  0.1642E+01  0.1622E+01  0.2294E+02
  -3.120  0.2003E+01  0.1832E+01  0.2297E+02
  -3.110  0.2019E+01  0.2015E+01  0.2301E+02
  -3.100  0.3341E+01  0.2999E+01  0.2307E+02
  -3.090  0.3749E+01  0.3597E+01  0.2314E+02
  -3.080  0.5997E+01  0.4686E+01  0.2322E+02
  -3.070  0.8561E+01  0.8476E+01  0.2336E+02
  -3.060  0.6883E+01  0.8223E+01  0.2354E+02
  -3.050  0.5428E+01  0.5788E+01  0.2367E+02
  -3.040  0.4843E+01  0.5057E+01  0.2377E+02
  -3.030  0.4454E+01  0.4554E+01  0.2387E+02
  -3.020  0.4361E+01  0.4275E+01  0.2396E+02
  -3.010  0.0000E+00  0.0000E+00  0.2400E+02
  -3.000  0.0000E+00  0.0000E+00  0.2400E+02
  -2.990  0.0000E+00  0.0000E+00  0.2400E+02
  -2.980  0.0000E+00  0.0000E+00  0.2400E+02
  -2.970  0.0000E+00  0.0000E+00  0.2400E+02
  -2.960  0.0000E+00  0.0000E+00  0.2400E+02
  -2.950  0.0000E+00  0.0000E+00  0.2400E+02
  -2.940  0.0000E+00  0.0000E+00  0.2400E+02
  -2.930  0.0000E+00  0.0000E+00  0.2400E+02
  -2.920  0.0000E+00  0.0000E+00  0.2400E+02
  -2.910  0.0000E+00  0.0000E+00  0.2400E+02
  -2.900  0.0000E+00  0.0000E+00  0.2400E+02
  -2.890  0.0000E+00  0.0000E+00  0.2400E+02
  -2.880  0.0000E+00  0.0000E+00  0.2400E+02
  -2.870  0.0000E+00  0.0000E+00  0.2400E+02
  -2.860  0.0000E+00  0.0000E+00  0.2400E+02
  -2.850  0.0000E+00  0.0000E+00  0.2400E+02
  -2.840  0.0000E+00  0.0000E+00  0.2400E+02
  -2.830  0.0000E+00  0.0000E+00  0.2400E+02
  -2.820  0.0000E+00  0.0000E+00  0.2400E+02
  -2.810  0.0000E+00  0.0000E+00  0.2400E+02
  -2.800  0.0000E+00  0.0000E+00  0.2400E+02
  -2.790  0.0000E+00  0.0000E+00  0.2400E+02
  -2.780  0.0000E+00  0.0000E+00  0.2400E+02
  -2.770  0.0000E+00  0.0000E+00  0.2400E+02
  -2.760  0.0000E+00  0.0000E+00  0.2400E+02
  -2.750  0.0000E+00  0.0000E+00  0.2400E+02
  -2.740  0.0000E+00  0.0000E+00  0.2400E+02
  -2.730  0.0000E+00  0.0000E+00  0.2400E+02
  -2.720  0.0000E+00  0.0000E+00  0.2400E+02
  -2.710  0.0000E+00  0.0000E+00  0.2400E+02
  -2.700  0.0000E+00  0.0000E+00  0.2400E+02
  -2.690  0.0000E+00  0.0000E+00  0.2400E+02
  -2.680  0.0000E+00  0.0000E+00  0.2400E+02
  -2.670  0.0000E+00  0.0000E+00  0.2400E+02
  -2.660  0.0000E+00  0.0000E+00  0.2400E+02
  -2.650  0.0000E+00  0.0000E+00  0.2400E+02
  -2.640  0.0000E+00  0.0000E+00  0.2400E+02
  -2.630  0.0000E+00  0.0000E+00  0.2400E+02
  -2.620  0.0000E+00  0.0000E+00  0.2400E+02
  -2.610  0.2431E+01  0.0000E+00  0.2402E+02
  -2.600  0.2977E+01  0.2322E+01  0.2406E+02
  -2.590  0.4254E+01  0.2963E+01  0.2412E+02
  -2.580  0.3398E+01  0.4161E+01  0.2419E+02
  -2.570  0.3519E+01  0.3216E+01  0.2427E+02
  -2.560  0.3679E+01  0.3294E+01  0.2433E+02
  -2.550  0.4337E+01  0.3367E+01  0.2441E+02
  -2.540  0.6448E+01  0.3683E+01  0.2450E+02
  -2.530  0.3864E+01  0.4480E+01  0.2458E+02
  -2.520  0.3420E+01  0.4573E+01  0.2467E+02
  -2.510  0.3168E+01  0.3518E+01  0.2474E+02
  -2.500  0.2828E+01  0.3257E+01  0.2481E+02
  -2.490  0.2688E+01  0.2956E+01  0.2487E+02
  -2.480  0.2559E+01  0.2704E+01  0.2492E+02
  -2.470  0.2385E+01  0.2588E+01  0.2497E+02
  -2.460  0.2301E+01  0.2440E+01  0.2502E+02
  -2.450  0.2204E+01  0.2307E+01  0.2507E+02
  -2.440  0.2120E+01  0.2216E+01  0.2511E+02
  -2.430  0.2032E+01  0.2125E+01  0.2515E+02
  -2.420  0.1959E+01  0.2054E+01  0.2519E+02
  -2.410  0.1890E+01  0.1970E+01  0.2523E+02
  -2.400  0.1836E+01  0.1888E+01  0.2527E+02
  -2.390  0.1773E+01  0.1837E+01  0.2531E+02
  -2.380  0.1709E+01  0.1779E+01  0.2534E+02
  -2.370  0.1661E+01  0.1707E+01  0.2538E+02
  -2.360  0.1615E+01  0.1659E+01  0.2541E+02
  -2.350  0.1552E+01  0.1613E+01  0.2544E+02
  -2.340  0.1520E+01  0.1553E+01  0.2547E+02
  -2.330  0.1478E+01  0.1510E+01  0.2550E+02
  -2.320  0.1430E+01  0.1478E+01  0.2553E+02
  -2.310  0.1389E+01  0.1430E+01  0.2556E+02
  -2.300  0.1368E+01  0.1378E+01  0.2559E+02
  -2.290  0.1330E+01  0.1349E+01  0.2562E+02
  -2.280  0.1278E+01  0.1328E+01  0.2564E+02
  -2.270  0.1267E+01  0.1284E+01  0.2567E+02
  -2.260  0.1241E+01  0.1241E+01  0.2570E+02
  -2.250  0.1207E+01  0.1222E+01  0.2572E+02
  -2.240  0.1188E+01  0.1207E+01  0.2574E+02
  -2.230  0.1160E+01  0.1168E+01  0.2577E+02
  -2.220  0.1131E+01  0.1134E+01  0.2579E+02
  -2.210  0.1146E+01  0.1132E+01  0.2581E+02
  -2.200  0.1085E+01  0.1095E+01  0.2584E+02
  -2.190  0.1107E+01  0.1091E+01  0.2586E+02
  -2.180  0.1053E+01  0.1055E+01  0.2588E+02
  -2.170  0.9318E+00  0.1029E+01  0.2590E+02
  -2.160  0.2459E+00  0.1015E+01  0.2592E+02
  -2.150  0.2334E+00  0.1061E+01  0.2593E+02
  -2.140  0.2172E+00  0.6510E+00  0.2594E+02
  -2.130  0.2114E+00  0.2206E+00  0.2594E+02
  -2.120  0.2043E+00  0.2147E+00  0.2595E+02
  -2.110  0.1966E+00  0.2083E+00  0.2595E+02
  -2.100  0.1879E+00  0.2005E+00  0.2596E+02
  -2.090  0.1721E+00  0.1928E+00  0.2596E+02
  -2.080  0.1662E+00  0.1779E+00  0.2596E+02
  -2.070  0.1602E+00  0.1693E+00  0.2597E+02
  -2.060  0.1531E+00  0.1633E+00  0.2597E+02
  -2.050  0.1443E+00  0.1571E+00  0.2597E+02
  -2.040  0.1299E+00  0.1482E+00  0.2598E+02
  -2.030  0.1238E+00  0.1393E+00  0.2598E+02
  -2.020  0.1177E+00  0.1267E+00  0.2598E+02
  -2.010  0.1116E+00  0.1205E+00  0.2598E+02
  -2.000  0.1037E+00  0.1144E+00  0.2599E+02
  -1.990  0.9078E-01  0.1082E+00  0.2599E+02
  -1.980  0.8203E-01  0.9556E-01  0.2599E+02
  -1.970  0.7595E-01  0.8480E-01  0.2599E+02
  -1.960  0.6987E-01  0.7858E-01  0.2599E+02
  -1.950  0.1287E+01  0.7236E-01  0.2601E+02
  -1.940  0.1317E+01  0.1236E+01  0.2603E+02
  -1.930  0.1403E+01  0.1362E+01  0.2606E+02
  -1.920  0.1522E+01  0.1364E+01  0.2608E+02
  -1.910  0.1558E+01  0.1475E+01  0.2611E+02
  -1.900  0.1607E+01  0.1505E+01  0.2614E+02
  -1.890  0.1823E+01  0.1559E+01  0.2618E+02
  -1.880  0.1878E+01  0.1714E+01  0.2621E+02
  -1.870  0.3226E+01  0.1846E+01  0.2625E+02
  -1.860  0.3735E+01  0.2021E+01  0.2631E+02
  -1.850  0.5655E+01  0.3364E+01  0.2637E+02
  -1.840  0.3864E+01  0.3762E+01  0.2645E+02
  -1.830  0.3494E+01  0.4244E+01  0.2653E+02
  -1.820  0.3327E+01  0.3628E+01  0.2661E+02
  -1.810  0.3329E+01  0.3315E+01  0.2667E+02
  -1.800  0.3459E+01  0.3255E+01  0.2674E+02
  -1.790  0.3792E+01  0.3254E+01  0.2681E+02
  -1.780  0.2929E+01  0.3736E+01  0.2688E+02
  -1.770  0.2616E+01  0.3628E+01  0.2695E+02
  -1.760  0.2435E+01  0.2815E+01  0.2700E+02
  -1.750  0.2188E+01  0.2561E+01  0.2705E+02
  -1.740  0.2094E+01  0.2379E+01  0.2710E+02
  -1.730  0.1992E+01  0.2133E+01  0.2714E+02
  -1.720  0.1869E+01  0.2040E+01  0.2718E+02
  -1.710  0.1824E+01  0.1963E+01  0.2722E+02
  -1.700  0.1800E+01  0.1837E+01  0.2726E+02
  -1.690  0.1759E+01  0.1783E+01  0.2729E+02
  -1.680  0.1682E+01  0.1749E+01  0.2733E+02
  -1.670  0.1643E+01  0.1709E+01  0.2736E+02
  -1.660  0.5114E+01  0.1623E+01  0.2740E+02
  -1.650  0.5103E+01  0.1573E+01  0.2747E+02
  -1.640  0.5232E+01  0.1629E+01  0.2754E+02
  -1.630  0.5710E+01  0.4970E+01  0.2764E+02
  -1.620  0.6219E+01  0.5392E+01  0.2775E+02
  -1.610  0.7123E+01  0.5696E+01  0.2787E+02
  -1.600  0.8083E+01  0.6281E+01  0.2801E+02
  -1.590  0.1170E+02  0.7106E+01  0.2817E+02
  -1.580  0.9982E+01  0.8068E+01  0.2837E+02
  -1.570  0.8425E+01  0.1038E+02  0.2855E+02
  -1.560  0.3868E+01  0.1098E+02  0.2874E+02
  -1.550  0.3444E+01  0.8794E+01  0.2887E+02
  -1.540  0.3659E+01  0.4095E+01  0.2897E+02
  -1.530  0.3209E+01  0.3857E+01  0.2905E+02
  -1.520  0.2583E+01  0.3950E+01  0.2911E+02
  -1.510  0.2497E+01  0.2983E+01  0.2918E+02
  -1.500  0.2757E+01  0.2696E+01  0.2923E+02
  -1.490  0.3070E+01  0.2875E+01  0.2929E+02
  -1.480  0.5913E+01  0.3154E+01  0.2935E+02
  -1.470  0.3157E+01  0.3836E+01  0.2942E+02
  -1.460  0.2349E+01  0.3261E+01  0.2949E+02
  -1.450  0.2377E+01  0.2365E+01  0.2954E+02
  -1.440  0.2530E+01  0.2313E+01  0.2959E+02
  -1.430  0.2429E+01  0.2378E+01  0.2964E+02
  -1.420  0.2436E+01  0.2438E+01  0.2968E+02
  -1.410  0.2573E+01  0.2431E+01  0.2973E+02
  -1.400  0.2575E+01  0.2448E+01  0.2978E+02
  -1.390  0.2561E+01  0.2515E+01  0.2983E+02
  -1.380  0.2796E+01  0.2593E+01  0.2989E+02
  -1.370  0.2826E+01  0.2574E+01  0.2994E+02
  -1.360  0.2947E+01  0.2745E+01  0.3000E+02
  -1.350  0.3958E+01  0.2870E+01  0.3006E+02
  -1.340  0.3005E+01  0.3218E+01  0.3012E+02
  -1.330  0.2734E+01  0.3159E+01  0.3019E+02
  -1.320  0.2608E+01  0.2964E+01  0.3024E+02
  -1.310  0.2479E+01  0.2633E+01  0.3030E+02
  -1.300  0.2457E+01  0.2579E+01  0.3035E+02
  -1.290  0.2435E+01  0.2478E+01  0.3040E+02
  -1.280  0.2405E+01  0.2421E+01  0.3045E+02
  -1.270  0.2332E+01  0.2387E+01  0.3049E+02
  -1.260  0.2322E+01  0.2371E+01  0.3054E+02
  -1.250  0.2309E+01  0.2318E+01  0.3059E+02
  -1.240  0.2290E+01  0.2291E+01  0.3063E+02
  -1.230  0.2319E+01  0.2273E+01  0.3068E+02
  -1.220  0.2272E+01  0.2299E+01  0.3072E+02
  -1.210  0.2256E+01  0.2282E+01  0.3077E+02
  -1.200  0.2260E+01  0.2237E+01  0.3082E+02
  -1.190  0.2292E+01  0.2237E+01  0.3086E+02
  -1.180  0.2251E+01  0.2274E+01  0.3091E+02
  -1.170  0.2349E+01  0.2216E+01  0.3095E+02
  -1.160  0.1832E+01  0.2318E+01  0.3099E+02
  -1.150  0.1837E+01  0.1811E+01  0.3103E+02
  -1.140  0.1890E+01  0.1793E+01  0.3107E+02
  -1.130  0.1926E+01  0.1813E+01  0.3111E+02
  -1.120  0.1962E+01  0.1851E+01  0.3115E+02
  -1.110  0.1999E+01  0.1901E+01  0.3118E+02
  -1.100  0.2076E+01  0.1938E+01  0.3122E+02
  -1.090  0.2147E+01  0.1975E+01  0.3126E+02
  -1.080  0.2229E+01  0.2027E+01  0.3131E+02
  -1.070  0.2323E+01  0.2110E+01  0.3135E+02
  -1.060  0.2556E+01  0.2175E+01  0.3140E+02
  -1.050  0.2788E+01  0.2279E+01  0.3144E+02
  -1.040  0.3301E+01  0.2466E+01  0.3150E+02
  -1.030  0.3147E+01  0.2694E+01  0.3156E+02
  -1.020  0.3657E+01  0.3159E+01  0.3162E+02
  -1.010  0.5318E+01  0.3015E+01  0.3169E+02
  -1.000  0.2791E+01  0.3315E+01  0.3179E+02
  -0.990  0.2281E+00  0.4411E+01  0.3184E+02
  -0.980  0.2238E+00  0.6862E+01  0.3191E+02
  -0.970  0.2179E+00  0.1085E+01  0.3194E+02
  -0.960  0.2144E+00  0.2178E+00  0.3194E+02
  -0.950  0.2107E+00  0.2122E+00  0.3195E+02
  -0.940  0.2070E+00  0.2089E+00  0.3195E+02
  -0.930  0.2034E+00  0.2053E+00  0.3196E+02
  -0.920  0.1995E+00  0.2018E+00  0.3196E+02
  -0.910  0.1942E+00  0.1984E+00  0.3196E+02
  -0.900  0.1892E+00  0.1950E+00  0.3197E+02
  -0.890  0.1634E+01  0.1899E+00  0.3198E+02
  -0.880  0.2169E+01  0.1849E+00  0.3199E+02
  -0.870  0.2802E+01  0.3996E+00  0.3202E+02
  -0.860  0.3298E+01  0.2688E+01  0.3206E+02
  -0.850  0.3078E+01  0.2565E+01  0.3213E+02
  -0.840  0.2578E+01  0.3038E+01  0.3218E+02
  -0.830  0.2288E+01  0.3700E+01  0.3225E+02
  -0.820  0.1881E+01  0.2758E+01  0.3230E+02
  -0.810  0.1237E+01  0.2415E+01  0.3234E+02
  -0.800  0.1206E+01  0.2104E+01  0.3237E+02
  -0.790  0.1186E+01  0.1243E+01  0.3240E+02
  -0.780  0.1200E+01  0.1213E+01  0.3242E+02
  -0.770  0.1212E+01  0.1173E+01  0.3245E+02
  -0.760  0.1197E+01  0.1180E+01  0.3247E+02
  -0.750  0.1217E+01  0.1205E+01  0.3250E+02
  -0.740  0.1271E+01  0.1195E+01  0.3252E+02
  -0.730  0.1295E+01  0.1187E+01  0.3254E+02
  -0.720  0.1322E+01  0.1230E+01  0.3257E+02
  -0.710  0.1418E+01  0.1269E+01  0.3260E+02
  -0.700  0.1442E+01  0.1295E+01  0.3262E+02
  -0.690  0.1666E+01  0.1346E+01  0.3265E+02
  -0.680  0.1712E+01  0.1412E+01  0.3268E+02
  -0.670  0.2293E+01  0.1443E+01  0.3272E+02
  -0.660  0.3387E+01  0.1690E+01  0.3276E+02
  -0.650  0.2861E+01  0.1816E+01  0.3281E+02
  -0.640  0.2234E+01  0.2501E+01  0.3286E+02
  -0.630  0.2087E+01  0.3359E+01  0.3291E+02
  -0.620  0.2059E+01  0.2693E+01  0.3297E+02
  -0.610  0.2041E+01  0.2151E+01  0.3301E+02
  -0.600  0.1994E+01  0.2087E+01  0.3305E+02
  -0.590  0.1938E+01  0.2068E+01  0.3309E+02
  -0.580  0.1898E+01  0.2046E+01  0.3313E+02
  -0.570  0.1870E+01  0.1989E+01  0.3317E+02
  -0.560  0.1858E+01  0.1933E+01  0.3321E+02
  -0.550  0.1930E+01  0.1893E+01  0.3325E+02
  -0.540  0.1980E+01  0.1873E+01  0.3328E+02
  -0.530  0.2014E+01  0.1880E+01  0.3332E+02
  -0.520  0.2030E+01  0.1967E+01  0.3336E+02
  -0.510  0.2234E+01  0.2007E+01  0.3340E+02
  -0.500  0.2812E+01  0.2038E+01  0.3345E+02
  -0.490  0.2240E+01  0.2043E+01  0.3350E+02
  -0.480  0.1937E+01  0.2655E+01  0.3354E+02
  -0.470  0.1757E+01  0.2604E+01  0.3359E+02
  -0.460  0.1634E+01  0.2067E+01  0.3363E+02
  -0.450  0.1432E+01  0.1844E+01  0.3366E+02
  -0.440  0.1722E+01  0.1696E+01  0.3369E+02
  -0.430  0.1590E+01  0.2007E+01  0.3373E+02
  -0.420  0.1626E+01  0.1809E+01  0.3376E+02
  -0.410  0.1508E+01  0.1794E+01  0.3380E+02
  -0.400  0.1488E+01  0.1623E+01  0.3383E+02
  -0.390  0.1375E+01  0.1596E+01  0.3386E+02
  -0.380  0.1283E+01  0.1452E+01  0.3389E+02
  -0.370  0.1289E+01  0.1437E+01  0.3391E+02
  -0.360  0.1212E+01  0.1318E+01  0.3394E+02
  -0.350  0.1105E+01  0.1337E+01  0.3397E+02
  -0.340  0.9518E+00  0.1255E+01  0.3399E+02
  -0.330  0.8865E+00  0.1156E+01  0.3401E+02
  -0.320  0.8871E+00  0.1006E+01  0.3403E+02
  -0.310  0.8989E+00  0.8859E+00  0.3405E+02
  -0.300  0.9141E+00  0.8913E+00  0.3407E+02
  -0.290  0.9217E+00  0.9054E+00  0.3408E+02
  -0.280  0.1215E+01  0.9154E+00  0.3411E+02
  -0.270  0.1307E+01  0.9281E+00  0.3413E+02
  -0.260  0.1402E+01  0.1560E+01  0.3415E+02
  -0.250  0.1516E+01  0.1301E+01  0.3418E+02
  -0.240  0.1688E+01  0.1400E+01  0.3421E+02
  -0.230  0.1859E+01  0.1512E+01  0.3424E+02
  -0.220  0.2067E+01  0.1689E+01  0.3428E+02
  -0.210  0.2448E+01  0.1875E+01  0.3432E+02
  -0.200  0.3261E+01  0.2070E+01  0.3436E+02
  -0.190  0.2916E+01  0.2486E+01  0.3442E+02
  -0.180  0.2394E+01  0.3716E+01  0.3448E+02
  -0.170  0.2140E+01  0.2883E+01  0.3453E+02
  -0.160  0.2145E+01  0.2363E+01  0.3458E+02
  -0.150  0.1818E+01  0.2118E+01  0.3462E+02
  -0.140  0.1704E+01  0.2016E+01  0.3466E+02
  -0.130  0.1602E+01  0.1881E+01  0.3470E+02
  -0.120  0.1543E+01  0.1672E+01  0.3473E+02
  -0.110  0.1429E+01  0.1576E+01  0.3476E+02
  -0.100  0.1300E+01  0.1513E+01  0.3479E+02
  -0.090  0.1095E+01  0.1399E+01  0.3482E+02
  -0.080  0.1057E+01  0.1276E+01  0.3484E+02
  -0.070  0.9287E+00  0.1084E+01  0.3486E+02
  -0.060  0.9303E+00  0.1026E+01  0.3488E+02
  -0.050  0.9217E+00  0.9142E+00  0.3490E+02
  -0.040  0.9071E+00  0.9160E+00  0.3492E+02
  -0.030  0.8640E+00  0.9055E+00  0.3494E+02
  -0.020  0.9011E+00  0.8897E+00  0.3496E+02
  -0.010  0.9509E+00  0.8496E+00  0.3497E+02
   0.000  0.9804E+00  0.8567E+00  0.3499E+02
   0.010  0.9998E+00  0.9196E+00  0.3501E+02
   0.020  0.1009E+01  0.9520E+00  0.3503E+02
   0.030  0.1101E+01  0.9710E+00  0.3505E+02
   0.040  0.1219E+01  0.9808E+00  0.3507E+02
   0.050  0.1298E+01  0.1004E+01  0.3509E+02
   0.060  0.2858E+01  0.1147E+01  0.3512E+02
   0.070  0.3662E+01  0.1234E+01  0.3517E+02
   0.080  0.4433E+01  0.1297E+01  0.3522E+02
   0.090  0.5035E+01  0.3308E+01  0.3530E+02
   0.100  0.3929E+01  0.3806E+01  0.3538E+02
   0.110  0.3401E+01  0.5299E+01  0.3546E+02
   0.120  0.3116E+01  0.4732E+01  0.3555E+02
   0.130  0.3216E+01  0.3687E+01  0.3562E+02
   0.140  0.1794E+01  0.3314E+01  0.3568E+02
   0.150  0.1822E+01  0.3141E+01  0.3573E+02
   0.160  0.2314E+01  0.3330E+01  0.3578E+02
   0.170  0.1904E+01  0.1760E+01  0.3582E+02
   0.180  0.1709E+01  0.1791E+01  0.3586E+02
   0.190  0.1449E+01  0.2290E+01  0.3589E+02
   0.200  0.1455E+01  0.1961E+01  0.3593E+02
   0.210  0.0000E+00  0.1632E+01  0.3596E+02
   0.220  0.0000E+00  0.1610E+01  0.3598E+02
   0.230  0.0000E+00  0.1171E+01  0.3599E+02
   0.240  0.0000E+00  0.0000E+00  0.3600E+02
   0.250  0.0000E+00  0.0000E+00  0.3600E+02
   0.260  0.0000E+00  0.0000E+00  0.3600E+02
   0.270  0.0000E+00  0.0000E+00  0.3600E+02
   0.280  0.0000E+00  0.0000E+00  0.3600E+02
   0.290  0.0000E+00  0.0000E+00  0.3600E+02
   0.300  0.0000E+00  0.0000E+00  0.3600E+02
   0.310  0.0000E+00  0.0000E+00  0.3600E+02
   0.320  0.0000E+00  0.0000E+00  0.3600E+02
   0.330  0.0000E+00  0.0000E+00  0.3600E+02
   0.340  0.0000E+00  0.0000E+00  0.3600E+02
   0.350  0.0000E+00  0.0000E+00  0.3600E+02
   0.360  0.0000E+00  0.0000E+00  0.3600E+02
   0.370  0.0000E+00  0.0000E+00  0.3600E+02
   0.380  0.0000E+00  0.0000E+00  0.3600E+02
   0.390  0.0000E+00  0.0000E+00  0.3600E+02
   0.400  0.0000E+00  0.0000E+00  0.3600E+02
   0.410  0.0000E+00  0.0000E+00  0.3600E+02
   0.420  0.0000E+00  0.0000E+00  0.3600E+02
   0.430  0.0000E+00  0.0000E+00  0.3600E+02
   0.440  0.0000E+00  0.0000E+00  0.3600E+02
   0.450  0.0000E+00  0.0000E+00  0.3600E+02
   0.460  0.0000E+00  0.0000E+00  0.3600E+02
   0.470  0.0000E+00  0.0000E+00  0.3600E+02
   0.480  0.0000E+00  0.0000E+00  0.3600E+02
   0.490  0.0000E+00  0.0000E+00  0.3600E+02
   0.500  0.0000E+00  0.0000E+00  0.3600E+02
   0.510  0.0000E+00  0.0000E+00  0.3600E+02
   0.520  0.0000E+00  0.0000E+00  0.3600E+02
   0.530  0.0000E+00  0.0000E+00  0.3600E+02
   0.540  0.0000E+00  0.0000E+00  0.3600E+02
   0.550  0.0000E+00  0.0000E+00  0.3600E+02
   0.560  0.0000E+00  0.0000E+00  0.3600E+02
   0.570  0.0000E+00  0.0000E+00  0.3600E+02
   0.580  0.0000E+00  0.0000E+00  0.3600E+02
   0.590  0.0000E+00  0.0000E+00  0.3600E+02
   0.600  0.0000E+00  0.0000E+00  0.3600E+02
   0.610  0.0000E+00  0.0000E+00  0.3600E+02
   0.620  0.0000E+00  0.0000E+00  0.3600E+02
   0.630  0.0000E+00  0.0000E+00  0.3600E+02
   0.640  0.0000E+00  0.0000E+00  0.3600E+02
   0.650  0.0000E+00  0.0000E+00  0.3600E+02
   0.660  0.0000E+00  0.0000E+00  0.3600E+02
   0.670  0.0000E+00  0.0000E+00  0.3600E+02
   0.680  0.0000E+00  0.0000E+00  0.3600E+02
   0.690  0.0000E+00  0.0000E+00  0.3600E+02
   0.700  0.0000E+00  0.0000E+00  0.3600E+02
   0.710  0.0000E+00  0.0000E+00  0.3600E+02
   0.720  0.0000E+00  0.0000E+00  0.3600E+02
   0.730  0.0000E+00  0.0000E+00  0.3600E+02
   0.740  0.0000E+00  0.0000E+00  0.3600E+02
   0.750  0.0000E+00  0.0000E+00  0.3600E+02
   0.760  0.0000E+00  0.0000E+00  0.3600E+02
   0.770  0.0000E+00  0.0000E+00  0.3600E+02
   0.780  0.0000E+00  0.0000E+00  0.3600E+02
   0.790  0.0000E+00  0.0000E+00  0.3600E+02
   0.800  0.0000E+00  0.0000E+00  0.3600E+02
   0.810  0.0000E+00  0.0000E+00  0.3600E+02
   0.820  0.0000E+00  0.0000E+00  0.3600E+02
   0.830  0.0000E+00  0.0000E+00  0.3600E+02
   0.840  0.0000E+00  0.0000E+00  0.3600E+02
   0.850  0.0000E+00  0.0000E+00  0.3600E+02
   0.860  0.0000E+00  0.0000E+00  0.3600E+02
   0.870  0.0000E+00  0.0000E+00  0.3600E+02
   0.880  0.0000E+00  0.0000E+00  0.3600E+02
   0.890  0.0000E+00  0.0000E+00  0.3600E+02
   0.900  0.0000E+00  0.0000E+00  0.3600E+02
   0.910  0.0000E+00  0.0000E+00  0.3600E+02
   0.920  0.0000E+00  0.0000E+00  0.3600E+02
   0.930  0.7098E+00  0.0000E+00  0.3600E+02
   0.940  0.8726E+00  0.0000E+00  0.3601E+02
   0.950  0.8432E+00  0.8119E+00  0.3602E+02
   0.960  0.8537E+00  0.8047E+00  0.3604E+02
   0.970  0.9303E+00  0.8768E+00  0.3606E+02
   0.980  0.9139E+00  0.8973E+00  0.3608E+02
   0.990  0.9447E+00  0.9321E+00  0.3609E+02
   1.000  0.9812E+00  0.9363E+00  0.3611E+02
   1.010  0.1029E+01  0.9603E+00  0.3613E+02
   1.020  0.1077E+01  0.1020E+01  0.3615E+02
   1.030  0.1240E+01  0.1070E+01  0.3618E+02
   1.040  0.1556E+01  0.1373E+01  0.3620E+02
   1.050  0.1821E+01  0.1528E+01  0.3623E+02
   1.060  0.2513E+01  0.1910E+01  0.3627E+02
   1.070  0.1642E+01  0.1936E+01  0.3631E+02
   1.080  0.1515E+01  0.1602E+01  0.3634E+02
   1.090  0.1401E+01  0.1497E+01  0.3637E+02
   1.100  0.1372E+01  0.1388E+01  0.3640E+02
   1.110  0.1351E+01  0.1360E+01  0.3643E+02
   1.120  0.1322E+01  0.1337E+01  0.3645E+02
   1.130  0.1318E+01  0.1312E+01  0.3648E+02
   1.140  0.1311E+01  0.1309E+01  0.3651E+02
   1.150  0.1305E+01  0.1307E+01  0.3653E+02
   1.160  0.1305E+01  0.1299E+01  0.3656E+02
   1.170  0.1314E+01  0.1294E+01  0.3658E+02
   1.180  0.1321E+01  0.1303E+01  0.3661E+02
   1.190  0.1333E+01  0.1312E+01  0.3664E+02
   1.200  0.1345E+01  0.1325E+01  0.3666E+02
   1.210  0.1352E+01  0.1338E+01  0.3669E+02
   1.220  0.1377E+01  0.1351E+01  0.3672E+02
   1.230  0.1649E+01  0.1402E+01  0.3675E+02
   1.240  0.1636E+01  0.1679E+01  0.3678E+02
   1.250  0.1678E+01  0.1626E+01  0.3681E+02
   1.260  0.1716E+01  0.1669E+01  0.3684E+02
   1.270  0.1748E+01  0.1708E+01  0.3688E+02
   1.280  0.1830E+01  0.1735E+01  0.3691E+02
   1.290  0.1902E+01  0.1783E+01  0.3695E+02
   1.300  0.1969E+01  0.1879E+01  0.3699E+02
   1.310  0.2022E+01  0.1956E+01  0.3703E+02
   1.320  0.2273E+01  0.1992E+01  0.3707E+02
   1.330  0.2360E+01  0.2193E+01  0.3711E+02
   1.340  0.2864E+01  0.2357E+01  0.3716E+02
   1.350  0.2381E+01  0.3227E+01  0.3721E+02
   1.360  0.2200E+01  0.2721E+01  0.3727E+02
   1.370  0.2079E+01  0.2300E+01  0.3731E+02
   1.380  0.1959E+01  0.2158E+01  0.3735E+02
   1.390  0.1928E+01  0.2001E+01  0.3739E+02
   1.400  0.1910E+01  0.1972E+01  0.3743E+02
   1.410  0.1781E+01  0.1941E+01  0.3747E+02
   1.420  0.1755E+01  0.1812E+01  0.3751E+02
   1.430  0.1672E+01  0.1781E+01  0.3754E+02
   1.440  0.1577E+01  0.1699E+01  0.3758E+02
   1.450  0.1489E+01  0.1604E+01  0.3761E+02
   1.460  0.1432E+01  0.1512E+01  0.3764E+02
   1.470  0.1350E+01  0.1455E+01  0.3767E+02
   1.480  0.1315E+01  0.1366E+01  0.3770E+02
   1.490  0.1283E+01  0.1327E+01  0.3772E+02
   1.500  0.1230E+01  0.1290E+01  0.3775E+02
   1.510  0.1224E+01  0.1237E+01  0.3777E+02
   1.520  0.1224E+01  0.1230E+01  0.3780E+02
   1.530  0.1313E+01  0.1230E+01  0.3782E+02
   1.540  0.1427E+01  0.1279E+01  0.3785E+02
   1.550  0.1393E+01  0.1403E+01  0.3788E+02
   1.560  0.1223E+01  0.1374E+01  0.3790E+02
   1.570  0.1290E+01  0.1239E+01  0.3793E+02
   1.580  0.1383E+01  0.1288E+01  0.3795E+02
   1.590  0.1508E+01  0.1385E+01  0.3798E+02
   1.600  0.1655E+01  0.1489E+01  0.3801E+02
   1.610  0.1755E+01  0.1657E+01  0.3804E+02
   1.620  0.1978E+01  0.1772E+01  0.3808E+02
   1.630  0.2158E+01  0.1973E+01  0.3812E+02
   1.640  0.2591E+01  0.2186E+01  0.3816E+02
   1.650  0.5405E+01  0.2667E+01  0.3823E+02
   1.660  0.4411E+01  0.5046E+01  0.3833E+02
   1.670  0.3939E+01  0.4763E+01  0.3843E+02
   1.680  0.3507E+01  0.3934E+01  0.3851E+02
   1.690  0.3371E+01  0.3566E+01  0.3858E+02
   1.700  0.3389E+01  0.3540E+01  0.3865E+02
   1.710  0.3493E+01  0.3468E+01  0.3872E+02
   1.720  0.3559E+01  0.3577E+01  0.3879E+02
   1.730  0.3608E+01  0.3592E+01  0.3886E+02
   1.740  0.3532E+01  0.3628E+01  0.3893E+02
   1.750  0.3537E+01  0.3518E+01  0.3900E+02
   1.760  0.3620E+01  0.3527E+01  0.3907E+02
   1.770  0.3965E+01  0.3629E+01  0.3915E+02
   1.780  0.4322E+01  0.3950E+01  0.3922E+02
   1.790  0.5378E+01  0.4276E+01  0.3931E+02
   1.800  0.3968E+01  0.5391E+01  0.3942E+02
   1.810  0.3543E+01  0.3961E+01  0.3953E+02
   1.820  0.2866E+01  0.3344E+01  0.3960E+02
   1.830  0.1896E+01  0.2809E+01  0.3965E+02
   1.840  0.9677E+00  0.1810E+01  0.3969E+02
   1.850  0.3007E+01  0.9464E+00  0.3972E+02
   1.860  0.1946E+01  0.2019E+01  0.3976E+02
   1.870  0.1776E+01  0.1913E+01  0.3979E+02
   1.880  0.1840E+01  0.1778E+01  0.3983E+02
   1.890  0.2002E+01  0.1869E+01  0.3987E+02
   1.900  0.2172E+01  0.2036E+01  0.3991E+02
   1.910  0.3217E+01  0.2380E+01  0.3996E+02
   1.920  0.2547E+01  0.3214E+01  0.4001E+02
   1.930  0.2276E+01  0.2668E+01  0.4007E+02
   1.940  0.2194E+01  0.2297E+01  0.4011E+02
   1.950  0.2159E+01  0.2211E+01  0.4016E+02
   1.960  0.2578E+01  0.2179E+01  0.4020E+02
   1.970  0.1893E+01  0.2169E+01  0.4025E+02
   1.980  0.1567E+01  0.1776E+01  0.4028E+02
   1.990  0.1476E+01  0.1595E+01  0.4032E+02
   2.000  0.1465E+01  0.1487E+01  0.4035E+02
   2.010  0.1465E+01  0.1472E+01  0.4038E+02
   2.020  0.1459E+01  0.1467E+01  0.4041E+02
   2.030  0.1454E+01  0.1477E+01  0.4043E+02
   2.040  0.1580E+01  0.1472E+01  0.4046E+02
   2.050  0.1771E+01  0.1668E+01  0.4050E+02
   2.060  0.2292E+01  0.1895E+01  0.4053E+02
   2.070  0.2112E+01  0.2059E+01  0.4058E+02
   2.080  0.3103E+01  0.2552E+01  0.4062E+02
   2.090  0.2607E+01  0.2734E+01  0.4068E+02
   2.100  0.2406E+01  0.2633E+01  0.4073E+02
   2.110  0.2383E+01  0.2489E+01  0.4078E+02
   2.120  0.2347E+01  0.2507E+01  0.4083E+02
   2.130  0.2442E+01  0.2322E+01  0.4087E+02
   2.140  0.2359E+01  0.2418E+01  0.4092E+02
   2.150  0.2411E+01  0.2448E+01  0.4097E+02
   2.160  0.2574E+01  0.2512E+01  0.4102E+02
   2.170  0.2794E+01  0.2683E+01  0.4107E+02
   2.180  0.3266E+01  0.2898E+01  0.4113E+02
   2.190  0.4246E+01  0.3668E+01  0.4120E+02
   2.200  0.3223E+01  0.3417E+01  0.4127E+02
   2.210  0.5155E+01  0.3374E+01  0.4135E+02
   2.220  0.9180E+01  0.5359E+01  0.4146E+02
   2.230  0.5047E+01  0.7843E+01  0.4161E+02
   2.240  0.4002E+01  0.4622E+01  0.4171E+02
   2.250  0.2826E+01  0.3797E+01  0.4179E+02
   2.260  0.1428E+01  0.2714E+01  0.4184E+02
   2.270  0.1423E+01  0.1402E+01  0.4187E+02
   2.280  0.1452E+01  0.1386E+01  0.4190E+02
   2.290  0.1367E+01  0.1331E+01  0.4193E+02
   2.300  0.1326E+01  0.1314E+01  0.4195E+02
   2.310  0.1235E+01  0.1294E+01  0.4198E+02
   2.320  0.1128E+01  0.1193E+01  0.4201E+02
   2.330  0.9403E+00  0.1084E+01  0.4203E+02
   2.340  0.6631E+00  0.8518E+00  0.4205E+02
   2.350  0.3748E+00  0.5655E+00  0.4206E+02
   2.360  0.3570E+00  0.3488E+00  0.4207E+02
   2.370  0.3543E+00  0.3463E+00  0.4207E+02
   2.380  0.3499E+00  0.3438E+00  0.4208E+02
   2.390  0.3480E+00  0.3428E+00  0.4209E+02
   2.400  0.3493E+00  0.3444E+00  0.4209E+02
   2.410  0.3501E+00  0.3463E+00  0.4210E+02
   2.420  0.3486E+00  0.3470E+00  0.4211E+02
   2.430  0.3443E+00  0.3458E+00  0.4211E+02
   2.440  0.3325E+00  0.3445E+00  0.4212E+02
   2.450  0.3333E+00  0.3320E+00  0.4213E+02
   2.460  0.5673E+00  0.5211E+00  0.4214E+02
   2.470  0.6525E+00  0.6004E+00  0.4215E+02
   2.480  0.7086E+00  0.6790E+00  0.4216E+02
   2.490  0.7336E+00  0.7119E+00  0.4218E+02
   2.500  0.6800E+00  0.7367E+00  0.4219E+02
   2.510  0.6756E+00  0.6682E+00  0.4220E+02
   2.520  0.6881E+00  0.6798E+00  0.4222E+02
   2.530  0.7025E+00  0.6924E+00  0.4223E+02
   2.540  0.7284E+00  0.7065E+00  0.4224E+02
   2.550  0.7525E+00  0.7331E+00  0.4226E+02
   2.560  0.7485E+00  0.7547E+00  0.4227E+02
   2.570  0.7556E+00  0.7516E+00  0.4229E+02
   2.580  0.7659E+00  0.7614E+00  0.4230E+02
   2.590  0.7769E+00  0.7718E+00  0.4232E+02
   2.600  0.8172E+00  0.7846E+00  0.4234E+02
   2.610  0.7933E+00  0.8005E+00  0.4235E+02
   2.620  0.7897E+00  0.8330E+00  0.4237E+02
   2.630  0.8180E+00  0.8111E+00  0.4238E+02
   2.640  0.8444E+00  0.8225E+00  0.4240E+02
   2.650  0.8702E+00  0.8500E+00  0.4242E+02
   2.660  0.8904E+00  0.8743E+00  0.4243E+02
   2.670  0.9091E+00  0.8948E+00  0.4245E+02
   2.680  0.9276E+00  0.9139E+00  0.4247E+02
   2.690  0.9790E+00  0.9329E+00  0.4249E+02
   2.700  0.1022E+01  0.9914E+00  0.4251E+02
   2.710  0.1054E+01  0.1028E+01  0.4253E+02
   2.720  0.1084E+01  0.1063E+01  0.4255E+02
   2.730  0.1128E+01  0.1093E+01  0.4257E+02
   2.740  0.1163E+01  0.1141E+01  0.4260E+02
   2.750  0.1192E+01  0.1171E+01  0.4262E+02
   2.760  0.1237E+01  0.1201E+01  0.4264E+02
   2.770  0.1329E+01  0.1253E+01  0.4267E+02
   2.780  0.1405E+01  0.1354E+01  0.4269E+02
   2.790  0.1463E+01  0.1423E+01  0.4272E+02
   2.800  0.1526E+01  0.1480E+01  0.4275E+02
   2.810  0.1593E+01  0.1542E+01  0.4278E+02
   2.820  0.1676E+01  0.1616E+01  0.4281E+02
   2.830  0.2108E+01  0.1868E+01  0.4285E+02
   2.840  0.2233E+01  0.2174E+01  0.4289E+02
   2.850  0.2051E+01  0.2091E+01  0.4294E+02
   2.860  0.2040E+01  0.2028E+01  0.4298E+02
   2.870  0.2075E+01  0.2034E+01  0.4302E+02
   2.880  0.2268E+01  0.2110E+01  0.4306E+02
   2.890  0.2447E+01  0.2306E+01  0.4311E+02
   2.900  0.2677E+01  0.2479E+01  0.4316E+02
   2.910  0.3139E+01  0.2707E+01  0.4321E+02
   2.920  0.4253E+01  0.3275E+01  0.4328E+02
   2.930  0.2698E+01  0.6170E+01  0.4336E+02
   2.940  0.2091E+01  0.2343E+01  0.4343E+02
   2.950  0.1993E+01  0.2094E+01  0.4347E+02
   2.960  0.1827E+01  0.1971E+01  0.4351E+02
   2.970  0.1814E+01  0.1787E+01  0.4355E+02
   2.980  0.1715E+01  0.1805E+01  0.4358E+02
   2.990  0.1899E+01  0.1803E+01  0.4362E+02
   3.000  0.2097E+01  0.1924E+01  0.4366E+02
   3.010  0.2413E+01  0.2144E+01  0.4370E+02
   3.020  0.4008E+00  0.2251E+01  0.4374E+02
   3.030  0.3910E+00  0.3999E+00  0.4376E+02
   3.040  0.3814E+00  0.3905E+00  0.4377E+02
   3.050  0.3465E+00  0.3751E+00  0.4378E+02
   3.060  0.3067E+00  0.3344E+00  0.4379E+02
   3.070  0.2903E+00  0.2941E+00  0.4379E+02
   3.080  0.2846E+00  0.2901E+00  0.4380E+02
   3.090  0.2769E+00  0.2828E+00  0.4380E+02
   3.100  0.2691E+00  0.2749E+00  0.4381E+02
   3.110  0.2614E+00  0.2671E+00  0.4382E+02
   3.120  0.2532E+00  0.2592E+00  0.4382E+02
   3.130  0.2315E+00  0.2505E+00  0.4383E+02
   3.140  0.2286E+00  0.2310E+00  0.4383E+02
   3.150  0.2257E+00  0.2281E+00  0.4383E+02
   3.160  0.2226E+00  0.2250E+00  0.4384E+02
   3.170  0.2195E+00  0.2219E+00  0.4384E+02
   3.180  0.2164E+00  0.2188E+00  0.4385E+02
   3.190  0.2135E+00  0.2157E+00  0.4385E+02
   3.200  0.2080E+00  0.2125E+00  0.4386E+02
   3.210  0.2008E+00  0.2052E+00  0.4386E+02
   3.220  0.1936E+00  0.1978E+00  0.4386E+02
   3.230  0.1895E+00  0.1910E+00  0.4387E+02
   3.240  0.1875E+00  0.1890E+00  0.4387E+02
   3.250  0.1855E+00  0.1870E+00  0.4388E+02
   3.260  0.1835E+00  0.1850E+00  0.4388E+02
   3.270  0.1809E+00  0.1826E+00  0.4388E+02
   3.280  0.1782E+00  0.1800E+00  0.4389E+02
   3.290  0.1756E+00  0.1773E+00  0.4389E+02
   3.300  0.1730E+00  0.1747E+00  0.4389E+02
   3.310  0.1704E+00  0.1721E+00  0.4390E+02
   3.320  0.1679E+00  0.1695E+00  0.4390E+02
   3.330  0.1621E+00  0.1630E+00  0.4390E+02
   3.340  0.1617E+00  0.1619E+00  0.4391E+02
   3.350  0.1607E+00  0.1621E+00  0.4391E+02
   3.360  0.1585E+00  0.1599E+00  0.4391E+02
   3.370  0.1564E+00  0.1577E+00  0.4392E+02
   3.380  0.1542E+00  0.1555E+00  0.4392E+02
   3.390  0.1520E+00  0.1533E+00  0.4392E+02
   3.400  0.1498E+00  0.1511E+00  0.4393E+02
   3.410  0.1471E+00  0.1488E+00  0.4393E+02
   3.420  0.1443E+00  0.1459E+00  0.4393E+02
   3.430  0.1414E+00  0.1430E+00  0.4394E+02
   3.440  0.1388E+00  0.1401E+00  0.4394E+02
   3.450  0.1375E+00  0.1383E+00  0.4394E+02
   3.460  0.1363E+00  0.1370E+00  0.4394E+02
   3.470  0.1359E+00  0.1364E+00  0.4395E+02
   3.480  0.1355E+00  0.1360E+00  0.4395E+02
   3.490  0.1368E+00  0.1384E+00  0.4395E+02
   3.500  0.1338E+00  0.1354E+00  0.4395E+02
   3.510  0.1309E+00  0.1324E+00  0.4396E+02
   3.520  0.1279E+00  0.1295E+00  0.4396E+02
   3.530  0.1242E+00  0.1265E+00  0.4396E+02
   3.540  0.1223E+00  0.1234E+00  0.4396E+02
   3.550  0.1204E+00  0.1215E+00  0.4397E+02
   3.560  0.1186E+00  0.1196E+00  0.4397E+02
   3.570  0.1167E+00  0.1177E+00  0.4397E+02
   3.580  0.1148E+00  0.1158E+00  0.4397E+02
   3.590  0.1161E+00  0.1143E+00  0.4398E+02
   3.600  0.1213E+00  0.1194E+00  0.4398E+02
   3.610  0.1199E+00  0.1222E+00  0.4398E+02
   3.620  0.1148E+00  0.1172E+00  0.4398E+02
   3.630  0.1101E+00  0.1122E+00  0.4399E+02
   3.640  0.1056E+00  0.1077E+00  0.4399E+02
   3.650  0.1010E+00  0.1031E+00  0.4399E+02
   3.660  0.9650E-01  0.9855E-01  0.4399E+02
   3.670  0.9198E-01  0.9399E-01  0.4399E+02
   3.680  0.1277E+00  0.1487E+00  0.4400E+02
   3.690  0.7432E-01  0.9501E-01  0.4400E+02
   3.700  0.2098E-01  0.4128E-01  0.4400E+02
   3.710  0.0000E+00  0.0000E+00  0.4400E+02
   3.720  0.0000E+00  0.0000E+00  0.4400E+02
   3.730  0.0000E+00  0.0000E+00  0.4400E+02
   3.740  0.0000E+00  0.0000E+00  0.4400E+02
   3.750  0.0000E+00  0.0000E+00  0.4400E+02
   3.760  0.0000E+00  0.0000E+00  0.4400E+02
   3.770  0.0000E+00  0.0000E+00  0.4400E+02
   3.780  0.0000E+00  0.0000E+00  0.4400E+02
   3.790  0.0000E+00  0.0000E+00  0.4400E+02
   3.800  0.0000E+00  0.0000E+00  0.4400E+02
   3.810  0.0000E+00  0.0000E+00  0.4400E+02
   3.820  0.0000E+00  0.0000E+00  0.4400E+02
   3.830  0.0000E+00  0.0000E+00  0.4400E+02
   3.840  0.0000E+00  0.0000E+00  0.4400E+02
   3.850  0.0000E+00  0.0000E+00  0.4400E+02
   3.860  0.0000E+00  0.0000E+00  0.4400E+02
   3.870  0.0000E+00  0.0000E+00  0.4400E+02
   3.880  0.0000E+00  0.0000E+00  0.4400E+02
   3.890  0.0000E+00  0.0000E+00  0.4400E+02
   3.900  0.0000E+00  0.0000E+00  0.4400E+02
   3.910  0.0000E+00  0.0000E+00  0.4400E+02
   3.920  0.0000E+00  0.0000E+00  0.4400E+02
   3.930  0.0000E+00  0.0000E+00  0.4400E+02
   3.940  0.0000E+00  0.0000E+00  0.4400E+02
   3.950  0.0000E+00  0.0000E+00  0.4400E+02
   3.960  0.0000E+00  0.0000E+00  0.4400E+02
   3.970  0.0000E+00  0.0000E+00  0.4400E+02
   3.980  0.0000E+00  0.0000E+00  0.4400E+02
   3.990  0.0000E+00  0.0000E+00  0.4400E+02
   4.000  0.0000E+00  0.0000E+00  0.4400E+02
   4.010  0.0000E+00  0.0000E+00  0.4400E+02
   4.020  0.0000E+00  0.0000E+00  0.4400E+02
   4.030  0.0000E+00  0.0000E+00  0.4400E+02
   4.040  0.0000E+00  0.0000E+00  0.4400E+02
   4.050  0.0000E+00  0.0000E+00  0.4400E+02
   4.060  0.0000E+00  0.0000E+00  0.4400E+02
   4.070  0.0000E+00  0.0000E+00  0.4400E+02
   4.080  0.0000E+00  0.0000E+00  0.4400E+02
   4.090  0.0000E+00  0.0000E+00  0.4400E+02
   4.100  0.0000E+00  0.0000E+00  0.4400E+02
   4.110  0.0000E+00  0.0000E+00  0.4400E+02
   4.120  0.0000E+00  0.0000E+00  0.4400E+02
   4.130  0.0000E+00  0.0000E+00  0.4400E+02
   4.140  0.0000E+00  0.0000E+00  0.4400E+02
   4.150  0.0000E+00  0.0000E+00  0.4400E+02
   4.160  0.0000E+00  0.0000E+00  0.4400E+02
   4.170  0.0000E+00  0.0000E+00  0.4400E+02
   4.180  0.0000E+00  0.0000E+00  0.4400E+02
   4.190  0.0000E+00  0.0000E+00  0.4400E+02
   4.200  0.0000E+00  0.0000E+00  0.4400E+02
   4.210  0.0000E+00  0.0000E+00  0.4400E+02
   4.220  0.0000E+00  0.0000E+00  0.4400E+02
   4.230  0.0000E+00  0.0000E+00  0.4400E+02
   4.240  0.0000E+00  0.0000E+00  0.4400E+02
   4.250  0.0000E+00  0.0000E+00  0.4400E+02
   4.260  0.0000E+00  0.0000E+00  0.4400E+02
   4.270  0.0000E+00  0.0000E+00  0.4400E+02
   4.280  0.0000E+00  0.0000E+00  0.4400E+02
   4.290  0.0000E+00  0.0000E+00  0.4400E+02
   4.300  0.0000E+00  0.0000E+00  0.4400E+02
   4.310  0.0000E+00  0.0000E+00  0.4400E+02
   4.320  0.0000E+00  0.0000E+00  0.4400E+02
   4.330  0.0000E+00  0.0000E+00  0.4400E+02
   4.340  0.0000E+00  0.0000E+00  0.4400E+02
   4.350  0.0000E+00  0.0000E+00  0.4400E+02
   4.360  0.0000E+00  0.0000E+00  0.4400E+02
   4.370  0.0000E+00  0.0000E+00  0.4400E+02
   4.380  0.0000E+00  0.0000E+00  0.4400E+02
   4.390  0.0000E+00  0.0000E+00  0.4400E+02
   4.400  0.0000E+00  0.0000E+00  0.4400E+02
   4.410  0.0000E+00  0.0000E+00  0.4400E+02
   4.420  0.0000E+00  0.0000E+00  0.4400E+02
   4.430  0.0000E+00  0.0000E+00  0.4400E+02
   4.440  0.0000E+00  0.0000E+00  0.4400E+02
   4.450  0.0000E+00  0.0000E+00  0.4400E+02
   4.460  0.0000E+00  0.0000E+00  0.4400E+02
   4.470  0.0000E+00  0.0000E+00  0.4400E+02
   4.480  0.0000E+00  0.0000E+00  0.4400E+02
   4.490  0.0000E+00  0.0000E+00  0.4400E+02
   4.500  0.0000E+00  0.0000E+00  0.4400E+02
   4.510  0.0000E+00  0.0000E+00  0.4400E+02
   4.520  0.0000E+00  0.0000E+00  0.4400E+02
   4.530  0.0000E+00  0.0000E+00  0.4400E+02
   4.540  0.0000E+00  0.0000E+00  0.4400E+02
   4.550  0.0000E+00  0.0000E+00  0.4400E+02
   4.560  0.0000E+00  0.0000E+00  0.4400E+02
   4.570  0.0000E+00  0.0000E+00  0.4400E+02
   4.580  0.0000E+00  0.0000E+00  0.4400E+02
   4.590  0.0000E+00  0.0000E+00  0.4400E+02
   4.600  0.0000E+00  0.0000E+00  0.4400E+02
   4.610  0.0000E+00  0.0000E+00  0.4400E+02
   4.620  0.0000E+00  0.0000E+00  0.4400E+02
   4.630  0.0000E+00  0.0000E+00  0.4400E+02
   4.640  0.0000E+00  0.0000E+00  0.4400E+02
   4.650  0.0000E+00  0.0000E+00  0.4400E+02
   4.660  0.0000E+00  0.0000E+00  0.4400E+02
   4.670  0.0000E+00  0.0000E+00  0.4400E+02
   4.680  0.0000E+00  0.0000E+00  0.4400E+02
   4.690  0.0000E+00  0.0000E+00  0.4400E+02
   4.700  0.0000E+00  0.0000E+00  0.4400E+02
   4.710  0.0000E+00  0.0000E+00  0.4400E+02
   4.720  0.0000E+00  0.0000E+00  0.4400E+02
   4.730  0.0000E+00  0.0000E+00  0.4400E+02
   4.740  0.0000E+00  0.0000E+00  0.4400E+02
   4.750  0.0000E+00  0.0000E+00  0.4400E+02
   4.760  0.0000E+00  0.0000E+00  0.4400E+02
   4.770  0.0000E+00  0.0000E+00  0.4400E+02
   4.780  0.0000E+00  0.0000E+00  0.4400E+02
   4.790  0.0000E+00  0.0000E+00  0.4400E+02
   4.800  0.0000E+00  0.0000E+00  0.4400E+02
   4.810  0.0000E+00  0.0000E+00  0.4400E+02
   4.820  0.0000E+00  0.0000E+00  0.4400E+02
   4.830  0.0000E+00  0.0000E+00  0.4400E+02
   4.840  0.0000E+00  0.0000E+00  0.4400E+02
   4.850  0.0000E+00  0.0000E+00  0.4400E+02
   4.860  0.0000E+00  0.0000E+00  0.4400E+02
   4.870  0.0000E+00  0.0000E+00  0.4400E+02
   4.880  0.0000E+00  0.0000E+00  0.4400E+02
   4.890  0.0000E+00  0.0000E+00  0.4400E+02
   4.900  0.0000E+00  0.0000E+00  0.4400E+02
   4.910  0.0000E+00  0.0000E+00  0.4400E+02
   4.920  0.0000E+00  0.0000E+00  0.4400E+02
   4.930  0.0000E+00  0.0000E+00  0.4400E+02
   4.940  0.0000E+00  0.0000E+00  0.4400E+02
   4.950  0.0000E+00  0.0000E+00  0.4400E+02
   4.960  0.0000E+00  0.0000E+00  0.4400E+02
   4.970  0.0000E+00  0.0000E+00  0.4400E+02
   4.980  0.0000E+00  0.0000E+00  0.4400E+02
   4.990  0.0000E+00  0.0000E+00  0.4400E+02
   5.000  0.0000E+00  0.0000E+00  0.4400E+02
   5.010  0.0000E+00  0.0000E+00  0.4400E+02
   5.020  0.0000E+00  0.0000E+00  0.4400E+02
   5.030  0.0000E+00  0.0000E+00  0.4400E+02
   5.040  0.0000E+00  0.0000E+00  0.4400E+02
   5.050  0.0000E+00  0.0000E+00  0.4400E+02
   5.060  0.0000E+00  0.0000E+00  0.4400E+02
   5.070  0.0000E+00  0.0000E+00  0.4400E+02
   5.080  0.0000E+00  0.0000E+00  0.4400E+02
   5.090  0.0000E+00  0.0000E+00  0.4400E+02
   5.100  0.0000E+00  0.0000E+00  0.4400E+02
   5.110  0.0000E+00  0.0000E+00  0.4400E+02
   5.120  0.0000E+00  0.0000E+00  0.4400E+02
   5.130  0.0000E+00  0.0000E+00  0.4400E+02
   5.140  0.0000E+00  0.0000E+00  0.4400E+02
   5.150  0.0000E+00  0.0000E+00  0.4400E+02
   5.160  0.0000E+00  0.0000E+00  0.4400E+02
   5.170  0.0000E+00  0.0000E+00  0.4400E+02
   5.180  0.0000E+00  0.0000E+00  0.4400E+02
   5.190  0.0000E+00  0.0000E+00  0.4400E+02
   5.200  0.0000E+00  0.0000E+00  0.4400E+02
   5.210  0.0000E+00  0.0000E+00  0.4400E+02
   5.220  0.0000E+00  0.0000E+00  0.4400E+02
   5.230  0.0000E+00  0.0000E+00  0.4400E+02
   5.240  0.0000E+00  0.0000E+00  0.4400E+02
   5.250  0.0000E+00  0.0000E+00  0.4400E+02
   5.260  0.0000E+00  0.0000E+00  0.4400E+02
   5.270  0.0000E+00  0.0000E+00  0.4400E+02
   5.280  0.0000E+00  0.0000E+00  0.4400E+02
   5.290  0.0000E+00  0.0000E+00  0.4400E+02
   5.300  0.0000E+00  0.0000E+00  0.4400E+02
   5.310  0.0000E+00  0.0000E+00  0.4400E+02
   5.320  0.0000E+00  0.0000E+00  0.4400E+02
   5.330  0.0000E+00  0.0000E+00  0.4400E+02
   5.340  0.0000E+00  0.0000E+00  0.4400E+02
   5.350  0.0000E+00  0.0000E+00  0.4400E+02
   5.360  0.0000E+00  0.0000E+00  0.4400E+02
   5.370  0.0000E+00  0.0000E+00  0.4400E+02
   5.380  0.0000E+00  0.0000E+00  0.4400E+02
   5.390  0.0000E+00  0.0000E+00  0.4400E+02
   5.400  0.0000E+00  0.0000E+00  0.4400E+02
   5.410  0.0000E+00  0.0000E+00  0.4400E+02
   5.420  0.0000E+00  0.0000E+00  0.4400E+02
   5.430  0.0000E+00  0.0000E+00  0.4400E+02
   5.440  0.0000E+00  0.0000E+00  0.4400E+02
   5.450  0.0000E+00  0.0000E+00  0.4400E+02
   5.460  0.0000E+00  0.0000E+00  0.4400E+02
   5.470  0.0000E+00  0.0000E+00  0.4400E+02
   5.480  0.0000E+00  0.0000E+00  0.4400E+02
   5.490  0.0000E+00  0.0000E+00  0.4400E+02
   5.500  0.0000E+00  0.0000E+00  0.4400E+02
   5.510  0.0000E+00  0.0000E+00  0.4400E+02
   5.520  0.0000E+00  0.0000E+00  0.4400E+02
   5.530  0.0000E+00  0.0000E+00  0.4400E+02
   5.540  0.0000E+00  0.0000E+00  0.4400E+02
   5.550  0.0000E+00  0.0000E+00  0.4400E+02
   5.560  0.0000E+00  0.0000E+00  0.4400E+02
   5.570  0.0000E+00  0.0000E+00  0.4400E+02
   5.580  0.0000E+00  0.0000E+00  0.4400E+02
   5.590  0.0000E+00  0.0000E+00  0.4400E+02
   5.600  0.0000E+00  0.0000E+00  0.4400E+02
   5.610  0.0000E+00  0.0000E+00  0.4400E+02
   5.620  0.0000E+00  0.0000E+00  0.4400E+02
   5.630  0.0000E+00  0.0000E+00  0.4400E+02
   5.640  0.0000E+00  0.0000E+00  0.4400E+02
   5.650  0.0000E+00  0.0000E+00  0.4400E+02
   5.660  0.0000E+00  0.0000E+00  0.4400E+02
   5.670  0.0000E+00  0.0000E+00  0.4400E+02
   5.680  0.0000E+00  0.0000E+00  0.4400E+02
   5.690  0.0000E+00  0.0000E+00  0.4400E+02
   5.700  0.0000E+00  0.0000E+00  0.4400E+02
   5.710  0.0000E+00  0.0000E+00  0.4400E+02
   5.720  0.0000E+00  0.0000E+00  0.4400E+02
   5.730  0.0000E+00  0.0000E+00  0.4400E+02
   5.740  0.0000E+00  0.0000E+00  0.4400E+02
   5.750  0.0000E+00  0.0000E+00  0.4400E+02
   5.760  0.0000E+00  0.0000E+00  0.4400E+02
   5.770  0.0000E+00  0.0000E+00  0.4400E+02
   5.780  0.0000E+00  0.0000E+00  0.4400E+02
   5.790  0.0000E+00  0.0000E+00  0.4400E+02
   5.800  0.0000E+00  0.0000E+00  0.4400E+02
   5.810  0.0000E+00  0.0000E+00  0.4400E+02
   5.820  0.0000E+00  0.0000E+00  0.4400E+02
   5.830  0.0000E+00  0.0000E+00  0.4400E+02
   5.840  0.0000E+00  0.0000E+00  0.4400E+02
   5.850  0.0000E+00  0.0000E+00  0.4400E+02
   5.860  0.0000E+00  0.0000E+00  0.4400E+02
   5.870  0.0000E+00  0.0000E+00  0.4400E+02
   5.880  0.0000E+00  0.0000E+00  0.4400E+02
   5.890  0.0000E+00  0.0000E+00  0.4400E+02
   5.900  0.0000E+00  0.0000E+00  0.4400E+02
   5.910  0.0000E+00  0.0000E+00  0.4400E+02
   5.920  0.0000E+00  0.0000E+00  0.4400E+02
   5.930  0.0000E+00  0.0000E+00  0.4400E+02
   5.940  0.0000E+00  0.0000E+00  0.4400E+02
   5.950  0.0000E+00  0.0000E+00  0.4400E+02
   5.960  0.0000E+00  0.0000E+00  0.4400E+02
   5.970  0.0000E+00  0.0000E+00  0.4400E+02
   5.980  0.0000E+00  0.0000E+00  0.4400E+02
   5.990  0.0000E+00  0.0000E+00  0.4400E+02
   6.000  0.0000E+00  0.0000E+00  0.4400E+02
   6.010  0.0000E+00  0.0000E+00  0.4400E+02
   6.020  0.0000E+00  0.0000E+00  0.4400E+02
   6.030  0.0000E+00  0.0000E+00  0.4400E+02
   6.040  0.0000E+00  0.0000E+00  0.4400E+02
   6.050  0.0000E+00  0.0000E+00  0.4400E+02
   6.060  0.0000E+00  0.0000E+00  0.4400E+02
   6.070  0.0000E+00  0.0000E+00  0.4400E+02
   6.080  0.0000E+00  0.0000E+00  0.4400E+02
   6.090  0.0000E+00  0.0000E+00  0.4400E+02
   6.100  0.0000E+00  0.0000E+00  0.4400E+02
   6.110  0.0000E+00  0.0000E+00  0.4400E+02
   6.120  0.0000E+00  0.0000E+00  0.4400E+02
   6.130  0.0000E+00  0.0000E+00  0.4400E+02
   6.140  0.0000E+00  0.0000E+00  0.4400E+02
   6.150  0.0000E+00  0.0000E+00  0.4400E+02
   6.160  0.0000E+00  0.0000E+00  0.4400E+02
   6.170  0.0000E+00  0.0000E+00  0.4400E+02
   6.180  0.0000E+00  0.0000E+00  0.4400E+02
   6.190  0.0000E+00  0.0000E+00  0.4400E+02
   6.200  0.0000E+00  0.0000E+00  0.4400E+02
   6.210  0.0000E+00  0.0000E+00  0.4400E+02
   6.220  0.0000E+00  0.0000E+00  0.4400E+02
   6.230  0.0000E+00  0.0000E+00  0.4400E+02
   6.240  0.0000E+00  0.0000E+00  0.4400E+02
   6.250  0.0000E+00  0.0000E+00  0.4400E+02
   6.260  0.0000E+00  0.0000E+00  0.4400E+02
   6.270  0.0000E+00  0.0000E+00  0.4400E+02
   6.280  0.0000E+00  0.0000E+00  0.4400E+02
   6.290  0.0000E+00  0.0000E+00  0.4400E+02
   6.300  0.0000E+00  0.0000E+00  0.4400E+02
   6.310  0.0000E+00  0.0000E+00  0.4400E+02
   6.320  0.0000E+00  0.0000E+00  0.4400E+02
   6.330  0.0000E+00  0.0000E+00  0.4400E+02
   6.340  0.0000E+00  0.0000E+00  0.4400E+02
   6.350  0.0000E+00  0.0000E+00  0.4400E+02
   6.360  0.0000E+00  0.0000E+00  0.4400E+02
   6.370  0.0000E+00  0.0000E+00  0.4400E+02
   6.380  0.0000E+00  0.0000E+00  0.4400E+02
   6.390  0.0000E+00  0.0000E+00  0.4400E+02
   6.400  0.0000E+00  0.0000E+00  0.4400E+02
   6.410  0.0000E+00  0.0000E+00  0.4400E+02
   6.420  0.0000E+00  0.0000E+00  0.4400E+02
   6.430  0.0000E+00  0.0000E+00  0.4400E+02
   6.440  0.0000E+00  0.0000E+00  0.4400E+02
   6.450  0.0000E+00  0.0000E+00  0.4400E+02
   6.460  0.0000E+00  0.0000E+00  0.4400E+02
   6.470  0.0000E+00  0.0000E+00  0.4400E+02
   6.480  0.0000E+00  0.0000E+00  0.4400E+02
   6.490  0.0000E+00  0.0000E+00  0.4400E+02
   6.500  0.0000E+00  0.0000E+00  0.4400E+02
   6.510  0.0000E+00  0.0000E+00  0.4400E+02
   6.520  0.0000E+00  0.0000E+00  0.4400E+02
   6.530  0.0000E+00  0.0000E+00  0.4400E+02
   6.540  0.0000E+00  0.0000E+00  0.4400E+02
   6.550  0.0000E+00  0.0000E+00  0.4400E+02
   6.560  0.0000E+00  0.0000E+00  0.4400E+02
   6.570  0.0000E+00  0.0000E+00  0.4400E+02
   6.580  0.0000E+00  0.0000E+00  0.4400E+02
   6.590  0.0000E+00  0.0000E+00  0.4400E+02
   6.600  0.0000E+00  0.0000E+00  0.4400E+02
   6.610  0.0000E+00  0.0000E+00  0.4400E+02
   6.620  0.0000E+00  0.0000E+00  0.4400E+02
   6.630  0.0000E+00  0.0000E+00  0.4400E+02
   6.640  0.0000E+00  0.0000E+00  0.4400E+02
   6.650  0.0000E+00  0.0000E+00  0.4400E+02
   6.660  0.0000E+00  0.0000E+00  0.4400E+02
   6.670  0.0000E+00  0.0000E+00  0.4400E+02
   6.680  0.0000E+00  0.0000E+00  0.4400E+02
   6.690  0.0000E+00  0.0000E+00  0.4400E+02
   6.700  0.0000E+00  0.0000E+00  0.4400E+02
   6.710  0.0000E+00  0.0000E+00  0.4400E+02
   6.720  0.0000E+00  0.0000E+00  0.4400E+02
   6.730  0.0000E+00  0.0000E+00  0.4400E+02
   6.740  0.0000E+00  0.0000E+00  0.4400E+02
   6.750  0.0000E+00  0.0000E+00  0.4400E+02
   6.760  0.0000E+00  0.0000E+00  0.4400E+02
   6.770  0.0000E+00  0.0000E+00  0.4400E+02
   6.780  0.0000E+00  0.0000E+00  0.4400E+02
   6.790  0.0000E+00  0.0000E+00  0.4400E+02
   6.800  0.0000E+00  0.0000E+00  0.4400E+02
   6.810  0.0000E+00  0.0000E+00  0.4400E+02
   6.820  0.0000E+00  0.0000E+00  0.4400E+02
   6.830  0.0000E+00  0.0000E+00  0.4400E+02
   6.840  0.0000E+00  0.0000E+00  0.4400E+02
   6.850  0.0000E+00  0.0000E+00  0.4400E+02
   6.860  0.0000E+00  0.0000E+00  0.4400E+02
   6.870  0.0000E+00  0.0000E+00  0.4400E+02
   6.880  0.0000E+00  0.0000E+00  0.4400E+02
   6.890  0.0000E+00  0.0000E+00  0.4400E+02
   6.900  0.0000E+00  0.0000E+00  0.4400E+02
   6.910  0.0000E+00  0.0000E+00  0.4400E+02
   6.920  0.0000E+00  0.0000E+00  0.4400E+02
   6.930  0.0000E+00  0.0000E+00  0.4400E+02
   6.940  0.0000E+00  0.0000E+00  0.4400E+02
   6.950  0.0000E+00  0.0000E+00  0.4400E+02
   6.960  0.0000E+00  0.0000E+00  0.4400E+02
   6.970  0.0000E+00  0.0000E+00  0.4400E+02
   6.980  0.0000E+00  0.0000E+00  0.4400E+02
   6.990  0.0000E+00  0.0000E+00  0.4400E+02
   7.000  0.0000E+00  0.0000E+00  0.4400E+02
   7.010  0.0000E+00  0.0000E+00  0.4400E+02
   7.020  0.0000E+00  0.0000E+00  0.4400E+02
   7.030  0.0000E+00  0.0000E+00  0.4400E+02
   7.040  0.0000E+00  0.0000E+00  0.4400E+02
   7.050  0.0000E+00  0.0000E+00  0.4400E+02
   7.060  0.0000E+00  0.0000E+00  0.4400E+02
   7.070  0.0000E+00  0.0000E+00  0.4400E+02
   7.080  0.0000E+00  0.0000E+00  0.4400E+02
   7.090  0.0000E+00  0.0000E+00  0.4400E+02
   7.100  0.0000E+00  0.0000E+00  0.4400E+02
   7.110  0.0000E+00  0.0000E+00  0.4400E+02
   7.120  0.0000E+00  0.0000E+00  0.4400E+02
   7.130  0.0000E+00  0.0000E+00  0.4400E+02
   7.140  0.0000E+00  0.0000E+00  0.4400E+02
   7.150  0.0000E+00  0.0000E+00  0.4400E+02
   7.160  0.0000E+00  0.0000E+00  0.4400E+02
   7.170  0.0000E+00  0.0000E+00  0.4400E+02
   7.180  0.0000E+00  0.0000E+00  0.4400E+02
   7.190  0.0000E+00  0.0000E+00  0.4400E+02
   7.200  0.0000E+00  0.0000E+00  0.4400E+02
   7.210  0.0000E+00  0.0000E+00  0.4400E+02
   7.220  0.0000E+00  0.0000E+00  0.4400E+02
   7.230  0.0000E+00  0.0000E+00  0.4400E+02
   7.240  0.0000E+00  0.0000E+00  0.4400E+02
   7.250  0.0000E+00  0.0000E+00  0.4400E+02
   7.260  0.0000E+00  0.0000E+00  0.4400E+02
   7.270  0.0000E+00  0.0000E+00  0.4400E+02
   7.280  0.0000E+00  0.0000E+00  0.4400E+02
   7.290  0.0000E+00  0.0000E+00  0.4400E+02
   7.300  0.0000E+00  0.0000E+00  0.4400E+02
   7.310  0.0000E+00  0.0000E+00  0.4400E+02
   7.320  0.0000E+00  0.0000E+00  0.4400E+02
   7.330  0.0000E+00  0.0000E+00  0.4400E+02
   7.340  0.0000E+00  0.0000E+00  0.4400E+02
   7.350  0.0000E+00  0.0000E+00  0.4400E+02
   7.360  0.0000E+00  0.0000E+00  0.4400E+02
   7.370  0.0000E+00  0.0000E+00  0.4400E+02
   7.380  0.0000E+00  0.0000E+00  0.4400E+02
   7.390  0.0000E+00  0.0000E+00  0.4400E+02
   7.400  0.0000E+00  0.0000E+00  0.4400E+02
   7.410  0.0000E+00  0.0000E+00  0.4400E+02
   7.420  0.0000E+00  0.0000E+00  0.4400E+02
   7.430  0.0000E+00  0.0000E+00  0.4400E+02
   7.440  0.0000E+00  0.0000E+00  0.4400E+02
   7.450  0.0000E+00  0.0000E+00  0.4400E+02
   7.460  0.0000E+00  0.0000E+00  0.4400E+02
   7.470  0.0000E+00  0.0000E+00  0.4400E+02
   7.480  0.0000E+00  0.0000E+00  0.4400E+02
   7.490  0.0000E+00  0.0000E+00  0.4400E+02
   7.500  0.0000E+00  0.0000E+00  0.4400E+02
   7.510  0.0000E+00  0.0000E+00  0.4400E+02
   7.520  0.0000E+00  0.0000E+00  0.4400E+02
   7.530  0.0000E+00  0.0000E+00  0.4400E+02
   7.540  0.0000E+00  0.0000E+00  0.4400E+02
   7.550  0.0000E+00  0.0000E+00  0.4400E+02
   7.560  0.0000E+00  0.0000E+00  0.4400E+02
   7.570  0.0000E+00  0.0000E+00  0.4400E+02
   7.580  0.0000E+00  0.0000E+00  0.4400E+02
   7.590  0.0000E+00  0.0000E+00  0.4400E+02
   7.600  0.0000E+00  0.0000E+00  0.4400E+02
   7.610  0.0000E+00  0.0000E+00  0.4400E+02
   7.620  0.0000E+00  0.0000E+00  0.4400E+02
   7.630  0.0000E+00  0.0000E+00  0.4400E+02
   7.640  0.0000E+00  0.0000E+00  0.4400E+02
   7.650  0.0000E+00  0.0000E+00  0.4400E+02
   7.660  0.0000E+00  0.0000E+00  0.4400E+02
   7.670  0.0000E+00  0.0000E+00  0.4400E+02
   7.680  0.0000E+00  0.0000E+00  0.4400E+02
   7.690  0.0000E+00  0.0000E+00  0.4400E+02
   7.700  0.0000E+00  0.0000E+00  0.4400E+02
   7.710  0.0000E+00  0.0000E+00  0.4400E+02
   7.720  0.0000E+00  0.0000E+00  0.4400E+02
   7.730  0.0000E+00  0.0000E+00  0.4400E+02
   7.740  0.0000E+00  0.0000E+00  0.4400E+02
   7.750  0.0000E+00  0.0000E+00  0.4400E+02
   7.760  0.0000E+00  0.0000E+00  0.4400E+02
   7.770  0.0000E+00  0.0000E+00  0.4400E+02
   7.780  0.0000E+00  0.0000E+00  0.4400E+02
   7.790  0.0000E+00  0.0000E+00  0.4400E+02
   7.800  0.0000E+00  0.0000E+00  0.4400E+02
   7.810  0.0000E+00  0.0000E+00  0.4400E+02
   7.820  0.0000E+00  0.0000E+00  0.4400E+02
   7.830  0.0000E+00  0.0000E+00  0.4400E+02
   7.840  0.0000E+00  0.0000E+00  0.4400E+02
   7.850  0.0000E+00  0.0000E+00  0.4400E+02
   7.860  0.0000E+00  0.0000E+00  0.4400E+02
   7.870  0.0000E+00  0.0000E+00  0.4400E+02
   7.880  0.0000E+00  0.0000E+00  0.4400E+02
   7.890  0.0000E+00  0.0000E+00  0.4400E+02
   7.900  0.0000E+00  0.0000E+00  0.4400E+02
   7.910  0.0000E+00  0.0000E+00  0.4400E+02
   7.920  0.0000E+00  0.0000E+00  0.4400E+02
   7.930  0.0000E+00  0.0000E+00  0.4400E+02
   7.940  0.0000E+00  0.0000E+00  0.4400E+02
   7.950  0.0000E+00  0.0000E+00  0.4400E+02
   7.960  0.0000E+00  0.0000E+00  0.4400E+02
   7.970  0.0000E+00  0.0000E+00  0.4400E+02
   7.980  0.0000E+00  0.0000E+00  0.4400E+02
   7.990  0.0000E+00  0.0000E+00  0.4400E+02
   8.000  0.0000E+00  0.0000E+00  0.4400E+02
   8.010  0.0000E+00  0.0000E+00  0.4400E+02
   8.020  0.0000E+00  0.0000E+00  0.4400E+02
   8.030  0.0000E+00  0.0000E+00  0.4400E+02
   8.040  0.0000E+00  0.0000E+00  0.4400E+02
   8.050  0.0000E+00  0.0000E+00  0.4400E+02
   8.060  0.0000E+00  0.0000E+00  0.4400E+02
   8.070  0.0000E+00  0.0000E+00  0.4400E+02
   8.080  0.0000E+00  0.0000E+00  0.4400E+02
   8.090  0.0000E+00  0.0000E+00  0.4400E+02
   8.100  0.0000E+00  0.0000E+00  0.4400E+02
   8.110  0.0000E+00  0.0000E+00  0.4400E+02
   8.120  0.0000E+00  0.0000E+00  0.4400E+02
   8.130  0.0000E+00  0.0000E+00  0.4400E+02
   8.140  0.0000E+00  0.0000E+00  0.4400E+02
   8.150  0.0000E+00  0.0000E+00  0.4400E+02
   8.160  0.0000E+00  0.0000E+00  0.4400E+02
   8.170  0.0000E+00  0.0000E+00  0.4400E+02
   8.180  0.0000E+00  0.0000E+00  0.4400E+02
   8.190  0.0000E+00  0.0000E+00  0.4400E+02
   8.200  0.0000E+00  0.0000E+00  0.4400E+02
   8.210  0.0000E+00  0.0000E+00  0.4400E+02
   8.220  0.0000E+00  0.0000E+00  0.4400E+02
   8.230  0.0000E+00  0.0000E+00  0.4400E+02
   8.240  0.0000E+00  0.0000E+00  0.4400E+02
   8.250  0.0000E+00  0.0000E+00  0.4400E+02
   8.260  0.0000E+00  0.0000E+00  0.4400E+02
   8.270  0.0000E+00  0.0000E+00  0.4400E+02
   8.280  0.0000E+00  0.0000E+00  0.4400E+02
   8.290  0.0000E+00  0.0000E+00  0.4400E+02
   8.300  0.0000E+00  0.0000E+00  0.4400E+02
   8.310  0.0000E+00  0.0000E+00  0.4400E+02
   8.320  0.0000E+00  0.0000E+00  0.4400E+02
   8.330  0.0000E+00  0.0000E+00  0.4400E+02
   8.340  0.0000E+00  0.0000E+00  0.4400E+02
   8.350  0.0000E+00  0.0000E+00  0.4400E+02
   8.360  0.0000E+00  0.0000E+00  0.4400E+02
   8.370  0.0000E+00  0.0000E+00  0.4400E+02
   8.380  0.0000E+00  0.0000E+00  0.4400E+02
   8.390  0.0000E+00  0.0000E+00  0.4400E+02
   8.400  0.0000E+00  0.0000E+00  0.4400E+02
   8.410  0.0000E+00  0.0000E+00  0.4400E+02
   8.420  0.0000E+00  0.0000E+00  0.4400E+02
   8.430  0.0000E+00  0.0000E+00  0.4400E+02
   8.440  0.0000E+00  0.0000E+00  0.4400E+02
   8.450  0.0000E+00  0.0000E+00  0.4400E+02
   8.460  0.0000E+00  0.0000E+00  0.4400E+02
   8.470  0.0000E+00  0.0000E+00  0.4400E+02
   8.480  0.0000E+00  0.0000E+00  0.4400E+02
   8.490  0.0000E+00  0.0000E+00  0.4400E+02
   8.500  0.0000E+00  0.0000E+00  0.4400E+02
   8.510  0.0000E+00  0.0000E+00  0.4400E+02
   8.520  0.0000E+00  0.0000E+00  0.4400E+02
   8.530  0.0000E+00  0.0000E+00  0.4400E+02
   8.540  0.0000E+00  0.0000E+00  0.4400E+02
   8.550  0.0000E+00  0.0000E+00  0.4400E+02
   8.560  0.0000E+00  0.0000E+00  0.4400E+02
   8.570  0.0000E+00  0.0000E+00  0.4400E+02
   8.580  0.0000E+00  0.0000E+00  0.4400E+02
   8.590  0.0000E+00  0.0000E+00  0.4400E+02
   8.600  0.0000E+00  0.0000E+00  0.4400E+02
   8.610  0.0000E+00  0.0000E+00  0.4400E+02
   8.620  0.0000E+00  0.0000E+00  0.4400E+02
   8.630  0.0000E+00  0.0000E+00  0.4400E+02
   8.640  0.0000E+00  0.0000E+00  0.4400E+02
   8.650  0.0000E+00  0.0000E+00  0.4400E+02
   8.660  0.0000E+00  0.0000E+00  0.4400E+02
   8.670  0.0000E+00  0.0000E+00  0.4400E+02
   8.680  0.0000E+00  0.0000E+00  0.4400E+02
   8.690  0.0000E+00  0.0000E+00  0.4400E+02
   8.700  0.0000E+00  0.0000E+00  0.4400E+02
   8.710  0.0000E+00  0.0000E+00  0.4400E+02
   8.720  0.0000E+00  0.0000E+00  0.4400E+02
   8.730  0.0000E+00  0.0000E+00  0.4400E+02
   8.740  0.0000E+00  0.0000E+00  0.4400E+02
   8.750  0.0000E+00  0.0000E+00  0.4400E+02
   8.760  0.0000E+00  0.0000E+00  0.4400E+02
   8.770  0.0000E+00  0.0000E+00  0.4400E+02
   8.780  0.0000E+00  0.0000E+00  0.4400E+02
   8.790  0.0000E+00  0.0000E+00  0.4400E+02
   8.800  0.0000E+00  0.0000E+00  0.4400E+02
   8.810  0.0000E+00  0.0000E+00  0.4400E+02
   8.820  0.0000E+00  0.0000E+00  0.4400E+02
   8.830  0.0000E+00  0.0000E+00  0.4400E+02
   8.840  0.0000E+00  0.0000E+00  0.4400E+02
   8.850  0.0000E+00  0.0000E+00  0.4400E+02
   8.860  0.0000E+00  0.0000E+00  0.4400E+02
   8.870  0.0000E+00  0.0000E+00  0.4400E+02
   8.880  0.0000E+00  0.0000E+00  0.4400E+02
   8.890  0.0000E+00  0.0000E+00  0.4400E+02
   8.900  0.0000E+00  0.0000E+00  0.4400E+02
   8.910  0.0000E+00  0.0000E+00  0.4400E+02
   8.920  0.0000E+00  0.0000E+00  0.4400E+02
   8.930  0.0000E+00  0.0000E+00  0.4400E+02
   8.940  0.0000E+00  0.0000E+00  0.4400E+02
   8.950  0.0000E+00  0.0000E+00  0.4400E+02
   8.960  0.0000E+00  0.0000E+00  0.4400E+02
   8.970  0.0000E+00  0.0000E+00  0.4400E+02
   8.980  0.0000E+00  0.0000E+00  0.4400E+02
   8.990  0.0000E+00  0.0000E+00  0.4400E+02
   9.000  0.0000E+00  0.0000E+00  0.4400E+02
   9.010  0.0000E+00  0.0000E+00  0.4400E+02
   9.020  0.0000E+00  0.0000E+00  0.4400E+02
   9.030  0.0000E+00  0.0000E+00  0.4400E+02
   9.040  0.0000E+00  0.0000E+00  0.4400E+02
   9.050  0.0000E+00  0.0000E+00  0.4400E+02
   9.060  0.0000E+00  0.0000E+00  0.4400E+02
   9.070  0.0000E+00  0.0000E+00  0.4400E+02
   9.080  0.0000E+00  0.0000E+00  0.4400E+02
   9.090  0.0000E+00  0.0000E+00  0.4400E+02
   9.100  0.0000E+00  0.0000E+00  0.4400E+02
   9.110  0.0000E+00  0.0000E+00  0.4400E+02
   9.120  0.0000E+00  0.0000E+00  0.4400E+02
   9.130  0.0000E+00  0.0000E+00  0.4400E+02
   9.140  0.0000E+00  0.0000E+00  0.4400E+02
   9.150  0.0000E+00  0.0000E+00  0.4400E+02
   9.160  0.0000E+00  0.0000E+00  0.4400E+02
   9.170  0.0000E+00  0.0000E+00  0.4400E+02
   9.180  0.0000E+00  0.0000E+00  0.4400E+02
   9.190  0.0000E+00  0.0000E+00  0.4400E+02
   9.200  0.0000E+00  0.0000E+00  0.4400E+02
   9.210  0.0000E+00  0.0000E+00  0.4400E+02
   9.220  0.0000E+00  0.0000E+00  0.4400E+02
   9.230  0.0000E+00  0.0000E+00  0.4400E+02
   9.240  0.0000E+00  0.0000E+00  0.4400E+02
   9.250  0.0000E+00  0.0000E+00  0.4400E+02
   9.260  0.0000E+00  0.0000E+00  0.4400E+02
   9.270  0.0000E+00  0.0000E+00  0.4400E+02
   9.280  0.0000E+00  0.0000E+00  0.4400E+02
   9.290  0.0000E+00  0.0000E+00  0.4400E+02
   9.300  0.0000E+00  0.0000E+00  0.4400E+02
   9.310  0.0000E+00  0.0000E+00  0.4400E+02
   9.320  0.0000E+00  0.0000E+00  0.4400E+02
   9.330  0.0000E+00  0.0000E+00  0.4400E+02
   9.340  0.0000E+00  0.0000E+00  0.4400E+02
   9.350  0.0000E+00  0.0000E+00  0.4400E+02
   9.360  0.0000E+00  0.0000E+00  0.4400E+02
   9.370  0.0000E+00  0.0000E+00  0.4400E+02
   9.380  0.0000E+00  0.0000E+00  0.4400E+02
   9.390  0.0000E+00  0.0000E+00  0.4400E+02
   9.400  0.0000E+00  0.0000E+00  0.4400E+02
   9.410  0.0000E+00  0.0000E+00  0.4400E+02
   9.420  0.0000E+00  0.0000E+00  0.4400E+02
   9.430  0.0000E+00  0.0000E+00  0.4400E+02
   9.440  0.0000E+00  0.0000E+00  0.4400E+02
   9.450  0.0000E+00  0.0000E+00  0.4400E+02
   9.460  0.0000E+00  0.0000E+00  0.4400E+02
   9.470  0.0000E+00  0.0000E+00  0.4400E+02
   9.480  0.0000E+00  0.0000E+00  0.4400E+02
   9.490  0.0000E+00  0.0000E+00  0.4400E+02
   9.500  0.0000E+00  0.0000E+00  0.4400E+02
   9.510  0.0000E+00  0.0000E+00  0.4400E+02
   9.520  0.0000E+00  0.0000E+00  0.4400E+02
   9.530  0.0000E+00  0.0000E+00  0.4400E+02
   9.540  0.0000E+00  0.0000E+00  0.4400E+02
   9.550  0.0000E+00  0.0000E+00  0.4400E+02
   9.560  0.0000E+00  0.0000E+00  0.4400E+02
   9.570  0.0000E+00  0.0000E+00  0.4400E+02
   9.580  0.0000E+00  0.0000E+00  0.4400E+02
   9.590  0.0000E+00  0.0000E+00  0.4400E+02
   9.600  0.0000E+00  0.0000E+00  0.4400E+02
   9.610  0.0000E+00  0.0000E+00  0.4400E+02
   9.620  0.0000E+00  0.0000E+00  0.4400E+02
   9.630  0.0000E+00  0.0000E+00  0.4400E+02
   9.640  0.0000E+00  0.0000E+00  0.4400E+02
   9.650  0.0000E+00  0.0000E+00  0.4400E+02
   9.660  0.0000E+00  0.0000E+00  0.4400E+02
   9.670  0.0000E+00  0.0000E+00  0.4400E+02
   9.680  0.0000E+00  0.0000E+00  0.4400E+02
   9.690  0.0000E+00  0.0000E+00  0.4400E+02
   9.700  0.0000E+00  0.0000E+00  0.4400E+02
   9.710  0.0000E+00  0.0000E+00  0.4400E+02
   9.720  0.0000E+00  0.0000E+00  0.4400E+02
   9.730  0.0000E+00  0.0000E+00  0.4400E+02
   9.740  0.0000E+00  0.0000E+00  0.4400E+02
   9.750  0.0000E+00  0.0000E+00  0.4400E+02
   9.760  0.0000E+00  0.0000E+00  0.4400E+02
   9.770  0.0000E+00  0.0000E+00  0.4400E+02
   9.780  0.0000E+00  0.0000E+00  0.4400E+02
   9.790  0.0000E+00  0.0000E+00  0.4400E+02
   9.800  0.0000E+00  0.0000E+00  0.4400E+02
   9.810  0.0000E+00  0.0000E+00  0.4400E+02
   9.820  0.0000E+00  0.0000E+00  0.4400E+02
   9.830  0.0000E+00  0.0000E+00  0.4400E+02
   9.840  0.0000E+00  0.0000E+00  0.4400E+02
   9.850  0.0000E+00  0.0000E+00  0.4400E+02
   9.860  0.0000E+00  0.0000E+00  0.4400E+02
   9.870  0.0000E+00  0.0000E+00  0.4400E+02
   9.880  0.0000E+00  0.0000E+00  0.4400E+02
   9.890  0.0000E+00  0.0000E+00  0.4400E+02
   9.900  0.0000E+00  0.0000E+00  0.4400E+02
   9.910  0.0000E+00  0.0000E+00  0.4400E+02
   9.920  0.0000E+00  0.0000E+00  0.4400E+02
   9.930  0.0000E+00  0.0000E+00  0.4400E+02
   9.940  0.0000E+00  0.0000E+00  0.4400E+02
   9.950  0.0000E+00  0.0000E+00  0.4400E+02
   9.960  0.0000E+00  0.0000E+00  0.4400E+02
   9.970  0.0000E+00  0.0000E+00  0.4400E+02
   9.980  0.0000E+00  0.0000E+00  0.4400E+02
   9.990  0.0000E+00  0.0000E+00  0.4400E+02
  10.000  0.0000E+00  0.0000E+00  0.4400E+02
