#  E (eV)   dos(E)     Int dos(E) EFermi =    0.685 eV
  -5.000  0.1128E+01  0.1482E+02
  -4.990  0.1115E+01  0.1483E+02
  -4.980  0.1078E+01  0.1484E+02
  -4.970  0.9489E+00  0.1485E+02
  -4.960  0.9355E+00  0.1486E+02
  -4.950  0.9224E+00  0.1487E+02
  -4.940  0.9095E+00  0.1488E+02
  -4.930  0.8966E+00  0.1489E+02
  -4.920  0.8819E+00  0.1489E+02
  -4.910  0.8715E+00  0.1490E+02
  -4.900  0.8613E+00  0.1491E+02
  -4.890  0.8513E+00  0.1492E+02
  -4.880  0.8416E+00  0.1493E+02
  -4.870  0.8319E+00  0.1494E+02
  -4.860  0.8221E+00  0.1495E+02
  -4.850  0.8117E+00  0.1495E+02
  -4.840  0.8022E+00  0.1496E+02
  -4.830  0.7943E+00  0.1497E+02
  -4.820  0.7866E+00  0.1498E+02
  -4.810  0.7789E+00  0.1499E+02
  -4.800  0.7714E+00  0.1499E+02
  -4.790  0.7638E+00  0.1500E+02
  -4.780  0.7559E+00  0.1501E+02
  -4.770  0.7472E+00  0.1502E+02
  -4.760  0.7408E+00  0.1502E+02
  -4.750  0.7345E+00  0.1503E+02
  -4.740  0.7285E+00  0.1504E+02
  -4.730  0.7224E+00  0.1505E+02
  -4.720  0.7162E+00  0.1505E+02
  -4.710  0.7101E+00  0.1506E+02
  -4.700  0.7036E+00  0.1507E+02
  -4.690  0.6969E+00  0.1507E+02
  -4.680  0.6918E+00  0.1508E+02
  -4.670  0.6868E+00  0.1509E+02
  -4.660  0.6817E+00  0.1509E+02
  -4.650  0.6767E+00  0.1510E+02
  -4.640  0.6718E+00  0.1511E+02
  -4.630  0.6668E+00  0.1511E+02
  -4.620  0.6613E+00  0.1512E+02
  -4.610  0.6560E+00  0.1513E+02
  -4.600  0.6517E+00  0.1513E+02
  -4.590  0.6475E+00  0.1514E+02
  -4.580  0.6434E+00  0.1515E+02
  -4.570  0.6393E+00  0.1515E+02
  -4.560  0.6351E+00  0.1516E+02
  -4.550  0.6309E+00  0.1517E+02
  -4.540  0.6265E+00  0.1517E+02
  -4.530  0.6220E+00  0.1518E+02
  -4.520  0.6184E+00  0.1518E+02
  -4.510  0.6149E+00  0.1519E+02
  -4.500  0.6114E+00  0.1520E+02
  -4.490  0.6080E+00  0.1520E+02
  -4.480  0.6045E+00  0.1521E+02
  -4.470  0.6010E+00  0.1522E+02
  -4.460  0.5973E+00  0.1522E+02
  -4.450  0.5935E+00  0.1523E+02
  -4.440  0.5904E+00  0.1523E+02
  -4.430  0.5875E+00  0.1524E+02
  -4.420  0.7108E+00  0.1525E+02
  -4.410  0.3070E+01  0.1528E+02
  -4.400  0.3143E+01  0.1531E+02
  -4.390  0.3165E+01  0.1534E+02
  -4.380  0.3229E+01  0.1537E+02
  -4.370  0.3297E+01  0.1540E+02
  -4.360  0.3385E+01  0.1544E+02
  -4.350  0.3447E+01  0.1547E+02
  -4.340  0.3528E+01  0.1551E+02
  -4.330  0.3630E+01  0.1554E+02
  -4.320  0.3742E+01  0.1558E+02
  -4.310  0.3891E+01  0.1562E+02
  -4.300  0.4063E+01  0.1566E+02
  -4.290  0.4254E+01  0.1570E+02
  -4.280  0.4561E+01  0.1574E+02
  -4.270  0.4979E+01  0.1579E+02
  -4.260  0.5773E+01  0.1584E+02
  -4.250  0.6683E+01  0.1591E+02
  -4.240  0.7855E+01  0.1598E+02
  -4.230  0.6549E+01  0.1605E+02
  -4.220  0.5933E+01  0.1611E+02
  -4.210  0.5948E+01  0.1617E+02
  -4.200  0.5901E+01  0.1623E+02
  -4.190  0.5728E+01  0.1629E+02
  -4.180  0.5839E+01  0.1634E+02
  -4.170  0.5957E+01  0.1640E+02
  -4.160  0.7807E+01  0.1647E+02
  -4.150  0.5248E+01  0.1653E+02
  -4.140  0.5281E+01  0.1658E+02
  -4.130  0.4518E+01  0.1663E+02
  -4.120  0.4194E+01  0.1668E+02
  -4.110  0.3911E+01  0.1672E+02
  -4.100  0.3694E+01  0.1675E+02
  -4.090  0.3518E+01  0.1679E+02
  -4.080  0.3363E+01  0.1683E+02
  -4.070  0.3196E+01  0.1686E+02
  -4.060  0.3086E+01  0.1689E+02
  -4.050  0.2982E+01  0.1692E+02
  -4.040  0.2870E+01  0.1695E+02
  -4.030  0.2763E+01  0.1698E+02
  -4.020  0.2703E+01  0.1700E+02
  -4.010  0.2606E+01  0.1703E+02
  -4.000  0.2544E+01  0.1706E+02
  -3.990  0.2464E+01  0.1708E+02
  -3.980  0.2363E+01  0.1711E+02
  -3.970  0.2193E+01  0.1713E+02
  -3.960  0.1048E+01  0.1715E+02
  -3.950  0.1033E+01  0.1716E+02
  -3.940  0.1016E+01  0.1717E+02
  -3.930  0.1007E+01  0.1718E+02
  -3.920  0.9977E+00  0.1719E+02
  -3.910  0.9881E+00  0.1720E+02
  -3.900  0.9768E+00  0.1721E+02
  -3.890  0.1421E+01  0.1722E+02
  -3.880  0.1393E+01  0.1724E+02
  -3.870  0.1404E+01  0.1725E+02
  -3.860  0.1348E+01  0.1726E+02
  -3.850  0.1333E+01  0.1728E+02
  -3.840  0.1331E+01  0.1729E+02
  -3.830  0.1285E+01  0.1730E+02
  -3.820  0.1265E+01  0.1732E+02
  -3.810  0.1258E+01  0.1733E+02
  -3.800  0.1257E+01  0.1734E+02
  -3.790  0.1229E+01  0.1735E+02
  -3.780  0.1205E+01  0.1737E+02
  -3.770  0.1196E+01  0.1738E+02
  -3.760  0.1191E+01  0.1739E+02
  -3.750  0.1188E+01  0.1740E+02
  -3.740  0.1185E+01  0.1741E+02
  -3.730  0.1160E+01  0.1743E+02
  -3.720  0.2822E+01  0.1744E+02
  -3.710  0.3168E+01  0.1747E+02
  -3.700  0.3117E+01  0.1750E+02
  -3.690  0.3103E+01  0.1753E+02
  -3.680  0.3206E+01  0.1756E+02
  -3.670  0.3213E+01  0.1760E+02
  -3.660  0.3277E+01  0.1763E+02
  -3.650  0.3302E+01  0.1766E+02
  -3.640  0.3370E+01  0.1769E+02
  -3.630  0.3450E+01  0.1773E+02
  -3.620  0.3504E+01  0.1776E+02
  -3.610  0.3607E+01  0.1780E+02
  -3.600  0.3716E+01  0.1783E+02
  -3.590  0.3847E+01  0.1787E+02
  -3.580  0.3966E+01  0.1791E+02
  -3.570  0.4207E+01  0.1795E+02
  -3.560  0.4180E+01  0.1800E+02
  -3.550  0.4376E+01  0.1804E+02
  -3.540  0.5029E+01  0.1808E+02
  -3.530  0.5445E+01  0.1814E+02
  -3.520  0.6980E+01  0.1820E+02
  -3.510  0.6936E+01  0.1828E+02
  -3.500  0.5933E+01  0.1834E+02
  -3.490  0.5942E+01  0.1840E+02
  -3.480  0.5401E+01  0.1846E+02
  -3.470  0.5115E+01  0.1851E+02
  -3.460  0.4876E+01  0.1856E+02
  -3.450  0.4773E+01  0.1861E+02
  -3.440  0.5233E+01  0.1866E+02
  -3.430  0.5505E+01  0.1872E+02
  -3.420  0.4587E+01  0.1876E+02
  -3.410  0.4188E+01  0.1881E+02
  -3.400  0.3841E+01  0.1885E+02
  -3.390  0.3595E+01  0.1889E+02
  -3.380  0.3399E+01  0.1892E+02
  -3.370  0.3261E+01  0.1895E+02
  -3.360  0.3132E+01  0.1899E+02
  -3.350  0.3010E+01  0.1902E+02
  -3.340  0.2910E+01  0.1905E+02
  -3.330  0.2839E+01  0.1908E+02
  -3.320  0.2767E+01  0.1910E+02
  -3.310  0.2198E+01  0.1913E+02
  -3.300  0.2138E+01  0.1915E+02
  -3.290  0.2102E+01  0.1917E+02
  -3.280  0.2053E+01  0.1919E+02
  -3.270  0.2015E+01  0.1921E+02
  -3.260  0.1986E+01  0.1923E+02
  -3.250  0.1944E+01  0.1925E+02
  -3.240  0.1923E+01  0.1927E+02
  -3.230  0.1896E+01  0.1929E+02
  -3.220  0.1860E+01  0.1931E+02
  -3.210  0.1839E+01  0.1933E+02
  -3.200  0.1818E+01  0.1935E+02
  -3.190  0.1788E+01  0.1936E+02
  -3.180  0.1772E+01  0.1938E+02
  -3.170  0.1753E+01  0.1940E+02
  -3.160  0.1728E+01  0.1942E+02
  -3.150  0.1709E+01  0.1943E+02
  -3.140  0.1696E+01  0.1945E+02
  -3.130  0.1680E+01  0.1947E+02
  -3.120  0.1660E+01  0.1948E+02
  -3.110  0.1647E+01  0.1950E+02
  -3.100  0.1633E+01  0.1952E+02
  -3.090  0.1621E+01  0.1953E+02
  -3.080  0.1602E+01  0.1955E+02
  -3.070  0.1590E+01  0.1957E+02
  -3.060  0.1578E+01  0.1958E+02
  -3.050  0.1566E+01  0.1960E+02
  -3.040  0.1554E+01  0.1961E+02
  -3.030  0.1545E+01  0.1963E+02
  -3.020  0.1535E+01  0.1964E+02
  -3.010  0.1524E+01  0.1966E+02
  -3.000  0.1514E+01  0.1967E+02
  -2.990  0.1502E+01  0.1969E+02
  -2.980  0.1494E+01  0.1970E+02
  -2.970  0.1485E+01  0.1972E+02
  -2.960  0.1477E+01  0.1973E+02
  -2.950  0.1468E+01  0.1975E+02
  -2.940  0.1460E+01  0.1976E+02
  -2.930  0.1456E+01  0.1978E+02
  -2.920  0.1443E+01  0.1979E+02
  -2.910  0.1434E+01  0.1981E+02
  -2.900  0.1437E+01  0.1982E+02
  -2.890  0.1424E+01  0.1984E+02
  -2.880  0.1419E+01  0.1985E+02
  -2.870  0.1409E+01  0.1986E+02
  -2.860  0.1403E+01  0.1988E+02
  -2.850  0.1389E+01  0.1989E+02
  -2.840  0.1378E+01  0.1991E+02
  -2.830  0.1678E+01  0.1992E+02
  -2.820  0.1638E+01  0.1994E+02
  -2.810  0.1644E+01  0.1995E+02
  -2.800  0.1641E+01  0.1997E+02
  -2.790  0.1643E+01  0.1999E+02
  -2.780  0.1648E+01  0.2000E+02
  -2.770  0.1641E+01  0.2002E+02
  -2.760  0.1664E+01  0.2004E+02
  -2.750  0.1687E+01  0.2005E+02
  -2.740  0.1705E+01  0.2007E+02
  -2.730  0.2000E+01  0.2009E+02
  -2.720  0.1369E+01  0.2011E+02
  -2.710  0.1084E+01  0.2012E+02
  -2.700  0.1966E+01  0.2013E+02
  -2.690  0.1693E+01  0.2015E+02
  -2.680  0.1673E+01  0.2017E+02
  -2.670  0.1653E+01  0.2018E+02
  -2.660  0.1646E+01  0.2020E+02
  -2.650  0.1646E+01  0.2022E+02
  -2.640  0.1647E+01  0.2023E+02
  -2.630  0.2092E+01  0.2025E+02
  -2.620  0.2085E+01  0.2027E+02
  -2.610  0.2089E+01  0.2029E+02
  -2.600  0.2113E+01  0.2032E+02
  -2.590  0.2125E+01  0.2034E+02
  -2.580  0.2152E+01  0.2036E+02
  -2.570  0.2166E+01  0.2038E+02
  -2.560  0.2190E+01  0.2040E+02
  -2.550  0.2218E+01  0.2042E+02
  -2.540  0.2235E+01  0.2045E+02
  -2.530  0.2267E+01  0.2047E+02
  -2.520  0.2297E+01  0.2049E+02
  -2.510  0.2321E+01  0.2051E+02
  -2.500  0.2351E+01  0.2054E+02
  -2.490  0.2450E+01  0.2056E+02
  -2.480  0.2580E+01  0.2059E+02
  -2.470  0.2361E+01  0.2061E+02
  -2.460  0.2283E+01  0.2064E+02
  -2.450  0.2485E+01  0.2066E+02
  -2.440  0.2587E+01  0.2068E+02
  -2.430  0.2677E+01  0.2071E+02
  -2.420  0.2780E+01  0.2074E+02
  -2.410  0.3244E+01  0.2077E+02
  -2.400  0.2870E+01  0.2080E+02
  -2.390  0.2872E+01  0.2082E+02
  -2.380  0.2939E+01  0.2085E+02
  -2.370  0.6064E+01  0.2090E+02
  -2.360  0.7213E+01  0.2097E+02
  -2.350  0.9171E+01  0.2105E+02
  -2.340  0.6041E+01  0.2112E+02
  -2.330  0.5622E+01  0.2117E+02
  -2.320  0.5563E+01  0.2123E+02
  -2.310  0.4999E+01  0.2128E+02
  -2.300  0.4676E+01  0.2133E+02
  -2.290  0.4460E+01  0.2138E+02
  -2.280  0.4382E+01  0.2142E+02
  -2.270  0.4309E+01  0.2146E+02
  -2.260  0.4308E+01  0.2151E+02
  -2.250  0.4280E+01  0.2155E+02
  -2.240  0.4591E+01  0.2159E+02
  -2.230  0.4504E+01  0.2164E+02
  -2.220  0.4605E+01  0.2168E+02
  -2.210  0.5752E+01  0.2173E+02
  -2.200  0.4471E+01  0.2178E+02
  -2.190  0.4143E+01  0.2182E+02
  -2.180  0.3954E+01  0.2187E+02
  -2.170  0.3967E+01  0.2190E+02
  -2.160  0.3761E+01  0.2194E+02
  -2.150  0.3638E+01  0.2198E+02
  -2.140  0.3518E+01  0.2202E+02
  -2.130  0.3374E+01  0.2205E+02
  -2.120  0.3300E+01  0.2208E+02
  -2.110  0.3246E+01  0.2212E+02
  -2.100  0.3194E+01  0.2215E+02
  -2.090  0.3248E+01  0.2218E+02
  -2.080  0.3105E+01  0.2221E+02
  -2.070  0.3023E+01  0.2224E+02
  -2.060  0.2973E+01  0.2227E+02
  -2.050  0.2923E+01  0.2230E+02
  -2.040  0.2927E+01  0.2233E+02
  -2.030  0.2916E+01  0.2236E+02
  -2.020  0.3033E+01  0.2239E+02
  -2.010  0.2740E+01  0.2242E+02
  -2.000  0.2711E+01  0.2245E+02
  -1.990  0.2775E+01  0.2247E+02
  -1.980  0.2623E+01  0.2250E+02
  -1.970  0.2708E+01  0.2253E+02
  -1.960  0.2597E+01  0.2255E+02
  -1.950  0.2662E+01  0.2258E+02
  -1.940  0.2531E+01  0.2261E+02
  -1.930  0.2598E+01  0.2263E+02
  -1.920  0.2592E+01  0.2266E+02
  -1.910  0.2883E+01  0.2269E+02
  -1.900  0.1974E+01  0.2271E+02
  -1.890  0.1992E+01  0.2273E+02
  -1.880  0.2426E+01  0.2275E+02
  -1.870  0.2892E+01  0.2278E+02
  -1.860  0.2453E+01  0.2280E+02
  -1.850  0.2390E+01  0.2283E+02
  -1.840  0.2353E+01  0.2285E+02
  -1.830  0.2329E+01  0.2288E+02
  -1.820  0.2319E+01  0.2290E+02
  -1.810  0.2296E+01  0.2292E+02
  -1.800  0.2290E+01  0.2295E+02
  -1.790  0.2262E+01  0.2297E+02
  -1.780  0.2247E+01  0.2299E+02
  -1.770  0.2240E+01  0.2301E+02
  -1.760  0.2196E+01  0.2304E+02
  -1.750  0.2034E+01  0.2306E+02
  -1.740  0.2051E+01  0.2308E+02
  -1.730  0.2039E+01  0.2310E+02
  -1.720  0.2044E+01  0.2312E+02
  -1.710  0.2036E+01  0.2314E+02
  -1.700  0.2039E+01  0.2316E+02
  -1.690  0.2040E+01  0.2318E+02
  -1.680  0.2041E+01  0.2320E+02
  -1.670  0.2041E+01  0.2322E+02
  -1.660  0.2049E+01  0.2324E+02
  -1.650  0.2055E+01  0.2326E+02
  -1.640  0.2060E+01  0.2328E+02
  -1.630  0.2067E+01  0.2330E+02
  -1.620  0.2086E+01  0.2332E+02
  -1.610  0.2104E+01  0.2334E+02
  -1.600  0.2118E+01  0.2336E+02
  -1.590  0.2142E+01  0.2339E+02
  -1.580  0.2166E+01  0.2341E+02
  -1.570  0.2199E+01  0.2343E+02
  -1.560  0.2238E+01  0.2345E+02
  -1.550  0.2276E+01  0.2347E+02
  -1.540  0.2340E+01  0.2350E+02
  -1.530  0.2424E+01  0.2352E+02
  -1.520  0.2509E+01  0.2355E+02
  -1.510  0.2651E+01  0.2357E+02
  -1.500  0.2831E+01  0.2360E+02
  -1.490  0.3218E+01  0.2363E+02
  -1.480  0.3316E+01  0.2367E+02
  -1.470  0.2929E+01  0.2370E+02
  -1.460  0.2706E+01  0.2373E+02
  -1.450  0.2616E+01  0.2375E+02
  -1.440  0.2515E+01  0.2378E+02
  -1.430  0.2428E+01  0.2380E+02
  -1.420  0.2355E+01  0.2383E+02
  -1.410  0.2306E+01  0.2385E+02
  -1.400  0.2237E+01  0.2387E+02
  -1.390  0.2827E+01  0.2390E+02
  -1.380  0.2990E+01  0.2393E+02
  -1.370  0.2936E+01  0.2396E+02
  -1.360  0.2642E+01  0.2399E+02
  -1.350  0.1427E+01  0.2400E+02
  -1.340  0.1467E+01  0.2401E+02
  -1.330  0.1543E+01  0.2403E+02
  -1.320  0.1614E+01  0.2405E+02
  -1.310  0.1672E+01  0.2406E+02
  -1.300  0.1746E+01  0.2408E+02
  -1.290  0.1824E+01  0.2410E+02
  -1.280  0.1992E+01  0.2412E+02
  -1.270  0.1885E+01  0.2414E+02
  -1.260  0.1765E+01  0.2415E+02
  -1.250  0.1876E+01  0.2417E+02
  -1.240  0.2065E+01  0.2419E+02
  -1.230  0.2277E+01  0.2421E+02
  -1.220  0.2537E+01  0.2424E+02
  -1.210  0.2877E+01  0.2426E+02
  -1.200  0.3377E+01  0.2429E+02
  -1.190  0.4421E+01  0.2433E+02
  -1.180  0.5276E+01  0.2439E+02
  -1.170  0.3903E+01  0.2443E+02
  -1.160  0.3564E+01  0.2447E+02
  -1.150  0.3392E+01  0.2451E+02
  -1.140  0.3214E+01  0.2454E+02
  -1.130  0.3040E+01  0.2457E+02
  -1.120  0.3013E+01  0.2460E+02
  -1.110  0.2900E+01  0.2463E+02
  -1.100  0.2891E+01  0.2466E+02
  -1.090  0.2856E+01  0.2469E+02
  -1.080  0.2823E+01  0.2472E+02
  -1.070  0.2844E+01  0.2474E+02
  -1.060  0.2906E+01  0.2477E+02
  -1.050  0.3032E+01  0.2480E+02
  -1.040  0.2783E+01  0.2483E+02
  -1.030  0.2743E+01  0.2486E+02
  -1.020  0.2676E+01  0.2489E+02
  -1.010  0.2620E+01  0.2491E+02
  -1.000  0.2597E+01  0.2494E+02
  -0.990  0.2552E+01  0.2496E+02
  -0.980  0.2520E+01  0.2499E+02
  -0.970  0.2503E+01  0.2501E+02
  -0.960  0.2469E+01  0.2504E+02
  -0.950  0.2450E+01  0.2506E+02
  -0.940  0.2435E+01  0.2509E+02
  -0.930  0.2408E+01  0.2511E+02
  -0.920  0.2393E+01  0.2514E+02
  -0.910  0.2382E+01  0.2516E+02
  -0.900  0.2362E+01  0.2518E+02
  -0.890  0.2347E+01  0.2521E+02
  -0.880  0.2338E+01  0.2523E+02
  -0.870  0.2329E+01  0.2525E+02
  -0.860  0.2311E+01  0.2528E+02
  -0.850  0.2298E+01  0.2530E+02
  -0.840  0.2294E+01  0.2532E+02
  -0.830  0.2276E+01  0.2535E+02
  -0.820  0.2259E+01  0.2537E+02
  -0.810  0.2253E+01  0.2539E+02
  -0.800  0.2237E+01  0.2541E+02
  -0.790  0.2214E+01  0.2544E+02
  -0.780  0.2198E+01  0.2546E+02
  -0.770  0.2178E+01  0.2548E+02
  -0.760  0.2153E+01  0.2550E+02
  -0.750  0.2125E+01  0.2552E+02
  -0.740  0.2092E+01  0.2555E+02
  -0.730  0.2064E+01  0.2557E+02
  -0.720  0.2034E+01  0.2559E+02
  -0.710  0.2002E+01  0.2561E+02
  -0.700  0.1966E+01  0.2563E+02
  -0.690  0.1936E+01  0.2565E+02
  -0.680  0.1913E+01  0.2567E+02
  -0.670  0.1891E+01  0.2568E+02
  -0.660  0.1866E+01  0.2570E+02
  -0.650  0.1857E+01  0.2572E+02
  -0.640  0.1842E+01  0.2574E+02
  -0.630  0.1841E+01  0.2576E+02
  -0.620  0.1864E+01  0.2578E+02
  -0.610  0.1857E+01  0.2580E+02
  -0.600  0.1887E+01  0.2581E+02
  -0.590  0.1929E+01  0.2583E+02
  -0.580  0.2044E+01  0.2585E+02
  -0.570  0.2099E+01  0.2587E+02
  -0.560  0.2271E+01  0.2590E+02
  -0.550  0.7022E+00  0.2591E+02
  -0.540  0.6826E+00  0.2592E+02
  -0.530  0.6602E+00  0.2592E+02
  -0.520  0.6426E+00  0.2593E+02
  -0.510  0.6185E+00  0.2594E+02
  -0.500  0.6030E+00  0.2594E+02
  -0.490  0.5870E+00  0.2595E+02
  -0.480  0.5651E+00  0.2595E+02
  -0.470  0.5532E+00  0.2596E+02
  -0.460  0.5366E+00  0.2597E+02
  -0.450  0.5172E+00  0.2597E+02
  -0.440  0.5136E+00  0.2598E+02
  -0.430  0.4884E+00  0.2598E+02
  -0.420  0.4891E+00  0.2599E+02
  -0.410  0.4616E+00  0.2599E+02
  -0.400  0.4608E+00  0.2599E+02
  -0.390  0.4126E+00  0.2600E+02
  -0.380  0.0000E+00  0.2600E+02
  -0.370  0.0000E+00  0.2600E+02
  -0.360  0.0000E+00  0.2600E+02
  -0.350  0.0000E+00  0.2600E+02
  -0.340  0.0000E+00  0.2600E+02
  -0.330  0.0000E+00  0.2600E+02
  -0.320  0.0000E+00  0.2600E+02
  -0.310  0.0000E+00  0.2600E+02
  -0.300  0.0000E+00  0.2600E+02
  -0.290  0.0000E+00  0.2600E+02
  -0.280  0.0000E+00  0.2600E+02
  -0.270  0.0000E+00  0.2600E+02
  -0.260  0.0000E+00  0.2600E+02
  -0.250  0.0000E+00  0.2600E+02
  -0.240  0.0000E+00  0.2600E+02
  -0.230  0.0000E+00  0.2600E+02
  -0.220  0.0000E+00  0.2600E+02
  -0.210  0.0000E+00  0.2600E+02
  -0.200  0.0000E+00  0.2600E+02
  -0.190  0.0000E+00  0.2600E+02
  -0.180  0.0000E+00  0.2600E+02
  -0.170  0.0000E+00  0.2600E+02
  -0.160  0.0000E+00  0.2600E+02
  -0.150  0.0000E+00  0.2600E+02
  -0.140  0.0000E+00  0.2600E+02
  -0.130  0.0000E+00  0.2600E+02
  -0.120  0.0000E+00  0.2600E+02
  -0.110  0.0000E+00  0.2600E+02
  -0.100  0.0000E+00  0.2600E+02
  -0.090  0.0000E+00  0.2600E+02
  -0.080  0.0000E+00  0.2600E+02
  -0.070  0.0000E+00  0.2600E+02
  -0.060  0.0000E+00  0.2600E+02
  -0.050  0.0000E+00  0.2600E+02
  -0.040  0.0000E+00  0.2600E+02
  -0.030  0.0000E+00  0.2600E+02
  -0.020  0.0000E+00  0.2600E+02
  -0.010  0.0000E+00  0.2600E+02
   0.000  0.0000E+00  0.2600E+02
   0.010  0.0000E+00  0.2600E+02
   0.020  0.0000E+00  0.2600E+02
   0.030  0.0000E+00  0.2600E+02
   0.040  0.0000E+00  0.2600E+02
   0.050  0.0000E+00  0.2600E+02
   0.060  0.0000E+00  0.2600E+02
   0.070  0.0000E+00  0.2600E+02
   0.080  0.0000E+00  0.2600E+02
   0.090  0.0000E+00  0.2600E+02
   0.100  0.0000E+00  0.2600E+02
   0.110  0.0000E+00  0.2600E+02
   0.120  0.0000E+00  0.2600E+02
   0.130  0.0000E+00  0.2600E+02
   0.140  0.0000E+00  0.2600E+02
   0.150  0.0000E+00  0.2600E+02
   0.160  0.0000E+00  0.2600E+02
   0.170  0.0000E+00  0.2600E+02
   0.180  0.0000E+00  0.2600E+02
   0.190  0.0000E+00  0.2600E+02
   0.200  0.0000E+00  0.2600E+02
   0.210  0.0000E+00  0.2600E+02
   0.220  0.0000E+00  0.2600E+02
   0.230  0.0000E+00  0.2600E+02
   0.240  0.0000E+00  0.2600E+02
   0.250  0.0000E+00  0.2600E+02
   0.260  0.0000E+00  0.2600E+02
   0.270  0.0000E+00  0.2600E+02
   0.280  0.0000E+00  0.2600E+02
   0.290  0.0000E+00  0.2600E+02
   0.300  0.0000E+00  0.2600E+02
   0.310  0.0000E+00  0.2600E+02
   0.320  0.0000E+00  0.2600E+02
   0.330  0.0000E+00  0.2600E+02
   0.340  0.0000E+00  0.2600E+02
   0.350  0.0000E+00  0.2600E+02
   0.360  0.0000E+00  0.2600E+02
   0.370  0.0000E+00  0.2600E+02
   0.380  0.0000E+00  0.2600E+02
   0.390  0.0000E+00  0.2600E+02
   0.400  0.0000E+00  0.2600E+02
   0.410  0.0000E+00  0.2600E+02
   0.420  0.0000E+00  0.2600E+02
   0.430  0.0000E+00  0.2600E+02
   0.440  0.0000E+00  0.2600E+02
   0.450  0.0000E+00  0.2600E+02
   0.460  0.0000E+00  0.2600E+02
   0.470  0.0000E+00  0.2600E+02
   0.480  0.0000E+00  0.2600E+02
   0.490  0.0000E+00  0.2600E+02
   0.500  0.0000E+00  0.2600E+02
   0.510  0.0000E+00  0.2600E+02
   0.520  0.0000E+00  0.2600E+02
   0.530  0.0000E+00  0.2600E+02
   0.540  0.0000E+00  0.2600E+02
   0.550  0.0000E+00  0.2600E+02
   0.560  0.0000E+00  0.2600E+02
   0.570  0.0000E+00  0.2600E+02
   0.580  0.0000E+00  0.2600E+02
   0.590  0.0000E+00  0.2600E+02
   0.600  0.0000E+00  0.2600E+02
   0.610  0.0000E+00  0.2600E+02
   0.620  0.0000E+00  0.2600E+02
   0.630  0.0000E+00  0.2600E+02
   0.640  0.0000E+00  0.2600E+02
   0.650  0.0000E+00  0.2600E+02
   0.660  0.0000E+00  0.2600E+02
   0.670  0.0000E+00  0.2600E+02
   0.680  0.0000E+00  0.2600E+02
   0.690  0.0000E+00  0.2600E+02
   0.700  0.0000E+00  0.2600E+02
   0.710  0.0000E+00  0.2600E+02
   0.720  0.0000E+00  0.2600E+02
   0.730  0.0000E+00  0.2600E+02
   0.740  0.0000E+00  0.2600E+02
   0.750  0.0000E+00  0.2600E+02
   0.760  0.0000E+00  0.2600E+02
   0.770  0.0000E+00  0.2600E+02
   0.780  0.0000E+00  0.2600E+02
   0.790  0.0000E+00  0.2600E+02
   0.800  0.0000E+00  0.2600E+02
   0.810  0.0000E+00  0.2600E+02
   0.820  0.0000E+00  0.2600E+02
   0.830  0.0000E+00  0.2600E+02
   0.840  0.0000E+00  0.2600E+02
   0.850  0.0000E+00  0.2600E+02
   0.860  0.0000E+00  0.2600E+02
   0.870  0.0000E+00  0.2600E+02
   0.880  0.0000E+00  0.2600E+02
   0.890  0.0000E+00  0.2600E+02
   0.900  0.0000E+00  0.2600E+02
   0.910  0.0000E+00  0.2600E+02
   0.920  0.0000E+00  0.2600E+02
   0.930  0.0000E+00  0.2600E+02
   0.940  0.0000E+00  0.2600E+02
   0.950  0.0000E+00  0.2600E+02
   0.960  0.0000E+00  0.2600E+02
   0.970  0.0000E+00  0.2600E+02
   0.980  0.0000E+00  0.2600E+02
   0.990  0.0000E+00  0.2600E+02
   1.000  0.0000E+00  0.2600E+02
   1.010  0.0000E+00  0.2600E+02
   1.020  0.0000E+00  0.2600E+02
   1.030  0.0000E+00  0.2600E+02
   1.040  0.0000E+00  0.2600E+02
   1.050  0.0000E+00  0.2600E+02
   1.060  0.0000E+00  0.2600E+02
   1.070  0.0000E+00  0.2600E+02
   1.080  0.0000E+00  0.2600E+02
   1.090  0.0000E+00  0.2600E+02
   1.100  0.0000E+00  0.2600E+02
   1.110  0.0000E+00  0.2600E+02
   1.120  0.0000E+00  0.2600E+02
   1.130  0.0000E+00  0.2600E+02
   1.140  0.0000E+00  0.2600E+02
   1.150  0.0000E+00  0.2600E+02
   1.160  0.0000E+00  0.2600E+02
   1.170  0.0000E+00  0.2600E+02
   1.180  0.0000E+00  0.2600E+02
   1.190  0.0000E+00  0.2600E+02
   1.200  0.0000E+00  0.2600E+02
   1.210  0.0000E+00  0.2600E+02
   1.220  0.0000E+00  0.2600E+02
   1.230  0.0000E+00  0.2600E+02
   1.240  0.0000E+00  0.2600E+02
   1.250  0.0000E+00  0.2600E+02
   1.260  0.0000E+00  0.2600E+02
   1.270  0.0000E+00  0.2600E+02
   1.280  0.0000E+00  0.2600E+02
   1.290  0.0000E+00  0.2600E+02
   1.300  0.0000E+00  0.2600E+02
   1.310  0.0000E+00  0.2600E+02
   1.320  0.0000E+00  0.2600E+02
   1.330  0.0000E+00  0.2600E+02
   1.340  0.0000E+00  0.2600E+02
   1.350  0.0000E+00  0.2600E+02
   1.360  0.0000E+00  0.2600E+02
   1.370  0.0000E+00  0.2600E+02
   1.380  0.0000E+00  0.2600E+02
   1.390  0.3353E+00  0.2600E+02
   1.400  0.3832E+00  0.2600E+02
   1.410  0.4000E+00  0.2601E+02
   1.420  0.4109E+00  0.2601E+02
   1.430  0.2223E+01  0.2602E+02
   1.440  0.2268E+01  0.2604E+02
   1.450  0.2316E+01  0.2607E+02
   1.460  0.2352E+01  0.2609E+02
   1.470  0.2374E+01  0.2611E+02
   1.480  0.2454E+01  0.2614E+02
   1.490  0.2484E+01  0.2616E+02
   1.500  0.2557E+01  0.2619E+02
   1.510  0.2603E+01  0.2621E+02
   1.520  0.2669E+01  0.2624E+02
   1.530  0.2726E+01  0.2627E+02
   1.540  0.2804E+01  0.2629E+02
   1.550  0.2883E+01  0.2632E+02
   1.560  0.2953E+01  0.2635E+02
   1.570  0.3057E+01  0.2638E+02
   1.580  0.3147E+01  0.2641E+02
   1.590  0.3268E+01  0.2644E+02
   1.600  0.3379E+01  0.2648E+02
   1.610  0.3560E+01  0.2651E+02
   1.620  0.3688E+01  0.2655E+02
   1.630  0.3957E+01  0.2659E+02
   1.640  0.4370E+01  0.2663E+02
   1.650  0.5299E+01  0.2668E+02
   1.660  0.4575E+01  0.2673E+02
   1.670  0.4241E+01  0.2677E+02
   1.680  0.4135E+01  0.2681E+02
   1.690  0.4054E+01  0.2685E+02
   1.700  0.4118E+01  0.2690E+02
   1.710  0.4154E+01  0.2694E+02
   1.720  0.4372E+01  0.2698E+02
   1.730  0.4559E+01  0.2702E+02
   1.740  0.5229E+01  0.2707E+02
   1.750  0.5328E+01  0.2713E+02
   1.760  0.4691E+01  0.2718E+02
   1.770  0.4366E+01  0.2723E+02
   1.780  0.4203E+01  0.2727E+02
   1.790  0.4141E+01  0.2731E+02
   1.800  0.4206E+01  0.2735E+02
   1.810  0.4565E+01  0.2740E+02
   1.820  0.4319E+01  0.2744E+02
   1.830  0.4265E+01  0.2748E+02
   1.840  0.4462E+01  0.2753E+02
   1.850  0.4498E+01  0.2757E+02
   1.860  0.4657E+01  0.2762E+02
   1.870  0.4879E+01  0.2767E+02
   1.880  0.5134E+01  0.2772E+02
   1.890  0.5554E+01  0.2777E+02
   1.900  0.6434E+01  0.2783E+02
   1.910  0.8038E+01  0.2791E+02
   1.920  0.1908E+01  0.2794E+02
   1.930  0.2053E+01  0.2796E+02
   1.940  0.2202E+01  0.2798E+02
   1.950  0.2406E+01  0.2801E+02
   1.960  0.2609E+01  0.2803E+02
   1.970  0.2840E+01  0.2806E+02
   1.980  0.3171E+01  0.2809E+02
   1.990  0.3593E+01  0.2812E+02
   2.000  0.4239E+01  0.2816E+02
   2.010  0.5899E+01  0.2821E+02
   2.020  0.5131E+01  0.2827E+02
   2.030  0.4341E+01  0.2832E+02
   2.040  0.3944E+01  0.2836E+02
   2.050  0.3667E+01  0.2840E+02
   2.060  0.5007E+01  0.2844E+02
   2.070  0.5000E+01  0.2849E+02
   2.080  0.5026E+01  0.2854E+02
   2.090  0.5019E+01  0.2859E+02
   2.100  0.5271E+01  0.2864E+02
   2.110  0.5107E+01  0.2869E+02
   2.120  0.5106E+01  0.2874E+02
   2.130  0.5333E+01  0.2880E+02
   2.140  0.5721E+01  0.2885E+02
   2.150  0.6543E+01  0.2892E+02
   2.160  0.5503E+01  0.2897E+02
   2.170  0.4960E+01  0.2903E+02
   2.180  0.4998E+01  0.2908E+02
   2.190  0.4842E+01  0.2913E+02
   2.200  0.4640E+01  0.2917E+02
   2.210  0.4506E+01  0.2922E+02
   2.220  0.4482E+01  0.2926E+02
   2.230  0.4437E+01  0.2931E+02
   2.240  0.4347E+01  0.2935E+02
   2.250  0.4282E+01  0.2940E+02
   2.260  0.4213E+01  0.2944E+02
   2.270  0.4190E+01  0.2948E+02
   2.280  0.4125E+01  0.2952E+02
   2.290  0.4082E+01  0.2956E+02
   2.300  0.4076E+01  0.2960E+02
   2.310  0.4048E+01  0.2964E+02
   2.320  0.4064E+01  0.2968E+02
   2.330  0.4086E+01  0.2973E+02
   2.340  0.4104E+01  0.2977E+02
   2.350  0.4244E+01  0.2981E+02
   2.360  0.4524E+01  0.2985E+02
   2.370  0.4873E+01  0.2990E+02
   2.380  0.4117E+01  0.2995E+02
   2.390  0.3896E+01  0.2999E+02
   2.400  0.3712E+01  0.3002E+02
   2.410  0.3595E+01  0.3006E+02
   2.420  0.3715E+01  0.3010E+02
   2.430  0.2934E+01  0.3013E+02
   2.440  0.2932E+01  0.3016E+02
   2.450  0.3738E+01  0.3019E+02
   2.460  0.3349E+01  0.3023E+02
   2.470  0.3083E+01  0.3026E+02
   2.480  0.2920E+01  0.3029E+02
   2.490  0.3168E+01  0.3032E+02
   2.500  0.3082E+01  0.3035E+02
   2.510  0.4050E+01  0.3039E+02
   2.520  0.3987E+01  0.3042E+02
   2.530  0.4030E+01  0.3046E+02
   2.540  0.3870E+01  0.3050E+02
   2.550  0.3548E+01  0.3054E+02
   2.560  0.3622E+01  0.3058E+02
   2.570  0.3742E+01  0.3061E+02
   2.580  0.3920E+01  0.3065E+02
   2.590  0.4186E+01  0.3069E+02
   2.600  0.5327E+01  0.3074E+02
   2.610  0.4313E+01  0.3079E+02
   2.620  0.3732E+01  0.3083E+02
   2.630  0.3532E+01  0.3086E+02
   2.640  0.3388E+01  0.3090E+02
   2.650  0.3362E+01  0.3093E+02
   2.660  0.3044E+01  0.3096E+02
   2.670  0.2957E+01  0.3099E+02
   2.680  0.2845E+01  0.3102E+02
   2.690  0.2798E+01  0.3105E+02
   2.700  0.2846E+01  0.3108E+02
   2.710  0.2619E+01  0.3111E+02
   2.720  0.2566E+01  0.3113E+02
   2.730  0.2567E+01  0.3116E+02
   2.740  0.2576E+01  0.3118E+02
   2.750  0.2862E+01  0.3121E+02
   2.760  0.2154E+01  0.3124E+02
   2.770  0.2201E+01  0.3126E+02
   2.780  0.2310E+01  0.3128E+02
   2.790  0.2491E+01  0.3130E+02
   2.800  0.2276E+01  0.3133E+02
   2.810  0.2253E+01  0.3135E+02
   2.820  0.2228E+01  0.3137E+02
   2.830  0.2202E+01  0.3140E+02
   2.840  0.2172E+01  0.3142E+02
   2.850  0.2142E+01  0.3144E+02
   2.860  0.2126E+01  0.3146E+02
   2.870  0.2107E+01  0.3148E+02
   2.880  0.2087E+01  0.3150E+02
   2.890  0.2061E+01  0.3152E+02
   2.900  0.2040E+01  0.3154E+02
   2.910  0.2026E+01  0.3156E+02
   2.920  0.2008E+01  0.3158E+02
   2.930  0.1996E+01  0.3160E+02
   2.940  0.1980E+01  0.3162E+02
   2.950  0.1964E+01  0.3164E+02
   2.960  0.1943E+01  0.3166E+02
   2.970  0.1931E+01  0.3168E+02
   2.980  0.1934E+01  0.3170E+02
   2.990  0.1911E+01  0.3172E+02
   3.000  0.1900E+01  0.3174E+02
   3.010  0.1888E+01  0.3176E+02
   3.020  0.1870E+01  0.3178E+02
   3.030  0.1881E+01  0.3180E+02
   3.040  0.1862E+01  0.3182E+02
   3.050  0.1852E+01  0.3183E+02
   3.060  0.1861E+01  0.3185E+02
   3.070  0.1426E+01  0.3187E+02
   3.080  0.1429E+01  0.3188E+02
   3.090  0.1429E+01  0.3190E+02
   3.100  0.1424E+01  0.3191E+02
   3.110  0.1422E+01  0.3193E+02
   3.120  0.1421E+01  0.3194E+02
   3.130  0.1430E+01  0.3195E+02
   3.140  0.1425E+01  0.3197E+02
   3.150  0.1424E+01  0.3198E+02
   3.160  0.1424E+01  0.3200E+02
   3.170  0.1428E+01  0.3201E+02
   3.180  0.1438E+01  0.3203E+02
   3.190  0.1435E+01  0.3204E+02
   3.200  0.1438E+01  0.3205E+02
   3.210  0.1443E+01  0.3207E+02
   3.220  0.1460E+01  0.3208E+02
   3.230  0.1460E+01  0.3210E+02
   3.240  0.1464E+01  0.3211E+02
   3.250  0.1474E+01  0.3213E+02
   3.260  0.1487E+01  0.3214E+02
   3.270  0.1502E+01  0.3216E+02
   3.280  0.1509E+01  0.3217E+02
   3.290  0.1525E+01  0.3219E+02
   3.300  0.1548E+01  0.3220E+02
   3.310  0.1574E+01  0.3222E+02
   3.320  0.1591E+01  0.3223E+02
   3.330  0.1616E+01  0.3225E+02
   3.340  0.1659E+01  0.3227E+02
   3.350  0.1708E+01  0.3228E+02
   3.360  0.1762E+01  0.3230E+02
   3.370  0.1845E+01  0.3232E+02
   3.380  0.1989E+01  0.3234E+02
   3.390  0.2308E+01  0.3236E+02
   3.400  0.2311E+01  0.3238E+02
   3.410  0.1904E+01  0.3241E+02
   3.420  0.1718E+01  0.3242E+02
   3.430  0.1563E+01  0.3244E+02
   3.440  0.1494E+01  0.3246E+02
   3.450  0.1396E+01  0.3247E+02
   3.460  0.1338E+01  0.3248E+02
   3.470  0.1266E+01  0.3250E+02
   3.480  0.1234E+01  0.3251E+02
   3.490  0.9085E+00  0.3252E+02
   3.500  0.9311E+00  0.3253E+02
   3.510  0.9506E+00  0.3254E+02
   3.520  0.9737E+00  0.3255E+02
   3.530  0.1002E+01  0.3256E+02
   3.540  0.1024E+01  0.3257E+02
   3.550  0.1055E+01  0.3258E+02
   3.560  0.1089E+01  0.3259E+02
   3.570  0.1115E+01  0.3260E+02
   3.580  0.1314E+01  0.3261E+02
   3.590  0.1557E+01  0.3263E+02
   3.600  0.1637E+01  0.3264E+02
   3.610  0.1760E+01  0.3266E+02
   3.620  0.1864E+01  0.3268E+02
   3.630  0.2021E+01  0.3270E+02
   3.640  0.2152E+01  0.3272E+02
   3.650  0.2331E+01  0.3274E+02
   3.660  0.2498E+01  0.3277E+02
   3.670  0.2736E+01  0.3279E+02
   3.680  0.2940E+01  0.3282E+02
   3.690  0.3327E+01  0.3285E+02
   3.700  0.3767E+01  0.3289E+02
   3.710  0.4429E+01  0.3293E+02
   3.720  0.5992E+01  0.3298E+02
   3.730  0.5539E+01  0.3304E+02
   3.740  0.4507E+01  0.3309E+02
   3.750  0.4030E+01  0.3313E+02
   3.760  0.3791E+01  0.3317E+02
   3.770  0.3543E+01  0.3321E+02
   3.780  0.3417E+01  0.3325E+02
   3.790  0.3303E+01  0.3328E+02
   3.800  0.2080E+01  0.3331E+02
   3.810  0.2045E+01  0.3333E+02
   3.820  0.1994E+01  0.3335E+02
   3.830  0.1945E+01  0.3337E+02
   3.840  0.1915E+01  0.3339E+02
   3.850  0.1862E+01  0.3340E+02
   3.860  0.1835E+01  0.3342E+02
   3.870  0.1793E+01  0.3344E+02
   3.880  0.1759E+01  0.3346E+02
   3.890  0.1731E+01  0.3348E+02
   3.900  0.1687E+01  0.3349E+02
   3.910  0.1659E+01  0.3351E+02
   3.920  0.1626E+01  0.3353E+02
   3.930  0.1585E+01  0.3354E+02
   3.940  0.1552E+01  0.3356E+02
   3.950  0.1519E+01  0.3357E+02
   3.960  0.1479E+01  0.3359E+02
   3.970  0.1444E+01  0.3360E+02
   3.980  0.1404E+01  0.3362E+02
   3.990  0.1369E+01  0.3363E+02
   4.000  0.1332E+01  0.3364E+02
   4.010  0.1298E+01  0.3366E+02
   4.020  0.1254E+01  0.3367E+02
   4.030  0.1225E+01  0.3368E+02
   4.040  0.1193E+01  0.3369E+02
   4.050  0.1160E+01  0.3371E+02
   4.060  0.1127E+01  0.3372E+02
   4.070  0.1094E+01  0.3373E+02
   4.080  0.1068E+01  0.3374E+02
   4.090  0.1039E+01  0.3375E+02
   4.100  0.1014E+01  0.3376E+02
   4.110  0.9806E+00  0.3377E+02
   4.120  0.9616E+00  0.3378E+02
   4.130  0.9417E+00  0.3379E+02
   4.140  0.9180E+00  0.3380E+02
   4.150  0.8975E+00  0.3381E+02
   4.160  0.8722E+00  0.3382E+02
   4.170  0.8590E+00  0.3383E+02
   4.180  0.8422E+00  0.3383E+02
   4.190  0.8220E+00  0.3384E+02
   4.200  0.8063E+00  0.3385E+02
   4.210  0.7893E+00  0.3386E+02
   4.220  0.7796E+00  0.3387E+02
   4.230  0.7616E+00  0.3387E+02
   4.240  0.7464E+00  0.3388E+02
   4.250  0.7417E+00  0.3389E+02
   4.260  0.7232E+00  0.3390E+02
   4.270  0.7102E+00  0.3390E+02
   4.280  0.6993E+00  0.3391E+02
   4.290  0.6923E+00  0.3392E+02
   4.300  0.6774E+00  0.3392E+02
   4.310  0.6666E+00  0.3393E+02
   4.320  0.6623E+00  0.3394E+02
   4.330  0.6471E+00  0.3394E+02
   4.340  0.6416E+00  0.3395E+02
   4.350  0.6329E+00  0.3396E+02
   4.360  0.6184E+00  0.3396E+02
   4.370  0.6193E+00  0.3397E+02
   4.380  0.5980E+00  0.3398E+02
   4.390  0.5958E+00  0.3398E+02
   4.400  0.6134E+00  0.3399E+02
   4.410  0.5857E+00  0.3399E+02
   4.420  0.4857E+00  0.3400E+02
   4.430  0.0000E+00  0.3400E+02
   4.440  0.0000E+00  0.3400E+02
   4.450  0.0000E+00  0.3400E+02
   4.460  0.0000E+00  0.3400E+02
   4.470  0.0000E+00  0.3400E+02
   4.480  0.0000E+00  0.3400E+02
   4.490  0.0000E+00  0.3400E+02
   4.500  0.0000E+00  0.3400E+02
   4.510  0.0000E+00  0.3400E+02
   4.520  0.0000E+00  0.3400E+02
   4.530  0.0000E+00  0.3400E+02
   4.540  0.0000E+00  0.3400E+02
   4.550  0.0000E+00  0.3400E+02
   4.560  0.0000E+00  0.3400E+02
   4.570  0.0000E+00  0.3400E+02
   4.580  0.0000E+00  0.3400E+02
   4.590  0.0000E+00  0.3400E+02
   4.600  0.0000E+00  0.3400E+02
   4.610  0.0000E+00  0.3400E+02
   4.620  0.0000E+00  0.3400E+02
   4.630  0.0000E+00  0.3400E+02
   4.640  0.0000E+00  0.3400E+02
   4.650  0.0000E+00  0.3400E+02
   4.660  0.0000E+00  0.3400E+02
   4.670  0.0000E+00  0.3400E+02
   4.680  0.0000E+00  0.3400E+02
   4.690  0.0000E+00  0.3400E+02
   4.700  0.0000E+00  0.3400E+02
   4.710  0.0000E+00  0.3400E+02
   4.720  0.0000E+00  0.3400E+02
   4.730  0.0000E+00  0.3400E+02
   4.740  0.0000E+00  0.3400E+02
   4.750  0.0000E+00  0.3400E+02
   4.760  0.0000E+00  0.3400E+02
   4.770  0.0000E+00  0.3400E+02
   4.780  0.0000E+00  0.3400E+02
   4.790  0.0000E+00  0.3400E+02
   4.800  0.0000E+00  0.3400E+02
   4.810  0.0000E+00  0.3400E+02
   4.820  0.0000E+00  0.3400E+02
   4.830  0.0000E+00  0.3400E+02
   4.840  0.0000E+00  0.3400E+02
   4.850  0.0000E+00  0.3400E+02
   4.860  0.0000E+00  0.3400E+02
   4.870  0.0000E+00  0.3400E+02
   4.880  0.0000E+00  0.3400E+02
   4.890  0.0000E+00  0.3400E+02
   4.900  0.0000E+00  0.3400E+02
   4.910  0.0000E+00  0.3400E+02
   4.920  0.0000E+00  0.3400E+02
   4.930  0.0000E+00  0.3400E+02
   4.940  0.0000E+00  0.3400E+02
   4.950  0.0000E+00  0.3400E+02
   4.960  0.0000E+00  0.3400E+02
   4.970  0.0000E+00  0.3400E+02
   4.980  0.0000E+00  0.3400E+02
   4.990  0.0000E+00  0.3400E+02
   5.000  0.0000E+00  0.3400E+02
