#  E (eV)   dos(E)     Int dos(E) EFermi =    0.486 eV
 -10.000  0.0000E+00  0.1200E+02
  -9.990  0.0000E+00  0.1200E+02
  -9.980  0.0000E+00  0.1200E+02
  -9.970  0.0000E+00  0.1200E+02
  -9.960  0.0000E+00  0.1200E+02
  -9.950  0.0000E+00  0.1200E+02
  -9.940  0.0000E+00  0.1200E+02
  -9.930  0.0000E+00  0.1200E+02
  -9.920  0.0000E+00  0.1200E+02
  -9.910  0.0000E+00  0.1200E+02
  -9.900  0.0000E+00  0.1200E+02
  -9.890  0.0000E+00  0.1200E+02
  -9.880  0.0000E+00  0.1200E+02
  -9.870  0.0000E+00  0.1200E+02
  -9.860  0.0000E+00  0.1200E+02
  -9.850  0.0000E+00  0.1200E+02
  -9.840  0.0000E+00  0.1200E+02
  -9.830  0.0000E+00  0.1200E+02
  -9.820  0.0000E+00  0.1200E+02
  -9.810  0.0000E+00  0.1200E+02
  -9.800  0.0000E+00  0.1200E+02
  -9.790  0.0000E+00  0.1200E+02
  -9.780  0.0000E+00  0.1200E+02
  -9.770  0.0000E+00  0.1200E+02
  -9.760  0.0000E+00  0.1200E+02
  -9.750  0.0000E+00  0.1200E+02
  -9.740  0.0000E+00  0.1200E+02
  -9.730  0.0000E+00  0.1200E+02
  -9.720  0.0000E+00  0.1200E+02
  -9.710  0.0000E+00  0.1200E+02
  -9.700  0.0000E+00  0.1200E+02
  -9.690  0.0000E+00  0.1200E+02
  -9.680  0.0000E+00  0.1200E+02
  -9.670  0.0000E+00  0.1200E+02
  -9.660  0.0000E+00  0.1200E+02
  -9.650  0.0000E+00  0.1200E+02
  -9.640  0.0000E+00  0.1200E+02
  -9.630  0.0000E+00  0.1200E+02
  -9.620  0.0000E+00  0.1200E+02
  -9.610  0.0000E+00  0.1200E+02
  -9.600  0.0000E+00  0.1200E+02
  -9.590  0.0000E+00  0.1200E+02
  -9.580  0.0000E+00  0.1200E+02
  -9.570  0.0000E+00  0.1200E+02
  -9.560  0.0000E+00  0.1200E+02
  -9.550  0.0000E+00  0.1200E+02
  -9.540  0.0000E+00  0.1200E+02
  -9.530  0.0000E+00  0.1200E+02
  -9.520  0.0000E+00  0.1200E+02
  -9.510  0.0000E+00  0.1200E+02
  -9.500  0.0000E+00  0.1200E+02
  -9.490  0.0000E+00  0.1200E+02
  -9.480  0.0000E+00  0.1200E+02
  -9.470  0.0000E+00  0.1200E+02
  -9.460  0.0000E+00  0.1200E+02
  -9.450  0.0000E+00  0.1200E+02
  -9.440  0.0000E+00  0.1200E+02
  -9.430  0.0000E+00  0.1200E+02
  -9.420  0.0000E+00  0.1200E+02
  -9.410  0.0000E+00  0.1200E+02
  -9.400  0.0000E+00  0.1200E+02
  -9.390  0.0000E+00  0.1200E+02
  -9.380  0.0000E+00  0.1200E+02
  -9.370  0.0000E+00  0.1200E+02
  -9.360  0.0000E+00  0.1200E+02
  -9.350  0.0000E+00  0.1200E+02
  -9.340  0.0000E+00  0.1200E+02
  -9.330  0.0000E+00  0.1200E+02
  -9.320  0.0000E+00  0.1200E+02
  -9.310  0.0000E+00  0.1200E+02
  -9.300  0.0000E+00  0.1200E+02
  -9.290  0.0000E+00  0.1200E+02
  -9.280  0.0000E+00  0.1200E+02
  -9.270  0.0000E+00  0.1200E+02
  -9.260  0.0000E+00  0.1200E+02
  -9.250  0.0000E+00  0.1200E+02
  -9.240  0.0000E+00  0.1200E+02
  -9.230  0.0000E+00  0.1200E+02
  -9.220  0.0000E+00  0.1200E+02
  -9.210  0.0000E+00  0.1200E+02
  -9.200  0.0000E+00  0.1200E+02
  -9.190  0.0000E+00  0.1200E+02
  -9.180  0.0000E+00  0.1200E+02
  -9.170  0.0000E+00  0.1200E+02
  -9.160  0.0000E+00  0.1200E+02
  -9.150  0.0000E+00  0.1200E+02
  -9.140  0.0000E+00  0.1200E+02
  -9.130  0.0000E+00  0.1200E+02
  -9.120  0.0000E+00  0.1200E+02
  -9.110  0.0000E+00  0.1200E+02
  -9.100  0.0000E+00  0.1200E+02
  -9.090  0.0000E+00  0.1200E+02
  -9.080  0.0000E+00  0.1200E+02
  -9.070  0.0000E+00  0.1200E+02
  -9.060  0.0000E+00  0.1200E+02
  -9.050  0.0000E+00  0.1200E+02
  -9.040  0.0000E+00  0.1200E+02
  -9.030  0.0000E+00  0.1200E+02
  -9.020  0.0000E+00  0.1200E+02
  -9.010  0.0000E+00  0.1200E+02
  -9.000  0.0000E+00  0.1200E+02
  -8.990  0.0000E+00  0.1200E+02
  -8.980  0.0000E+00  0.1200E+02
  -8.970  0.0000E+00  0.1200E+02
  -8.960  0.0000E+00  0.1200E+02
  -8.950  0.0000E+00  0.1200E+02
  -8.940  0.0000E+00  0.1200E+02
  -8.930  0.0000E+00  0.1200E+02
  -8.920  0.0000E+00  0.1200E+02
  -8.910  0.0000E+00  0.1200E+02
  -8.900  0.0000E+00  0.1200E+02
  -8.890  0.0000E+00  0.1200E+02
  -8.880  0.0000E+00  0.1200E+02
  -8.870  0.0000E+00  0.1200E+02
  -8.860  0.0000E+00  0.1200E+02
  -8.850  0.0000E+00  0.1200E+02
  -8.840  0.0000E+00  0.1200E+02
  -8.830  0.0000E+00  0.1200E+02
  -8.820  0.0000E+00  0.1200E+02
  -8.810  0.0000E+00  0.1200E+02
  -8.800  0.0000E+00  0.1200E+02
  -8.790  0.0000E+00  0.1200E+02
  -8.780  0.0000E+00  0.1200E+02
  -8.770  0.0000E+00  0.1200E+02
  -8.760  0.0000E+00  0.1200E+02
  -8.750  0.0000E+00  0.1200E+02
  -8.740  0.0000E+00  0.1200E+02
  -8.730  0.0000E+00  0.1200E+02
  -8.720  0.0000E+00  0.1200E+02
  -8.710  0.0000E+00  0.1200E+02
  -8.700  0.0000E+00  0.1200E+02
  -8.690  0.0000E+00  0.1200E+02
  -8.680  0.0000E+00  0.1200E+02
  -8.670  0.0000E+00  0.1200E+02
  -8.660  0.0000E+00  0.1200E+02
  -8.650  0.0000E+00  0.1200E+02
  -8.640  0.0000E+00  0.1200E+02
  -8.630  0.0000E+00  0.1200E+02
  -8.620  0.0000E+00  0.1200E+02
  -8.610  0.0000E+00  0.1200E+02
  -8.600  0.0000E+00  0.1200E+02
  -8.590  0.0000E+00  0.1200E+02
  -8.580  0.0000E+00  0.1200E+02
  -8.570  0.0000E+00  0.1200E+02
  -8.560  0.0000E+00  0.1200E+02
  -8.550  0.0000E+00  0.1200E+02
  -8.540  0.0000E+00  0.1200E+02
  -8.530  0.0000E+00  0.1200E+02
  -8.520  0.0000E+00  0.1200E+02
  -8.510  0.0000E+00  0.1200E+02
  -8.500  0.0000E+00  0.1200E+02
  -8.490  0.0000E+00  0.1200E+02
  -8.480  0.0000E+00  0.1200E+02
  -8.470  0.0000E+00  0.1200E+02
  -8.460  0.0000E+00  0.1200E+02
  -8.450  0.0000E+00  0.1200E+02
  -8.440  0.0000E+00  0.1200E+02
  -8.430  0.0000E+00  0.1200E+02
  -8.420  0.0000E+00  0.1200E+02
  -8.410  0.0000E+00  0.1200E+02
  -8.400  0.0000E+00  0.1200E+02
  -8.390  0.0000E+00  0.1200E+02
  -8.380  0.0000E+00  0.1200E+02
  -8.370  0.0000E+00  0.1200E+02
  -8.360  0.0000E+00  0.1200E+02
  -8.350  0.0000E+00  0.1200E+02
  -8.340  0.0000E+00  0.1200E+02
  -8.330  0.0000E+00  0.1200E+02
  -8.320  0.0000E+00  0.1200E+02
  -8.310  0.0000E+00  0.1200E+02
  -8.300  0.0000E+00  0.1200E+02
  -8.290  0.0000E+00  0.1200E+02
  -8.280  0.0000E+00  0.1200E+02
  -8.270  0.0000E+00  0.1200E+02
  -8.260  0.0000E+00  0.1200E+02
  -8.250  0.0000E+00  0.1200E+02
  -8.240  0.0000E+00  0.1200E+02
  -8.230  0.0000E+00  0.1200E+02
  -8.220  0.0000E+00  0.1200E+02
  -8.210  0.0000E+00  0.1200E+02
  -8.200  0.0000E+00  0.1200E+02
  -8.190  0.0000E+00  0.1200E+02
  -8.180  0.0000E+00  0.1200E+02
  -8.170  0.0000E+00  0.1200E+02
  -8.160  0.0000E+00  0.1200E+02
  -8.150  0.0000E+00  0.1200E+02
  -8.140  0.0000E+00  0.1200E+02
  -8.130  0.0000E+00  0.1200E+02
  -8.120  0.0000E+00  0.1200E+02
  -8.110  0.0000E+00  0.1200E+02
  -8.100  0.0000E+00  0.1200E+02
  -8.090  0.0000E+00  0.1200E+02
  -8.080  0.0000E+00  0.1200E+02
  -8.070  0.0000E+00  0.1200E+02
  -8.060  0.0000E+00  0.1200E+02
  -8.050  0.0000E+00  0.1200E+02
  -8.040  0.0000E+00  0.1200E+02
  -8.030  0.0000E+00  0.1200E+02
  -8.020  0.0000E+00  0.1200E+02
  -8.010  0.0000E+00  0.1200E+02
  -8.000  0.0000E+00  0.1200E+02
  -7.990  0.0000E+00  0.1200E+02
  -7.980  0.0000E+00  0.1200E+02
  -7.970  0.0000E+00  0.1200E+02
  -7.960  0.0000E+00  0.1200E+02
  -7.950  0.0000E+00  0.1200E+02
  -7.940  0.0000E+00  0.1200E+02
  -7.930  0.0000E+00  0.1200E+02
  -7.920  0.0000E+00  0.1200E+02
  -7.910  0.0000E+00  0.1200E+02
  -7.900  0.0000E+00  0.1200E+02
  -7.890  0.0000E+00  0.1200E+02
  -7.880  0.0000E+00  0.1200E+02
  -7.870  0.0000E+00  0.1200E+02
  -7.860  0.0000E+00  0.1200E+02
  -7.850  0.0000E+00  0.1200E+02
  -7.840  0.0000E+00  0.1200E+02
  -7.830  0.0000E+00  0.1200E+02
  -7.820  0.0000E+00  0.1200E+02
  -7.810  0.0000E+00  0.1200E+02
  -7.800  0.0000E+00  0.1200E+02
  -7.790  0.0000E+00  0.1200E+02
  -7.780  0.0000E+00  0.1200E+02
  -7.770  0.0000E+00  0.1200E+02
  -7.760  0.0000E+00  0.1200E+02
  -7.750  0.0000E+00  0.1200E+02
  -7.740  0.0000E+00  0.1200E+02
  -7.730  0.0000E+00  0.1200E+02
  -7.720  0.0000E+00  0.1200E+02
  -7.710  0.0000E+00  0.1200E+02
  -7.700  0.0000E+00  0.1200E+02
  -7.690  0.0000E+00  0.1200E+02
  -7.680  0.0000E+00  0.1200E+02
  -7.670  0.0000E+00  0.1200E+02
  -7.660  0.0000E+00  0.1200E+02
  -7.650  0.0000E+00  0.1200E+02
  -7.640  0.0000E+00  0.1200E+02
  -7.630  0.0000E+00  0.1200E+02
  -7.620  0.0000E+00  0.1200E+02
  -7.610  0.0000E+00  0.1200E+02
  -7.600  0.0000E+00  0.1200E+02
  -7.590  0.0000E+00  0.1200E+02
  -7.580  0.0000E+00  0.1200E+02
  -7.570  0.0000E+00  0.1200E+02
  -7.560  0.0000E+00  0.1200E+02
  -7.550  0.0000E+00  0.1200E+02
  -7.540  0.0000E+00  0.1200E+02
  -7.530  0.0000E+00  0.1200E+02
  -7.520  0.0000E+00  0.1200E+02
  -7.510  0.0000E+00  0.1200E+02
  -7.500  0.0000E+00  0.1200E+02
  -7.490  0.0000E+00  0.1200E+02
  -7.480  0.0000E+00  0.1200E+02
  -7.470  0.0000E+00  0.1200E+02
  -7.460  0.0000E+00  0.1200E+02
  -7.450  0.0000E+00  0.1200E+02
  -7.440  0.0000E+00  0.1200E+02
  -7.430  0.0000E+00  0.1200E+02
  -7.420  0.0000E+00  0.1200E+02
  -7.410  0.0000E+00  0.1200E+02
  -7.400  0.0000E+00  0.1200E+02
  -7.390  0.0000E+00  0.1200E+02
  -7.380  0.0000E+00  0.1200E+02
  -7.370  0.0000E+00  0.1200E+02
  -7.360  0.0000E+00  0.1200E+02
  -7.350  0.0000E+00  0.1200E+02
  -7.340  0.0000E+00  0.1200E+02
  -7.330  0.0000E+00  0.1200E+02
  -7.320  0.0000E+00  0.1200E+02
  -7.310  0.0000E+00  0.1200E+02
  -7.300  0.0000E+00  0.1200E+02
  -7.290  0.0000E+00  0.1200E+02
  -7.280  0.0000E+00  0.1200E+02
  -7.270  0.0000E+00  0.1200E+02
  -7.260  0.0000E+00  0.1200E+02
  -7.250  0.0000E+00  0.1200E+02
  -7.240  0.0000E+00  0.1200E+02
  -7.230  0.0000E+00  0.1200E+02
  -7.220  0.0000E+00  0.1200E+02
  -7.210  0.0000E+00  0.1200E+02
  -7.200  0.0000E+00  0.1200E+02
  -7.190  0.0000E+00  0.1200E+02
  -7.180  0.0000E+00  0.1200E+02
  -7.170  0.0000E+00  0.1200E+02
  -7.160  0.0000E+00  0.1200E+02
  -7.150  0.0000E+00  0.1200E+02
  -7.140  0.0000E+00  0.1200E+02
  -7.130  0.0000E+00  0.1200E+02
  -7.120  0.0000E+00  0.1200E+02
  -7.110  0.0000E+00  0.1200E+02
  -7.100  0.0000E+00  0.1200E+02
  -7.090  0.0000E+00  0.1200E+02
  -7.080  0.0000E+00  0.1200E+02
  -7.070  0.0000E+00  0.1200E+02
  -7.060  0.0000E+00  0.1200E+02
  -7.050  0.0000E+00  0.1200E+02
  -7.040  0.0000E+00  0.1200E+02
  -7.030  0.0000E+00  0.1200E+02
  -7.020  0.0000E+00  0.1200E+02
  -7.010  0.0000E+00  0.1200E+02
  -7.000  0.0000E+00  0.1200E+02
  -6.990  0.0000E+00  0.1200E+02
  -6.980  0.0000E+00  0.1200E+02
  -6.970  0.0000E+00  0.1200E+02
  -6.960  0.0000E+00  0.1200E+02
  -6.950  0.0000E+00  0.1200E+02
  -6.940  0.0000E+00  0.1200E+02
  -6.930  0.0000E+00  0.1200E+02
  -6.920  0.0000E+00  0.1200E+02
  -6.910  0.0000E+00  0.1200E+02
  -6.900  0.0000E+00  0.1200E+02
  -6.890  0.0000E+00  0.1200E+02
  -6.880  0.0000E+00  0.1200E+02
  -6.870  0.0000E+00  0.1200E+02
  -6.860  0.0000E+00  0.1200E+02
  -6.850  0.0000E+00  0.1200E+02
  -6.840  0.0000E+00  0.1200E+02
  -6.830  0.0000E+00  0.1200E+02
  -6.820  0.0000E+00  0.1200E+02
  -6.810  0.0000E+00  0.1200E+02
  -6.800  0.0000E+00  0.1200E+02
  -6.790  0.0000E+00  0.1200E+02
  -6.780  0.0000E+00  0.1200E+02
  -6.770  0.0000E+00  0.1200E+02
  -6.760  0.0000E+00  0.1200E+02
  -6.750  0.0000E+00  0.1200E+02
  -6.740  0.0000E+00  0.1200E+02
  -6.730  0.0000E+00  0.1200E+02
  -6.720  0.0000E+00  0.1200E+02
  -6.710  0.0000E+00  0.1200E+02
  -6.700  0.0000E+00  0.1200E+02
  -6.690  0.0000E+00  0.1200E+02
  -6.680  0.0000E+00  0.1200E+02
  -6.670  0.0000E+00  0.1200E+02
  -6.660  0.0000E+00  0.1200E+02
  -6.650  0.0000E+00  0.1200E+02
  -6.640  0.0000E+00  0.1200E+02
  -6.630  0.0000E+00  0.1200E+02
  -6.620  0.0000E+00  0.1200E+02
  -6.610  0.0000E+00  0.1200E+02
  -6.600  0.0000E+00  0.1200E+02
  -6.590  0.0000E+00  0.1200E+02
  -6.580  0.0000E+00  0.1200E+02
  -6.570  0.0000E+00  0.1200E+02
  -6.560  0.0000E+00  0.1200E+02
  -6.550  0.0000E+00  0.1200E+02
  -6.540  0.0000E+00  0.1200E+02
  -6.530  0.0000E+00  0.1200E+02
  -6.520  0.0000E+00  0.1200E+02
  -6.510  0.0000E+00  0.1200E+02
  -6.500  0.0000E+00  0.1200E+02
  -6.490  0.0000E+00  0.1200E+02
  -6.480  0.0000E+00  0.1200E+02
  -6.470  0.0000E+00  0.1200E+02
  -6.460  0.6026E+00  0.1200E+02
  -6.450  0.8715E+00  0.1201E+02
  -6.440  0.1010E+01  0.1202E+02
  -6.430  0.1011E+01  0.1203E+02
  -6.420  0.9608E+00  0.1204E+02
  -6.410  0.1013E+01  0.1205E+02
  -6.400  0.1034E+01  0.1206E+02
  -6.390  0.1006E+01  0.1207E+02
  -6.380  0.1006E+01  0.1208E+02
  -6.370  0.1029E+01  0.1209E+02
  -6.360  0.1054E+01  0.1210E+02
  -6.350  0.1058E+01  0.1211E+02
  -6.340  0.1049E+01  0.1212E+02
  -6.330  0.1050E+01  0.1213E+02
  -6.320  0.1063E+01  0.1214E+02
  -6.310  0.1082E+01  0.1215E+02
  -6.300  0.1090E+01  0.1217E+02
  -6.290  0.1454E+01  0.1218E+02
  -6.280  0.1529E+01  0.1219E+02
  -6.270  0.1503E+01  0.1221E+02
  -6.260  0.1529E+01  0.1223E+02
  -6.250  0.1568E+01  0.1224E+02
  -6.240  0.1561E+01  0.1226E+02
  -6.230  0.1566E+01  0.1227E+02
  -6.220  0.1591E+01  0.1229E+02
  -6.210  0.1611E+01  0.1230E+02
  -6.200  0.1601E+01  0.1232E+02
  -6.190  0.1619E+01  0.1234E+02
  -6.180  0.1638E+01  0.1235E+02
  -6.170  0.1662E+01  0.1237E+02
  -6.160  0.1687E+01  0.1239E+02
  -6.150  0.1684E+01  0.1240E+02
  -6.140  0.1695E+01  0.1242E+02
  -6.130  0.1715E+01  0.1244E+02
  -6.120  0.1735E+01  0.1245E+02
  -6.110  0.1758E+01  0.1247E+02
  -6.100  0.1778E+01  0.1249E+02
  -6.090  0.2613E+01  0.1251E+02
  -6.080  0.2434E+01  0.1253E+02
  -6.070  0.2550E+01  0.1256E+02
  -6.060  0.2490E+01  0.1258E+02
  -6.050  0.2539E+01  0.1261E+02
  -6.040  0.2600E+01  0.1264E+02
  -6.030  0.2637E+01  0.1266E+02
  -6.020  0.2635E+01  0.1269E+02
  -6.010  0.2660E+01  0.1271E+02
  -6.000  0.2704E+01  0.1274E+02
  -5.990  0.2745E+01  0.1277E+02
  -5.980  0.2798E+01  0.1280E+02
  -5.970  0.2843E+01  0.1282E+02
  -5.960  0.2898E+01  0.1285E+02
  -5.950  0.2937E+01  0.1288E+02
  -5.940  0.2986E+01  0.1291E+02
  -5.930  0.3039E+01  0.1294E+02
  -5.920  0.3093E+01  0.1297E+02
  -5.910  0.3173E+01  0.1300E+02
  -5.900  0.3296E+01  0.1304E+02
  -5.890  0.3394E+01  0.1307E+02
  -5.880  0.3279E+01  0.1310E+02
  -5.870  0.3290E+01  0.1314E+02
  -5.860  0.3316E+01  0.1317E+02
  -5.850  0.3487E+01  0.1321E+02
  -5.840  0.3797E+01  0.1324E+02
  -5.830  0.3999E+01  0.1328E+02
  -5.820  0.4156E+01  0.1332E+02
  -5.810  0.4764E+01  0.1337E+02
  -5.800  0.5101E+01  0.1343E+02
  -5.790  0.4234E+01  0.1347E+02
  -5.780  0.4787E+01  0.1352E+02
  -5.770  0.3564E+01  0.1356E+02
  -5.760  0.3632E+01  0.1359E+02
  -5.750  0.3664E+01  0.1363E+02
  -5.740  0.3768E+01  0.1367E+02
  -5.730  0.4272E+01  0.1371E+02
  -5.720  0.4779E+01  0.1375E+02
  -5.710  0.4254E+01  0.1380E+02
  -5.700  0.4314E+01  0.1384E+02
  -5.690  0.4518E+01  0.1389E+02
  -5.680  0.4818E+01  0.1393E+02
  -5.670  0.5690E+01  0.1398E+02
  -5.660  0.5350E+01  0.1405E+02
  -5.650  0.4691E+01  0.1410E+02
  -5.640  0.4327E+01  0.1414E+02
  -5.630  0.4233E+01  0.1419E+02
  -5.620  0.4196E+01  0.1423E+02
  -5.610  0.3719E+01  0.1427E+02
  -5.600  0.3911E+01  0.1431E+02
  -5.590  0.3185E+01  0.1434E+02
  -5.580  0.1549E+01  0.1436E+02
  -5.570  0.1560E+01  0.1438E+02
  -5.560  0.1582E+01  0.1439E+02
  -5.550  0.1677E+01  0.1441E+02
  -5.540  0.1701E+01  0.1443E+02
  -5.530  0.1722E+01  0.1444E+02
  -5.520  0.1871E+01  0.1446E+02
  -5.510  0.1938E+01  0.1448E+02
  -5.500  0.2122E+01  0.1450E+02
  -5.490  0.2346E+01  0.1452E+02
  -5.480  0.2664E+01  0.1455E+02
  -5.470  0.2247E+01  0.1458E+02
  -5.460  0.1923E+01  0.1460E+02
  -5.450  0.1772E+01  0.1462E+02
  -5.440  0.1700E+01  0.1463E+02
  -5.430  0.1638E+01  0.1465E+02
  -5.420  0.1577E+01  0.1467E+02
  -5.410  0.1523E+01  0.1468E+02
  -5.400  0.1473E+01  0.1470E+02
  -5.390  0.1424E+01  0.1471E+02
  -5.380  0.1383E+01  0.1472E+02
  -5.370  0.1344E+01  0.1474E+02
  -5.360  0.1307E+01  0.1475E+02
  -5.350  0.1273E+01  0.1476E+02
  -5.340  0.1239E+01  0.1478E+02
  -5.330  0.1202E+01  0.1479E+02
  -5.320  0.1241E+01  0.1480E+02
  -5.310  0.1181E+01  0.1481E+02
  -5.300  0.1121E+01  0.1482E+02
  -5.290  0.1062E+01  0.1484E+02
  -5.280  0.1003E+01  0.1485E+02
  -5.270  0.9547E+00  0.1486E+02
  -5.260  0.9410E+00  0.1487E+02
  -5.250  0.9277E+00  0.1487E+02
  -5.240  0.9143E+00  0.1488E+02
  -5.230  0.9020E+00  0.1489E+02
  -5.220  0.8900E+00  0.1490E+02
  -5.210  0.8780E+00  0.1491E+02
  -5.200  0.8660E+00  0.1492E+02
  -5.190  0.8538E+00  0.1493E+02
  -5.180  0.8404E+00  0.1494E+02
  -5.170  0.8266E+00  0.1494E+02
  -5.160  0.8182E+00  0.1495E+02
  -5.150  0.8099E+00  0.1496E+02
  -5.140  0.8016E+00  0.1497E+02
  -5.130  0.7933E+00  0.1498E+02
  -5.120  0.7857E+00  0.1499E+02
  -5.110  0.7784E+00  0.1499E+02
  -5.100  0.7712E+00  0.1500E+02
  -5.090  0.7638E+00  0.1501E+02
  -5.080  0.7566E+00  0.1502E+02
  -5.070  0.7495E+00  0.1502E+02
  -5.060  0.7426E+00  0.1503E+02
  -5.050  0.7357E+00  0.1504E+02
  -5.040  0.7289E+00  0.1505E+02
  -5.030  0.7217E+00  0.1505E+02
  -5.020  0.7141E+00  0.1506E+02
  -5.010  0.7045E+00  0.1507E+02
  -5.000  0.6991E+00  0.1507E+02
  -4.990  0.6941E+00  0.1508E+02
  -4.980  0.6891E+00  0.1509E+02
  -4.970  0.6841E+00  0.1510E+02
  -4.960  0.6792E+00  0.1510E+02
  -4.950  0.6742E+00  0.1511E+02
  -4.940  0.6694E+00  0.1512E+02
  -4.930  0.6647E+00  0.1512E+02
  -4.920  0.6603E+00  0.1513E+02
  -4.910  0.6558E+00  0.1514E+02
  -4.900  0.6514E+00  0.1514E+02
  -4.890  0.6467E+00  0.1515E+02
  -4.880  0.6420E+00  0.1515E+02
  -4.870  0.6373E+00  0.1516E+02
  -4.860  0.6327E+00  0.1517E+02
  -4.850  0.6276E+00  0.1517E+02
  -4.840  0.6219E+00  0.1518E+02
  -4.830  0.6182E+00  0.1519E+02
  -4.820  0.6146E+00  0.1519E+02
  -4.810  0.6109E+00  0.1520E+02
  -4.800  0.6073E+00  0.1520E+02
  -4.790  0.6040E+00  0.1521E+02
  -4.780  0.6009E+00  0.1522E+02
  -4.770  0.5978E+00  0.1522E+02
  -4.760  0.5945E+00  0.1523E+02
  -4.750  0.5913E+00  0.1523E+02
  -4.740  0.6174E+00  0.1524E+02
  -4.730  0.2692E+01  0.1526E+02
  -4.720  0.2926E+01  0.1529E+02
  -4.710  0.3054E+01  0.1532E+02
  -4.700  0.3084E+01  0.1535E+02
  -4.690  0.3103E+01  0.1538E+02
  -4.680  0.3247E+01  0.1541E+02
  -4.670  0.3197E+01  0.1544E+02
  -4.660  0.3272E+01  0.1548E+02
  -4.650  0.3414E+01  0.1551E+02
  -4.640  0.3409E+01  0.1554E+02
  -4.630  0.3556E+01  0.1558E+02
  -4.620  0.3693E+01  0.1561E+02
  -4.610  0.3826E+01  0.1565E+02
  -4.600  0.4003E+01  0.1569E+02
  -4.590  0.4113E+01  0.1573E+02
  -4.580  0.4453E+01  0.1577E+02
  -4.570  0.5049E+01  0.1582E+02
  -4.560  0.5899E+01  0.1588E+02
  -4.550  0.6298E+01  0.1594E+02
  -4.540  0.6900E+01  0.1601E+02
  -4.530  0.6199E+01  0.1607E+02
  -4.520  0.5331E+01  0.1613E+02
  -4.510  0.5752E+01  0.1619E+02
  -4.500  0.5983E+01  0.1625E+02
  -4.490  0.6504E+01  0.1631E+02
  -4.480  0.6134E+01  0.1637E+02
  -4.470  0.6396E+01  0.1643E+02
  -4.460  0.5191E+01  0.1650E+02
  -4.450  0.5155E+01  0.1655E+02
  -4.440  0.5110E+01  0.1660E+02
  -4.430  0.4620E+01  0.1665E+02
  -4.420  0.4317E+01  0.1670E+02
  -4.410  0.3965E+01  0.1674E+02
  -4.400  0.3787E+01  0.1678E+02
  -4.390  0.3602E+01  0.1681E+02
  -4.380  0.3399E+01  0.1685E+02
  -4.370  0.3185E+01  0.1688E+02
  -4.360  0.3079E+01  0.1691E+02
  -4.350  0.2970E+01  0.1694E+02
  -4.340  0.2875E+01  0.1697E+02
  -4.330  0.2785E+01  0.1700E+02
  -4.320  0.2732E+01  0.1703E+02
  -4.310  0.2604E+01  0.1705E+02
  -4.300  0.2495E+01  0.1708E+02
  -4.290  0.2426E+01  0.1710E+02
  -4.280  0.2323E+01  0.1713E+02
  -4.270  0.2528E+01  0.1715E+02
  -4.260  0.2024E+01  0.1718E+02
  -4.250  0.1020E+01  0.1719E+02
  -4.240  0.1009E+01  0.1720E+02
  -4.230  0.9977E+00  0.1721E+02
  -4.220  0.9862E+00  0.1722E+02
  -4.210  0.9730E+00  0.1723E+02
  -4.200  0.9753E+00  0.1724E+02
  -4.190  0.1473E+01  0.1725E+02
  -4.180  0.1322E+01  0.1727E+02
  -4.170  0.1282E+01  0.1728E+02
  -4.160  0.1305E+01  0.1729E+02
  -4.150  0.1340E+01  0.1730E+02
  -4.140  0.1374E+01  0.1732E+02
  -4.130  0.1261E+01  0.1733E+02
  -4.120  0.1214E+01  0.1734E+02
  -4.110  0.1204E+01  0.1736E+02
  -4.100  0.1198E+01  0.1737E+02
  -4.090  0.1190E+01  0.1738E+02
  -4.080  0.1181E+01  0.1739E+02
  -4.070  0.1179E+01  0.1740E+02
  -4.060  0.1182E+01  0.1742E+02
  -4.050  0.1186E+01  0.1743E+02
  -4.040  0.1190E+01  0.1744E+02
  -4.030  0.1153E+01  0.1745E+02
  -4.020  0.1131E+01  0.1746E+02
  -4.010  0.1114E+01  0.1747E+02
  -4.000  0.1108E+01  0.1748E+02
  -3.990  0.3382E+01  0.1751E+02
  -3.980  0.3129E+01  0.1754E+02
  -3.970  0.3237E+01  0.1757E+02
  -3.960  0.3287E+01  0.1761E+02
  -3.950  0.3341E+01  0.1764E+02
  -3.940  0.3374E+01  0.1767E+02
  -3.930  0.3470E+01  0.1771E+02
  -3.920  0.3720E+01  0.1774E+02
  -3.910  0.3698E+01  0.1778E+02
  -3.900  0.3790E+01  0.1782E+02
  -3.890  0.3977E+01  0.1786E+02
  -3.880  0.4085E+01  0.1790E+02
  -3.870  0.4545E+01  0.1794E+02
  -3.860  0.4947E+01  0.1799E+02
  -3.850  0.5299E+01  0.1804E+02
  -3.840  0.6366E+01  0.1810E+02
  -3.830  0.9246E+01  0.1817E+02
  -3.820  0.9408E+01  0.1829E+02
  -3.810  0.7825E+01  0.1837E+02
  -3.800  0.7850E+01  0.1846E+02
  -3.790  0.6009E+01  0.1852E+02
  -3.780  0.5412E+01  0.1858E+02
  -3.770  0.4727E+01  0.1863E+02
  -3.760  0.4503E+01  0.1868E+02
  -3.750  0.4096E+01  0.1872E+02
  -3.740  0.3753E+01  0.1876E+02
  -3.730  0.3620E+01  0.1880E+02
  -3.720  0.3394E+01  0.1883E+02
  -3.710  0.3007E+01  0.1886E+02
  -3.700  0.3061E+01  0.1889E+02
  -3.690  0.3200E+01  0.1893E+02
  -3.680  0.5808E+01  0.1896E+02
  -3.670  0.3323E+01  0.1900E+02
  -3.660  0.2946E+01  0.1903E+02
  -3.650  0.2861E+01  0.1906E+02
  -3.640  0.2803E+01  0.1909E+02
  -3.630  0.2729E+01  0.1912E+02
  -3.620  0.2655E+01  0.1914E+02
  -3.610  0.2578E+01  0.1917E+02
  -3.600  0.2506E+01  0.1920E+02
  -3.590  0.2477E+01  0.1922E+02
  -3.580  0.2397E+01  0.1925E+02
  -3.570  0.2319E+01  0.1927E+02
  -3.560  0.2243E+01  0.1929E+02
  -3.550  0.1841E+01  0.1931E+02
  -3.540  0.1803E+01  0.1933E+02
  -3.530  0.1778E+01  0.1935E+02
  -3.520  0.1764E+01  0.1937E+02
  -3.510  0.1749E+01  0.1938E+02
  -3.500  0.1736E+01  0.1940E+02
  -3.490  0.1714E+01  0.1942E+02
  -3.480  0.1698E+01  0.1944E+02
  -3.470  0.1671E+01  0.1945E+02
  -3.460  0.1641E+01  0.1947E+02
  -3.450  0.1629E+01  0.1949E+02
  -3.440  0.1617E+01  0.1950E+02
  -3.430  0.1605E+01  0.1952E+02
  -3.420  0.1596E+01  0.1953E+02
  -3.410  0.1597E+01  0.1955E+02
  -3.400  0.1583E+01  0.1957E+02
  -3.390  0.1562E+01  0.1958E+02
  -3.380  0.1539E+01  0.1960E+02
  -3.370  0.1522E+01  0.1961E+02
  -3.360  0.1514E+01  0.1963E+02
  -3.350  0.1508E+01  0.1964E+02
  -3.340  0.1502E+01  0.1966E+02
  -3.330  0.1504E+01  0.1967E+02
  -3.320  0.1490E+01  0.1969E+02
  -3.310  0.1476E+01  0.1970E+02
  -3.300  0.1457E+01  0.1972E+02
  -3.290  0.1450E+01  0.1973E+02
  -3.280  0.1464E+01  0.1975E+02
  -3.270  0.1446E+01  0.1976E+02
  -3.260  0.1423E+01  0.1978E+02
  -3.250  0.1401E+01  0.1979E+02
  -3.240  0.1381E+01  0.1980E+02
  -3.230  0.1493E+01  0.1982E+02
  -3.220  0.1637E+01  0.1983E+02
  -3.210  0.1686E+01  0.1985E+02
  -3.200  0.1639E+01  0.1987E+02
  -3.190  0.1663E+01  0.1988E+02
  -3.180  0.1643E+01  0.1990E+02
  -3.170  0.1650E+01  0.1992E+02
  -3.160  0.1677E+01  0.1993E+02
  -3.150  0.1701E+01  0.1995E+02
  -3.140  0.1690E+01  0.1997E+02
  -3.130  0.1721E+01  0.1998E+02
  -3.120  0.1990E+01  0.2000E+02
  -3.110  0.2328E+01  0.2002E+02
  -3.100  0.1724E+01  0.2005E+02
  -3.090  0.9526E+00  0.2006E+02
  -3.080  0.9524E+00  0.2007E+02
  -3.070  0.9530E+00  0.2008E+02
  -3.060  0.9978E+00  0.2009E+02
  -3.050  0.1245E+01  0.2010E+02
  -3.040  0.1821E+01  0.2012E+02
  -3.030  0.2362E+01  0.2014E+02
  -3.020  0.1818E+01  0.2016E+02
  -3.010  0.1778E+01  0.2018E+02
  -3.000  0.1738E+01  0.2019E+02
  -2.990  0.1699E+01  0.2021E+02
  -2.980  0.1642E+01  0.2023E+02
  -2.970  0.1650E+01  0.2024E+02
  -2.960  0.1672E+01  0.2026E+02
  -2.950  0.1685E+01  0.2028E+02
  -2.940  0.1696E+01  0.2029E+02
  -2.930  0.1707E+01  0.2031E+02
  -2.920  0.1718E+01  0.2033E+02
  -2.910  0.1730E+01  0.2035E+02
  -2.900  0.1742E+01  0.2036E+02
  -2.890  0.1754E+01  0.2038E+02
  -2.880  0.1766E+01  0.2040E+02
  -2.870  0.1775E+01  0.2042E+02
  -2.860  0.1777E+01  0.2043E+02
  -2.850  0.1647E+01  0.2045E+02
  -2.840  0.1498E+01  0.2047E+02
  -2.830  0.1433E+01  0.2048E+02
  -2.820  0.1778E+01  0.2050E+02
  -2.810  0.1903E+01  0.2052E+02
  -2.800  0.2114E+01  0.2054E+02
  -2.790  0.2329E+01  0.2056E+02
  -2.780  0.2357E+01  0.2058E+02
  -2.770  0.2078E+01  0.2060E+02
  -2.760  0.2175E+01  0.2062E+02
  -2.750  0.2322E+01  0.2065E+02
  -2.740  0.2413E+01  0.2067E+02
  -2.730  0.2498E+01  0.2070E+02
  -2.720  0.2549E+01  0.2072E+02
  -2.710  0.2516E+01  0.2075E+02
  -2.700  0.2546E+01  0.2077E+02
  -2.690  0.2581E+01  0.2080E+02
  -2.680  0.2596E+01  0.2082E+02
  -2.670  0.2612E+01  0.2085E+02
  -2.660  0.2652E+01  0.2088E+02
  -2.650  0.2763E+01  0.2090E+02
  -2.640  0.2864E+01  0.2093E+02
  -2.630  0.2938E+01  0.2096E+02
  -2.620  0.2998E+01  0.2099E+02
  -2.610  0.3114E+01  0.2102E+02
  -2.600  0.3190E+01  0.2105E+02
  -2.590  0.3433E+01  0.2108E+02
  -2.580  0.3815E+01  0.2112E+02
  -2.570  0.3985E+01  0.2116E+02
  -2.560  0.4643E+01  0.2121E+02
  -2.550  0.7427E+01  0.2127E+02
  -2.540  0.8271E+01  0.2135E+02
  -2.530  0.7222E+01  0.2144E+02
  -2.520  0.6148E+01  0.2151E+02
  -2.510  0.5502E+01  0.2157E+02
  -2.500  0.4881E+01  0.2162E+02
  -2.490  0.4663E+01  0.2167E+02
  -2.480  0.4453E+01  0.2171E+02
  -2.470  0.4025E+01  0.2176E+02
  -2.460  0.3898E+01  0.2180E+02
  -2.450  0.3841E+01  0.2183E+02
  -2.440  0.3799E+01  0.2187E+02
  -2.430  0.3693E+01  0.2191E+02
  -2.420  0.3595E+01  0.2195E+02
  -2.410  0.3586E+01  0.2198E+02
  -2.400  0.3583E+01  0.2202E+02
  -2.390  0.3573E+01  0.2205E+02
  -2.380  0.3676E+01  0.2209E+02
  -2.370  0.3368E+01  0.2213E+02
  -2.360  0.3092E+01  0.2216E+02
  -2.350  0.3036E+01  0.2219E+02
  -2.340  0.2980E+01  0.2222E+02
  -2.330  0.2949E+01  0.2225E+02
  -2.320  0.2894E+01  0.2228E+02
  -2.310  0.2815E+01  0.2231E+02
  -2.300  0.3202E+01  0.2234E+02
  -2.290  0.2754E+01  0.2237E+02
  -2.280  0.2742E+01  0.2239E+02
  -2.270  0.2734E+01  0.2242E+02
  -2.260  0.2729E+01  0.2245E+02
  -2.250  0.2729E+01  0.2248E+02
  -2.240  0.2851E+01  0.2250E+02
  -2.230  0.2858E+01  0.2253E+02
  -2.220  0.2569E+01  0.2256E+02
  -2.210  0.2490E+01  0.2258E+02
  -2.200  0.2468E+01  0.2261E+02
  -2.190  0.2466E+01  0.2263E+02
  -2.180  0.2422E+01  0.2266E+02
  -2.170  0.1750E+01  0.2268E+02
  -2.160  0.2028E+01  0.2270E+02
  -2.150  0.2400E+01  0.2272E+02
  -2.140  0.2554E+01  0.2274E+02
  -2.130  0.2577E+01  0.2277E+02
  -2.120  0.2524E+01  0.2280E+02
  -2.110  0.2294E+01  0.2282E+02
  -2.100  0.2297E+01  0.2284E+02
  -2.090  0.2151E+01  0.2287E+02
  -2.080  0.2130E+01  0.2289E+02
  -2.070  0.2084E+01  0.2291E+02
  -2.060  0.2069E+01  0.2293E+02
  -2.050  0.2051E+01  0.2295E+02
  -2.040  0.2034E+01  0.2297E+02
  -2.030  0.2031E+01  0.2299E+02
  -2.020  0.2027E+01  0.2301E+02
  -2.010  0.2022E+01  0.2303E+02
  -2.000  0.2019E+01  0.2305E+02
  -1.990  0.2017E+01  0.2307E+02
  -1.980  0.2014E+01  0.2309E+02
  -1.970  0.2011E+01  0.2311E+02
  -1.960  0.1997E+01  0.2313E+02
  -1.950  0.1996E+01  0.2315E+02
  -1.940  0.1995E+01  0.2317E+02
  -1.930  0.1999E+01  0.2319E+02
  -1.920  0.2018E+01  0.2321E+02
  -1.910  0.2023E+01  0.2323E+02
  -1.900  0.2027E+01  0.2325E+02
  -1.890  0.2030E+01  0.2327E+02
  -1.880  0.2026E+01  0.2329E+02
  -1.870  0.2031E+01  0.2331E+02
  -1.860  0.2039E+01  0.2333E+02
  -1.850  0.2062E+01  0.2335E+02
  -1.840  0.2097E+01  0.2337E+02
  -1.830  0.2114E+01  0.2340E+02
  -1.820  0.2132E+01  0.2342E+02
  -1.810  0.2151E+01  0.2344E+02
  -1.800  0.2171E+01  0.2346E+02
  -1.790  0.2204E+01  0.2348E+02
  -1.780  0.2281E+01  0.2350E+02
  -1.770  0.2395E+01  0.2353E+02
  -1.760  0.2475E+01  0.2355E+02
  -1.750  0.2540E+01  0.2358E+02
  -1.740  0.2669E+01  0.2360E+02
  -1.730  0.2882E+01  0.2363E+02
  -1.720  0.3634E+01  0.2366E+02
  -1.710  0.3421E+01  0.2370E+02
  -1.700  0.2806E+01  0.2373E+02
  -1.690  0.2716E+01  0.2376E+02
  -1.680  0.2566E+01  0.2378E+02
  -1.670  0.2401E+01  0.2381E+02
  -1.660  0.2350E+01  0.2383E+02
  -1.650  0.2319E+01  0.2385E+02
  -1.640  0.2379E+01  0.2388E+02
  -1.630  0.2855E+01  0.2390E+02
  -1.620  0.3279E+01  0.2393E+02
  -1.610  0.3013E+01  0.2397E+02
  -1.600  0.3326E+01  0.2400E+02
  -1.590  0.2828E+01  0.2403E+02
  -1.580  0.1236E+01  0.2406E+02
  -1.570  0.1307E+01  0.2407E+02
  -1.560  0.1397E+01  0.2408E+02
  -1.550  0.1487E+01  0.2410E+02
  -1.540  0.1554E+01  0.2411E+02
  -1.530  0.1745E+01  0.2413E+02
  -1.520  0.1844E+01  0.2415E+02
  -1.510  0.1955E+01  0.2416E+02
  -1.500  0.2248E+01  0.2419E+02
  -1.490  0.2406E+01  0.2421E+02
  -1.480  0.2819E+01  0.2423E+02
  -1.470  0.3162E+01  0.2427E+02
  -1.460  0.4177E+01  0.2430E+02
  -1.450  0.6381E+01  0.2436E+02
  -1.440  0.3965E+01  0.2441E+02
  -1.430  0.3855E+01  0.2445E+02
  -1.420  0.3327E+01  0.2448E+02
  -1.410  0.3192E+01  0.2451E+02
  -1.400  0.3078E+01  0.2455E+02
  -1.390  0.3074E+01  0.2458E+02
  -1.380  0.2868E+01  0.2461E+02
  -1.370  0.2816E+01  0.2463E+02
  -1.360  0.2793E+01  0.2466E+02
  -1.350  0.2742E+01  0.2469E+02
  -1.340  0.2675E+01  0.2472E+02
  -1.330  0.2694E+01  0.2474E+02
  -1.320  0.2690E+01  0.2477E+02
  -1.310  0.2701E+01  0.2480E+02
  -1.300  0.2780E+01  0.2482E+02
  -1.290  0.2944E+01  0.2485E+02
  -1.280  0.2842E+01  0.2488E+02
  -1.270  0.2729E+01  0.2491E+02
  -1.260  0.2555E+01  0.2494E+02
  -1.250  0.2535E+01  0.2496E+02
  -1.240  0.2517E+01  0.2499E+02
  -1.230  0.2499E+01  0.2501E+02
  -1.220  0.2447E+01  0.2504E+02
  -1.210  0.2413E+01  0.2506E+02
  -1.200  0.2382E+01  0.2509E+02
  -1.190  0.2359E+01  0.2511E+02
  -1.180  0.2350E+01  0.2513E+02
  -1.170  0.2334E+01  0.2516E+02
  -1.160  0.2321E+01  0.2518E+02
  -1.150  0.2286E+01  0.2520E+02
  -1.140  0.2268E+01  0.2523E+02
  -1.130  0.2255E+01  0.2525E+02
  -1.120  0.2254E+01  0.2527E+02
  -1.110  0.2229E+01  0.2529E+02
  -1.100  0.2213E+01  0.2532E+02
  -1.090  0.2192E+01  0.2534E+02
  -1.080  0.2172E+01  0.2536E+02
  -1.070  0.2143E+01  0.2538E+02
  -1.060  0.2129E+01  0.2540E+02
  -1.050  0.2093E+01  0.2542E+02
  -1.040  0.2059E+01  0.2544E+02
  -1.030  0.2016E+01  0.2546E+02
  -1.020  0.1981E+01  0.2548E+02
  -1.010  0.1956E+01  0.2550E+02
  -1.000  0.1924E+01  0.2552E+02
  -0.990  0.1842E+01  0.2554E+02
  -0.980  0.1808E+01  0.2556E+02
  -0.970  0.1777E+01  0.2558E+02
  -0.960  0.1710E+01  0.2560E+02
  -0.950  0.1677E+01  0.2561E+02
  -0.940  0.1656E+01  0.2563E+02
  -0.930  0.1621E+01  0.2565E+02
  -0.920  0.1549E+01  0.2566E+02
  -0.910  0.1536E+01  0.2568E+02
  -0.900  0.1519E+01  0.2569E+02
  -0.890  0.1500E+01  0.2571E+02
  -0.880  0.1472E+01  0.2572E+02
  -0.870  0.1439E+01  0.2574E+02
  -0.860  0.1422E+01  0.2575E+02
  -0.850  0.1410E+01  0.2577E+02
  -0.840  0.1402E+01  0.2578E+02
  -0.830  0.1411E+01  0.2579E+02
  -0.820  0.1398E+01  0.2581E+02
  -0.810  0.1379E+01  0.2582E+02
  -0.800  0.1379E+01  0.2584E+02
  -0.790  0.1423E+01  0.2585E+02
  -0.780  0.1388E+01  0.2586E+02
  -0.770  0.1386E+01  0.2588E+02
  -0.760  0.1451E+01  0.2589E+02
  -0.750  0.1466E+01  0.2591E+02
  -0.740  0.1467E+01  0.2592E+02
  -0.730  0.1529E+01  0.2594E+02
  -0.720  0.1683E+01  0.2595E+02
  -0.710  0.1789E+01  0.2597E+02
  -0.700  0.5032E+00  0.2598E+02
  -0.690  0.4623E+00  0.2599E+02
  -0.680  0.4201E+00  0.2599E+02
  -0.670  0.3779E+00  0.2599E+02
  -0.660  0.3060E+00  0.2600E+02
  -0.650  0.0000E+00  0.2600E+02
  -0.640  0.0000E+00  0.2600E+02
  -0.630  0.0000E+00  0.2600E+02
  -0.620  0.0000E+00  0.2600E+02
  -0.610  0.0000E+00  0.2600E+02
  -0.600  0.0000E+00  0.2600E+02
  -0.590  0.0000E+00  0.2600E+02
  -0.580  0.0000E+00  0.2600E+02
  -0.570  0.0000E+00  0.2600E+02
  -0.560  0.0000E+00  0.2600E+02
  -0.550  0.0000E+00  0.2600E+02
  -0.540  0.0000E+00  0.2600E+02
  -0.530  0.0000E+00  0.2600E+02
  -0.520  0.0000E+00  0.2600E+02
  -0.510  0.0000E+00  0.2600E+02
  -0.500  0.0000E+00  0.2600E+02
  -0.490  0.0000E+00  0.2600E+02
  -0.480  0.0000E+00  0.2600E+02
  -0.470  0.0000E+00  0.2600E+02
  -0.460  0.0000E+00  0.2600E+02
  -0.450  0.0000E+00  0.2600E+02
  -0.440  0.0000E+00  0.2600E+02
  -0.430  0.0000E+00  0.2600E+02
  -0.420  0.0000E+00  0.2600E+02
  -0.410  0.0000E+00  0.2600E+02
  -0.400  0.0000E+00  0.2600E+02
  -0.390  0.0000E+00  0.2600E+02
  -0.380  0.0000E+00  0.2600E+02
  -0.370  0.0000E+00  0.2600E+02
  -0.360  0.0000E+00  0.2600E+02
  -0.350  0.0000E+00  0.2600E+02
  -0.340  0.0000E+00  0.2600E+02
  -0.330  0.0000E+00  0.2600E+02
  -0.320  0.0000E+00  0.2600E+02
  -0.310  0.0000E+00  0.2600E+02
  -0.300  0.0000E+00  0.2600E+02
  -0.290  0.0000E+00  0.2600E+02
  -0.280  0.0000E+00  0.2600E+02
  -0.270  0.0000E+00  0.2600E+02
  -0.260  0.0000E+00  0.2600E+02
  -0.250  0.0000E+00  0.2600E+02
  -0.240  0.0000E+00  0.2600E+02
  -0.230  0.0000E+00  0.2600E+02
  -0.220  0.0000E+00  0.2600E+02
  -0.210  0.0000E+00  0.2600E+02
  -0.200  0.0000E+00  0.2600E+02
  -0.190  0.0000E+00  0.2600E+02
  -0.180  0.0000E+00  0.2600E+02
  -0.170  0.0000E+00  0.2600E+02
  -0.160  0.0000E+00  0.2600E+02
  -0.150  0.0000E+00  0.2600E+02
  -0.140  0.0000E+00  0.2600E+02
  -0.130  0.0000E+00  0.2600E+02
  -0.120  0.0000E+00  0.2600E+02
  -0.110  0.0000E+00  0.2600E+02
  -0.100  0.0000E+00  0.2600E+02
  -0.090  0.0000E+00  0.2600E+02
  -0.080  0.0000E+00  0.2600E+02
  -0.070  0.0000E+00  0.2600E+02
  -0.060  0.0000E+00  0.2600E+02
  -0.050  0.0000E+00  0.2600E+02
  -0.040  0.0000E+00  0.2600E+02
  -0.030  0.0000E+00  0.2600E+02
  -0.020  0.0000E+00  0.2600E+02
  -0.010  0.0000E+00  0.2600E+02
   0.000  0.0000E+00  0.2600E+02
   0.010  0.0000E+00  0.2600E+02
   0.020  0.0000E+00  0.2600E+02
   0.030  0.0000E+00  0.2600E+02
   0.040  0.0000E+00  0.2600E+02
   0.050  0.0000E+00  0.2600E+02
   0.060  0.0000E+00  0.2600E+02
   0.070  0.0000E+00  0.2600E+02
   0.080  0.0000E+00  0.2600E+02
   0.090  0.0000E+00  0.2600E+02
   0.100  0.0000E+00  0.2600E+02
   0.110  0.0000E+00  0.2600E+02
   0.120  0.0000E+00  0.2600E+02
   0.130  0.0000E+00  0.2600E+02
   0.140  0.0000E+00  0.2600E+02
   0.150  0.0000E+00  0.2600E+02
   0.160  0.0000E+00  0.2600E+02
   0.170  0.0000E+00  0.2600E+02
   0.180  0.0000E+00  0.2600E+02
   0.190  0.0000E+00  0.2600E+02
   0.200  0.0000E+00  0.2600E+02
   0.210  0.0000E+00  0.2600E+02
   0.220  0.0000E+00  0.2600E+02
   0.230  0.0000E+00  0.2600E+02
   0.240  0.0000E+00  0.2600E+02
   0.250  0.0000E+00  0.2600E+02
   0.260  0.0000E+00  0.2600E+02
   0.270  0.0000E+00  0.2600E+02
   0.280  0.0000E+00  0.2600E+02
   0.290  0.0000E+00  0.2600E+02
   0.300  0.0000E+00  0.2600E+02
   0.310  0.0000E+00  0.2600E+02
   0.320  0.0000E+00  0.2600E+02
   0.330  0.0000E+00  0.2600E+02
   0.340  0.0000E+00  0.2600E+02
   0.350  0.0000E+00  0.2600E+02
   0.360  0.0000E+00  0.2600E+02
   0.370  0.0000E+00  0.2600E+02
   0.380  0.0000E+00  0.2600E+02
   0.390  0.0000E+00  0.2600E+02
   0.400  0.0000E+00  0.2600E+02
   0.410  0.0000E+00  0.2600E+02
   0.420  0.0000E+00  0.2600E+02
   0.430  0.0000E+00  0.2600E+02
   0.440  0.0000E+00  0.2600E+02
   0.450  0.0000E+00  0.2600E+02
   0.460  0.0000E+00  0.2600E+02
   0.470  0.0000E+00  0.2600E+02
   0.480  0.0000E+00  0.2600E+02
   0.490  0.0000E+00  0.2600E+02
   0.500  0.0000E+00  0.2600E+02
   0.510  0.0000E+00  0.2600E+02
   0.520  0.0000E+00  0.2600E+02
   0.530  0.0000E+00  0.2600E+02
   0.540  0.0000E+00  0.2600E+02
   0.550  0.0000E+00  0.2600E+02
   0.560  0.0000E+00  0.2600E+02
   0.570  0.0000E+00  0.2600E+02
   0.580  0.0000E+00  0.2600E+02
   0.590  0.0000E+00  0.2600E+02
   0.600  0.0000E+00  0.2600E+02
   0.610  0.0000E+00  0.2600E+02
   0.620  0.0000E+00  0.2600E+02
   0.630  0.0000E+00  0.2600E+02
   0.640  0.0000E+00  0.2600E+02
   0.650  0.0000E+00  0.2600E+02
   0.660  0.0000E+00  0.2600E+02
   0.670  0.0000E+00  0.2600E+02
   0.680  0.0000E+00  0.2600E+02
   0.690  0.0000E+00  0.2600E+02
   0.700  0.0000E+00  0.2600E+02
   0.710  0.0000E+00  0.2600E+02
   0.720  0.0000E+00  0.2600E+02
   0.730  0.0000E+00  0.2600E+02
   0.740  0.0000E+00  0.2600E+02
   0.750  0.0000E+00  0.2600E+02
   0.760  0.0000E+00  0.2600E+02
   0.770  0.0000E+00  0.2600E+02
   0.780  0.0000E+00  0.2600E+02
   0.790  0.0000E+00  0.2600E+02
   0.800  0.0000E+00  0.2600E+02
   0.810  0.0000E+00  0.2600E+02
   0.820  0.0000E+00  0.2600E+02
   0.830  0.0000E+00  0.2600E+02
   0.840  0.0000E+00  0.2600E+02
   0.850  0.0000E+00  0.2600E+02
   0.860  0.0000E+00  0.2600E+02
   0.870  0.0000E+00  0.2600E+02
   0.880  0.0000E+00  0.2600E+02
   0.890  0.0000E+00  0.2600E+02
   0.900  0.0000E+00  0.2600E+02
   0.910  0.0000E+00  0.2600E+02
   0.920  0.0000E+00  0.2600E+02
   0.930  0.0000E+00  0.2600E+02
   0.940  0.0000E+00  0.2600E+02
   0.950  0.0000E+00  0.2600E+02
   0.960  0.0000E+00  0.2600E+02
   0.970  0.0000E+00  0.2600E+02
   0.980  0.0000E+00  0.2600E+02
   0.990  0.0000E+00  0.2600E+02
   1.000  0.0000E+00  0.2600E+02
   1.010  0.0000E+00  0.2600E+02
   1.020  0.0000E+00  0.2600E+02
   1.030  0.0000E+00  0.2600E+02
   1.040  0.0000E+00  0.2600E+02
   1.050  0.0000E+00  0.2600E+02
   1.060  0.0000E+00  0.2600E+02
   1.070  0.0000E+00  0.2600E+02
   1.080  0.0000E+00  0.2600E+02
   1.090  0.3554E-01  0.2600E+02
   1.100  0.3411E+00  0.2600E+02
   1.110  0.3054E+00  0.2601E+02
   1.120  0.3350E+00  0.2601E+02
   1.130  0.3645E+00  0.2601E+02
   1.140  0.3941E+00  0.2602E+02
   1.150  0.3895E+00  0.2602E+02
   1.160  0.3721E+00  0.2602E+02
   1.170  0.3859E+00  0.2603E+02
   1.180  0.3998E+00  0.2603E+02
   1.190  0.4137E+00  0.2604E+02
   1.200  0.4276E+00  0.2604E+02
   1.210  0.4379E+00  0.2604E+02
   1.220  0.4375E+00  0.2605E+02
   1.230  0.4450E+00  0.2605E+02
   1.240  0.4540E+00  0.2606E+02
   1.250  0.4647E+00  0.2606E+02
   1.260  0.4755E+00  0.2607E+02
   1.270  0.4880E+00  0.2607E+02
   1.280  0.9738E+00  0.2608E+02
   1.290  0.2265E+01  0.2610E+02
   1.300  0.2419E+01  0.2612E+02
   1.310  0.2506E+01  0.2615E+02
   1.320  0.2481E+01  0.2617E+02
   1.330  0.2589E+01  0.2620E+02
   1.340  0.2628E+01  0.2622E+02
   1.350  0.2696E+01  0.2625E+02
   1.360  0.2742E+01  0.2628E+02
   1.370  0.2814E+01  0.2631E+02
   1.380  0.2919E+01  0.2633E+02
   1.390  0.2971E+01  0.2636E+02
   1.400  0.3056E+01  0.2639E+02
   1.410  0.3149E+01  0.2642E+02
   1.420  0.3264E+01  0.2646E+02
   1.430  0.3371E+01  0.2649E+02
   1.440  0.3515E+01  0.2652E+02
   1.450  0.3628E+01  0.2656E+02
   1.460  0.3795E+01  0.2660E+02
   1.470  0.3951E+01  0.2664E+02
   1.480  0.4290E+01  0.2668E+02
   1.490  0.4602E+01  0.2672E+02
   1.500  0.4836E+01  0.2677E+02
   1.510  0.6353E+01  0.2682E+02
   1.520  0.5361E+01  0.2688E+02
   1.530  0.5327E+01  0.2694E+02
   1.540  0.5390E+01  0.2699E+02
   1.550  0.5754E+01  0.2704E+02
   1.560  0.7452E+01  0.2711E+02
   1.570  0.6164E+01  0.2718E+02
   1.580  0.5744E+01  0.2724E+02
   1.590  0.6637E+01  0.2730E+02
   1.600  0.6818E+01  0.2737E+02
   1.610  0.5800E+01  0.2743E+02
   1.620  0.5609E+01  0.2749E+02
   1.630  0.5403E+01  0.2754E+02
   1.640  0.6351E+01  0.2760E+02
   1.650  0.6688E+01  0.2767E+02
   1.660  0.8274E+01  0.2775E+02
   1.670  0.1118E+01  0.2782E+02
   1.680  0.1244E+01  0.2783E+02
   1.690  0.1336E+01  0.2785E+02
   1.700  0.1524E+01  0.2786E+02
   1.710  0.1609E+01  0.2788E+02
   1.720  0.1695E+01  0.2789E+02
   1.730  0.1855E+01  0.2791E+02
   1.740  0.2020E+01  0.2793E+02
   1.750  0.2134E+01  0.2795E+02
   1.760  0.2259E+01  0.2797E+02
   1.770  0.2548E+01  0.2800E+02
   1.780  0.2760E+01  0.2802E+02
   1.790  0.2943E+01  0.2805E+02
   1.800  0.3375E+01  0.2808E+02
   1.810  0.3742E+01  0.2812E+02
   1.820  0.4522E+01  0.2816E+02
   1.830  0.5493E+01  0.2821E+02
   1.840  0.5577E+01  0.2828E+02
   1.850  0.4814E+01  0.2833E+02
   1.860  0.6733E+01  0.2838E+02
   1.870  0.5250E+01  0.2844E+02
   1.880  0.5191E+01  0.2849E+02
   1.890  0.5671E+01  0.2855E+02
   1.900  0.5627E+01  0.2861E+02
   1.910  0.5585E+01  0.2867E+02
   1.920  0.6023E+01  0.2872E+02
   1.930  0.5838E+01  0.2878E+02
   1.940  0.6740E+01  0.2884E+02
   1.950  0.6526E+01  0.2891E+02
   1.960  0.5737E+01  0.2897E+02
   1.970  0.4654E+01  0.2902E+02
   1.980  0.5134E+01  0.2907E+02
   1.990  0.4925E+01  0.2912E+02
   2.000  0.5000E+01  0.2917E+02
   2.010  0.4756E+01  0.2922E+02
   2.020  0.4570E+01  0.2927E+02
   2.030  0.4513E+01  0.2932E+02
   2.040  0.4289E+01  0.2936E+02
   2.050  0.4168E+01  0.2940E+02
   2.060  0.3979E+01  0.2944E+02
   2.070  0.3971E+01  0.2948E+02
   2.080  0.3982E+01  0.2952E+02
   2.090  0.4007E+01  0.2956E+02
   2.100  0.4018E+01  0.2960E+02
   2.110  0.3986E+01  0.2964E+02
   2.120  0.3991E+01  0.2968E+02
   2.130  0.3965E+01  0.2972E+02
   2.140  0.4068E+01  0.2976E+02
   2.150  0.4261E+01  0.2980E+02
   2.160  0.1194E+02  0.2985E+02
   2.170  0.4062E+01  0.2990E+02
   2.180  0.3795E+01  0.2993E+02
   2.190  0.3525E+01  0.2997E+02
   2.200  0.3495E+01  0.3001E+02
   2.210  0.3296E+01  0.3004E+02
   2.220  0.3404E+01  0.3007E+02
   2.230  0.3162E+01  0.3011E+02
   2.240  0.2859E+01  0.3014E+02
   2.250  0.2493E+01  0.3016E+02
   2.260  0.2797E+01  0.3019E+02
   2.270  0.3198E+01  0.3022E+02
   2.280  0.3306E+01  0.3025E+02
   2.290  0.2934E+01  0.3028E+02
   2.300  0.2410E+01  0.3031E+02
   2.310  0.2356E+01  0.3033E+02
   2.320  0.2860E+01  0.3036E+02
   2.330  0.3190E+01  0.3039E+02
   2.340  0.2864E+01  0.3042E+02
   2.350  0.2762E+01  0.3045E+02
   2.360  0.2744E+01  0.3047E+02
   2.370  0.2746E+01  0.3050E+02
   2.380  0.2795E+01  0.3053E+02
   2.390  0.2840E+01  0.3056E+02
   2.400  0.3062E+01  0.3059E+02
   2.410  0.3280E+01  0.3062E+02
   2.420  0.3328E+01  0.3065E+02
   2.430  0.3404E+01  0.3069E+02
   2.440  0.3656E+01  0.3072E+02
   2.450  0.3886E+01  0.3076E+02
   2.460  0.4046E+01  0.3080E+02
   2.470  0.4953E+01  0.3085E+02
   2.480  0.4081E+01  0.3090E+02
   2.490  0.3370E+01  0.3093E+02
   2.500  0.3052E+01  0.3096E+02
   2.510  0.2942E+01  0.3099E+02
   2.520  0.2830E+01  0.3102E+02
   2.530  0.2851E+01  0.3105E+02
   2.540  0.3028E+01  0.3108E+02
   2.550  0.2806E+01  0.3111E+02
   2.560  0.2775E+01  0.3114E+02
   2.570  0.2651E+01  0.3116E+02
   2.580  0.2467E+01  0.3119E+02
   2.590  0.2282E+01  0.3121E+02
   2.600  0.2102E+01  0.3124E+02
   2.610  0.1969E+01  0.3126E+02
   2.620  0.1958E+01  0.3128E+02
   2.630  0.2234E+01  0.3130E+02
   2.640  0.2344E+01  0.3132E+02
   2.650  0.2417E+01  0.3134E+02
   2.660  0.2341E+01  0.3137E+02
   2.670  0.2267E+01  0.3139E+02
   2.680  0.2189E+01  0.3141E+02
   2.690  0.2086E+01  0.3143E+02
   2.700  0.2066E+01  0.3146E+02
   2.710  0.2053E+01  0.3148E+02
   2.720  0.2040E+01  0.3150E+02
   2.730  0.2017E+01  0.3152E+02
   2.740  0.1979E+01  0.3154E+02
   2.750  0.1961E+01  0.3156E+02
   2.760  0.1943E+01  0.3158E+02
   2.770  0.1926E+01  0.3160E+02
   2.780  0.1911E+01  0.3161E+02
   2.790  0.1900E+01  0.3163E+02
   2.800  0.1888E+01  0.3165E+02
   2.810  0.1888E+01  0.3167E+02
   2.820  0.1867E+01  0.3169E+02
   2.830  0.1855E+01  0.3171E+02
   2.840  0.1850E+01  0.3173E+02
   2.850  0.1823E+01  0.3175E+02
   2.860  0.1802E+01  0.3176E+02
   2.870  0.1813E+01  0.3178E+02
   2.880  0.1824E+01  0.3180E+02
   2.890  0.1794E+01  0.3182E+02
   2.900  0.1760E+01  0.3184E+02
   2.910  0.1726E+01  0.3185E+02
   2.920  0.1809E+01  0.3187E+02
   2.930  0.1467E+01  0.3189E+02
   2.940  0.1402E+01  0.3190E+02
   2.950  0.1419E+01  0.3192E+02
   2.960  0.1411E+01  0.3193E+02
   2.970  0.1402E+01  0.3194E+02
   2.980  0.1391E+01  0.3196E+02
   2.990  0.1389E+01  0.3197E+02
   3.000  0.1387E+01  0.3199E+02
   3.010  0.1385E+01  0.3200E+02
   3.020  0.1386E+01  0.3201E+02
   3.030  0.1398E+01  0.3203E+02
   3.040  0.1414E+01  0.3204E+02
   3.050  0.1438E+01  0.3206E+02
   3.060  0.1431E+01  0.3207E+02
   3.070  0.1428E+01  0.3208E+02
   3.080  0.1428E+01  0.3210E+02
   3.090  0.1428E+01  0.3211E+02
   3.100  0.1432E+01  0.3213E+02
   3.110  0.1442E+01  0.3214E+02
   3.120  0.1457E+01  0.3216E+02
   3.130  0.1475E+01  0.3217E+02
   3.140  0.1524E+01  0.3219E+02
   3.150  0.1531E+01  0.3220E+02
   3.160  0.1541E+01  0.3222E+02
   3.170  0.1562E+01  0.3223E+02
   3.180  0.1584E+01  0.3225E+02
   3.190  0.1626E+01  0.3226E+02
   3.200  0.1669E+01  0.3228E+02
   3.210  0.1740E+01  0.3230E+02
   3.220  0.1857E+01  0.3232E+02
   3.230  0.1984E+01  0.3233E+02
   3.240  0.2476E+01  0.3236E+02
   3.250  0.2450E+01  0.3238E+02
   3.260  0.1826E+01  0.3240E+02
   3.270  0.1723E+01  0.3242E+02
   3.280  0.1483E+01  0.3244E+02
   3.290  0.1444E+01  0.3245E+02
   3.300  0.1400E+01  0.3246E+02
   3.310  0.1308E+01  0.3248E+02
   3.320  0.1275E+01  0.3249E+02
   3.330  0.9432E+00  0.3250E+02
   3.340  0.8152E+00  0.3251E+02
   3.350  0.8315E+00  0.3252E+02
   3.360  0.8461E+00  0.3253E+02
   3.370  0.8621E+00  0.3254E+02
   3.380  0.8793E+00  0.3254E+02
   3.390  0.8896E+00  0.3255E+02
   3.400  0.9256E+00  0.3256E+02
   3.410  0.9535E+00  0.3257E+02
   3.420  0.9764E+00  0.3258E+02
   3.430  0.9955E+00  0.3259E+02
   3.440  0.1014E+01  0.3260E+02
   3.450  0.1032E+01  0.3261E+02
   3.460  0.1077E+01  0.3262E+02
   3.470  0.1308E+01  0.3263E+02
   3.480  0.1511E+01  0.3265E+02
   3.490  0.1677E+01  0.3266E+02
   3.500  0.1808E+01  0.3268E+02
   3.510  0.1900E+01  0.3270E+02
   3.520  0.2067E+01  0.3272E+02
   3.530  0.2188E+01  0.3274E+02
   3.540  0.2346E+01  0.3276E+02
   3.550  0.2520E+01  0.3279E+02
   3.560  0.2650E+01  0.3281E+02
   3.570  0.2951E+01  0.3284E+02
   3.580  0.3371E+01  0.3287E+02
   3.590  0.3555E+01  0.3291E+02
   3.600  0.4355E+01  0.3295E+02
   3.610  0.5367E+01  0.3300E+02
   3.620  0.5348E+01  0.3306E+02
   3.630  0.4440E+01  0.3311E+02
   3.640  0.3861E+01  0.3315E+02
   3.650  0.3592E+01  0.3319E+02
   3.660  0.3440E+01  0.3322E+02
   3.670  0.3458E+01  0.3326E+02
   3.680  0.3126E+01  0.3329E+02
   3.690  0.2487E+01  0.3332E+02
   3.700  0.1992E+01  0.3334E+02
   3.710  0.1962E+01  0.3336E+02
   3.720  0.1905E+01  0.3338E+02
   3.730  0.1845E+01  0.3340E+02
   3.740  0.1824E+01  0.3341E+02
   3.750  0.1800E+01  0.3343E+02
   3.760  0.1776E+01  0.3345E+02
   3.770  0.1749E+01  0.3347E+02
   3.780  0.1698E+01  0.3349E+02
   3.790  0.1675E+01  0.3350E+02
   3.800  0.1654E+01  0.3352E+02
   3.810  0.1629E+01  0.3354E+02
   3.820  0.1604E+01  0.3355E+02
   3.830  0.1561E+01  0.3357E+02
   3.840  0.1528E+01  0.3358E+02
   3.850  0.1496E+01  0.3360E+02
   3.860  0.1461E+01  0.3361E+02
   3.870  0.1426E+01  0.3363E+02
   3.880  0.1394E+01  0.3364E+02
   3.890  0.1362E+01  0.3366E+02
   3.900  0.1344E+01  0.3367E+02
   3.910  0.1287E+01  0.3368E+02
   3.920  0.1256E+01  0.3369E+02
   3.930  0.1223E+01  0.3371E+02
   3.940  0.1184E+01  0.3372E+02
   3.950  0.1127E+01  0.3373E+02
   3.960  0.1104E+01  0.3374E+02
   3.970  0.1082E+01  0.3375E+02
   3.980  0.1060E+01  0.3376E+02
   3.990  0.1033E+01  0.3377E+02
   4.000  0.9948E+00  0.3378E+02
   4.010  0.9739E+00  0.3379E+02
   4.020  0.9488E+00  0.3380E+02
   4.030  0.9211E+00  0.3381E+02
   4.040  0.8750E+00  0.3382E+02
   4.050  0.8621E+00  0.3383E+02
   4.060  0.8495E+00  0.3384E+02
   4.070  0.8388E+00  0.3385E+02
   4.080  0.8383E+00  0.3386E+02
   4.090  0.7991E+00  0.3386E+02
   4.100  0.7809E+00  0.3387E+02
   4.110  0.7657E+00  0.3388E+02
   4.120  0.7490E+00  0.3389E+02
   4.130  0.7321E+00  0.3389E+02
   4.140  0.7095E+00  0.3390E+02
   4.150  0.7075E+00  0.3391E+02
   4.160  0.7150E+00  0.3392E+02
   4.170  0.6938E+00  0.3392E+02
   4.180  0.6726E+00  0.3393E+02
   4.190  0.6526E+00  0.3394E+02
   4.200  0.6398E+00  0.3394E+02
   4.210  0.6423E+00  0.3395E+02
   4.220  0.6554E+00  0.3396E+02
   4.230  0.6307E+00  0.3396E+02
   4.240  0.6053E+00  0.3397E+02
   4.250  0.5799E+00  0.3397E+02
   4.260  0.6373E+00  0.3398E+02
   4.270  0.5951E+00  0.3399E+02
   4.280  0.5229E+00  0.3399E+02
   4.290  0.5131E+00  0.3400E+02
   4.300  0.0000E+00  0.3400E+02
   4.310  0.0000E+00  0.3400E+02
   4.320  0.0000E+00  0.3400E+02
   4.330  0.0000E+00  0.3400E+02
   4.340  0.0000E+00  0.3400E+02
   4.350  0.0000E+00  0.3400E+02
   4.360  0.0000E+00  0.3400E+02
   4.370  0.0000E+00  0.3400E+02
   4.380  0.0000E+00  0.3400E+02
   4.390  0.0000E+00  0.3400E+02
   4.400  0.0000E+00  0.3400E+02
   4.410  0.0000E+00  0.3400E+02
   4.420  0.0000E+00  0.3400E+02
   4.430  0.0000E+00  0.3400E+02
   4.440  0.0000E+00  0.3400E+02
   4.450  0.0000E+00  0.3400E+02
   4.460  0.0000E+00  0.3400E+02
   4.470  0.0000E+00  0.3400E+02
   4.480  0.0000E+00  0.3400E+02
   4.490  0.0000E+00  0.3400E+02
   4.500  0.0000E+00  0.3400E+02
   4.510  0.0000E+00  0.3400E+02
   4.520  0.0000E+00  0.3400E+02
   4.530  0.0000E+00  0.3400E+02
   4.540  0.0000E+00  0.3400E+02
   4.550  0.0000E+00  0.3400E+02
   4.560  0.0000E+00  0.3400E+02
   4.570  0.0000E+00  0.3400E+02
   4.580  0.0000E+00  0.3400E+02
   4.590  0.0000E+00  0.3400E+02
   4.600  0.0000E+00  0.3400E+02
   4.610  0.0000E+00  0.3400E+02
   4.620  0.0000E+00  0.3400E+02
   4.630  0.0000E+00  0.3400E+02
   4.640  0.0000E+00  0.3400E+02
   4.650  0.0000E+00  0.3400E+02
   4.660  0.0000E+00  0.3400E+02
   4.670  0.0000E+00  0.3400E+02
   4.680  0.0000E+00  0.3400E+02
   4.690  0.0000E+00  0.3400E+02
   4.700  0.0000E+00  0.3400E+02
   4.710  0.0000E+00  0.3400E+02
   4.720  0.0000E+00  0.3400E+02
   4.730  0.0000E+00  0.3400E+02
   4.740  0.0000E+00  0.3400E+02
   4.750  0.0000E+00  0.3400E+02
   4.760  0.0000E+00  0.3400E+02
   4.770  0.0000E+00  0.3400E+02
   4.780  0.0000E+00  0.3400E+02
   4.790  0.0000E+00  0.3400E+02
   4.800  0.0000E+00  0.3400E+02
   4.810  0.0000E+00  0.3400E+02
   4.820  0.0000E+00  0.3400E+02
   4.830  0.0000E+00  0.3400E+02
   4.840  0.0000E+00  0.3400E+02
   4.850  0.0000E+00  0.3400E+02
   4.860  0.0000E+00  0.3400E+02
   4.870  0.0000E+00  0.3400E+02
   4.880  0.0000E+00  0.3400E+02
   4.890  0.0000E+00  0.3400E+02
   4.900  0.0000E+00  0.3400E+02
   4.910  0.0000E+00  0.3400E+02
   4.920  0.0000E+00  0.3400E+02
   4.930  0.0000E+00  0.3400E+02
   4.940  0.0000E+00  0.3400E+02
   4.950  0.0000E+00  0.3400E+02
   4.960  0.0000E+00  0.3400E+02
   4.970  0.0000E+00  0.3400E+02
   4.980  0.0000E+00  0.3400E+02
   4.990  0.0000E+00  0.3400E+02
   5.000  0.0000E+00  0.3400E+02
   5.010  0.0000E+00  0.3400E+02
   5.020  0.0000E+00  0.3400E+02
   5.030  0.0000E+00  0.3400E+02
   5.040  0.0000E+00  0.3400E+02
   5.050  0.0000E+00  0.3400E+02
   5.060  0.0000E+00  0.3400E+02
   5.070  0.0000E+00  0.3400E+02
   5.080  0.0000E+00  0.3400E+02
   5.090  0.0000E+00  0.3400E+02
   5.100  0.0000E+00  0.3400E+02
   5.110  0.0000E+00  0.3400E+02
   5.120  0.0000E+00  0.3400E+02
   5.130  0.0000E+00  0.3400E+02
   5.140  0.0000E+00  0.3400E+02
   5.150  0.0000E+00  0.3400E+02
   5.160  0.0000E+00  0.3400E+02
   5.170  0.0000E+00  0.3400E+02
   5.180  0.0000E+00  0.3400E+02
   5.190  0.0000E+00  0.3400E+02
   5.200  0.0000E+00  0.3400E+02
   5.210  0.0000E+00  0.3400E+02
   5.220  0.0000E+00  0.3400E+02
   5.230  0.0000E+00  0.3400E+02
   5.240  0.0000E+00  0.3400E+02
   5.250  0.0000E+00  0.3400E+02
   5.260  0.0000E+00  0.3400E+02
   5.270  0.0000E+00  0.3400E+02
   5.280  0.0000E+00  0.3400E+02
   5.290  0.0000E+00  0.3400E+02
   5.300  0.0000E+00  0.3400E+02
   5.310  0.0000E+00  0.3400E+02
   5.320  0.0000E+00  0.3400E+02
   5.330  0.0000E+00  0.3400E+02
   5.340  0.0000E+00  0.3400E+02
   5.350  0.0000E+00  0.3400E+02
   5.360  0.0000E+00  0.3400E+02
   5.370  0.0000E+00  0.3400E+02
   5.380  0.0000E+00  0.3400E+02
   5.390  0.0000E+00  0.3400E+02
   5.400  0.0000E+00  0.3400E+02
   5.410  0.0000E+00  0.3400E+02
   5.420  0.0000E+00  0.3400E+02
   5.430  0.0000E+00  0.3400E+02
   5.440  0.0000E+00  0.3400E+02
   5.450  0.0000E+00  0.3400E+02
   5.460  0.0000E+00  0.3400E+02
   5.470  0.0000E+00  0.3400E+02
   5.480  0.0000E+00  0.3400E+02
   5.490  0.0000E+00  0.3400E+02
   5.500  0.0000E+00  0.3400E+02
   5.510  0.0000E+00  0.3400E+02
   5.520  0.0000E+00  0.3400E+02
   5.530  0.0000E+00  0.3400E+02
   5.540  0.0000E+00  0.3400E+02
   5.550  0.0000E+00  0.3400E+02
   5.560  0.0000E+00  0.3400E+02
   5.570  0.0000E+00  0.3400E+02
   5.580  0.0000E+00  0.3400E+02
   5.590  0.0000E+00  0.3400E+02
   5.600  0.0000E+00  0.3400E+02
   5.610  0.0000E+00  0.3400E+02
   5.620  0.0000E+00  0.3400E+02
   5.630  0.0000E+00  0.3400E+02
   5.640  0.0000E+00  0.3400E+02
   5.650  0.0000E+00  0.3400E+02
   5.660  0.0000E+00  0.3400E+02
   5.670  0.0000E+00  0.3400E+02
   5.680  0.0000E+00  0.3400E+02
   5.690  0.0000E+00  0.3400E+02
   5.700  0.0000E+00  0.3400E+02
   5.710  0.0000E+00  0.3400E+02
   5.720  0.0000E+00  0.3400E+02
   5.730  0.0000E+00  0.3400E+02
   5.740  0.0000E+00  0.3400E+02
   5.750  0.0000E+00  0.3400E+02
   5.760  0.0000E+00  0.3400E+02
   5.770  0.0000E+00  0.3400E+02
   5.780  0.0000E+00  0.3400E+02
   5.790  0.0000E+00  0.3400E+02
   5.800  0.0000E+00  0.3400E+02
   5.810  0.0000E+00  0.3400E+02
   5.820  0.0000E+00  0.3400E+02
   5.830  0.0000E+00  0.3400E+02
   5.840  0.0000E+00  0.3400E+02
   5.850  0.0000E+00  0.3400E+02
   5.860  0.0000E+00  0.3400E+02
   5.870  0.0000E+00  0.3400E+02
   5.880  0.0000E+00  0.3400E+02
   5.890  0.0000E+00  0.3400E+02
   5.900  0.0000E+00  0.3400E+02
   5.910  0.0000E+00  0.3400E+02
   5.920  0.0000E+00  0.3400E+02
   5.930  0.0000E+00  0.3400E+02
   5.940  0.0000E+00  0.3400E+02
   5.950  0.0000E+00  0.3400E+02
   5.960  0.0000E+00  0.3400E+02
   5.970  0.0000E+00  0.3400E+02
   5.980  0.0000E+00  0.3400E+02
   5.990  0.0000E+00  0.3400E+02
   6.000  0.0000E+00  0.3400E+02
   6.010  0.0000E+00  0.3400E+02
   6.020  0.0000E+00  0.3400E+02
   6.030  0.0000E+00  0.3400E+02
   6.040  0.0000E+00  0.3400E+02
   6.050  0.0000E+00  0.3400E+02
   6.060  0.0000E+00  0.3400E+02
   6.070  0.0000E+00  0.3400E+02
   6.080  0.0000E+00  0.3400E+02
   6.090  0.0000E+00  0.3400E+02
   6.100  0.0000E+00  0.3400E+02
   6.110  0.0000E+00  0.3400E+02
   6.120  0.0000E+00  0.3400E+02
   6.130  0.0000E+00  0.3400E+02
   6.140  0.0000E+00  0.3400E+02
   6.150  0.0000E+00  0.3400E+02
   6.160  0.0000E+00  0.3400E+02
   6.170  0.0000E+00  0.3400E+02
   6.180  0.0000E+00  0.3400E+02
   6.190  0.0000E+00  0.3400E+02
   6.200  0.0000E+00  0.3400E+02
   6.210  0.0000E+00  0.3400E+02
   6.220  0.0000E+00  0.3400E+02
   6.230  0.0000E+00  0.3400E+02
   6.240  0.0000E+00  0.3400E+02
   6.250  0.0000E+00  0.3400E+02
   6.260  0.0000E+00  0.3400E+02
   6.270  0.0000E+00  0.3400E+02
   6.280  0.0000E+00  0.3400E+02
   6.290  0.0000E+00  0.3400E+02
   6.300  0.0000E+00  0.3400E+02
   6.310  0.0000E+00  0.3400E+02
   6.320  0.0000E+00  0.3400E+02
   6.330  0.0000E+00  0.3400E+02
   6.340  0.0000E+00  0.3400E+02
   6.350  0.0000E+00  0.3400E+02
   6.360  0.0000E+00  0.3400E+02
   6.370  0.0000E+00  0.3400E+02
   6.380  0.0000E+00  0.3400E+02
   6.390  0.0000E+00  0.3400E+02
   6.400  0.0000E+00  0.3400E+02
   6.410  0.0000E+00  0.3400E+02
   6.420  0.0000E+00  0.3400E+02
   6.430  0.0000E+00  0.3400E+02
   6.440  0.0000E+00  0.3400E+02
   6.450  0.0000E+00  0.3400E+02
   6.460  0.0000E+00  0.3400E+02
   6.470  0.0000E+00  0.3400E+02
   6.480  0.0000E+00  0.3400E+02
   6.490  0.0000E+00  0.3400E+02
   6.500  0.0000E+00  0.3400E+02
   6.510  0.0000E+00  0.3400E+02
   6.520  0.0000E+00  0.3400E+02
   6.530  0.0000E+00  0.3400E+02
   6.540  0.0000E+00  0.3400E+02
   6.550  0.0000E+00  0.3400E+02
   6.560  0.0000E+00  0.3400E+02
   6.570  0.0000E+00  0.3400E+02
   6.580  0.0000E+00  0.3400E+02
   6.590  0.0000E+00  0.3400E+02
   6.600  0.0000E+00  0.3400E+02
   6.610  0.0000E+00  0.3400E+02
   6.620  0.0000E+00  0.3400E+02
   6.630  0.0000E+00  0.3400E+02
   6.640  0.0000E+00  0.3400E+02
   6.650  0.0000E+00  0.3400E+02
   6.660  0.0000E+00  0.3400E+02
   6.670  0.0000E+00  0.3400E+02
   6.680  0.0000E+00  0.3400E+02
   6.690  0.0000E+00  0.3400E+02
   6.700  0.0000E+00  0.3400E+02
   6.710  0.0000E+00  0.3400E+02
   6.720  0.0000E+00  0.3400E+02
   6.730  0.0000E+00  0.3400E+02
   6.740  0.0000E+00  0.3400E+02
   6.750  0.0000E+00  0.3400E+02
   6.760  0.0000E+00  0.3400E+02
   6.770  0.0000E+00  0.3400E+02
   6.780  0.0000E+00  0.3400E+02
   6.790  0.0000E+00  0.3400E+02
   6.800  0.0000E+00  0.3400E+02
   6.810  0.0000E+00  0.3400E+02
   6.820  0.0000E+00  0.3400E+02
   6.830  0.0000E+00  0.3400E+02
   6.840  0.0000E+00  0.3400E+02
   6.850  0.0000E+00  0.3400E+02
   6.860  0.0000E+00  0.3400E+02
   6.870  0.0000E+00  0.3400E+02
   6.880  0.0000E+00  0.3400E+02
   6.890  0.0000E+00  0.3400E+02
   6.900  0.0000E+00  0.3400E+02
   6.910  0.0000E+00  0.3400E+02
   6.920  0.0000E+00  0.3400E+02
   6.930  0.0000E+00  0.3400E+02
   6.940  0.0000E+00  0.3400E+02
   6.950  0.0000E+00  0.3400E+02
   6.960  0.0000E+00  0.3400E+02
   6.970  0.0000E+00  0.3400E+02
   6.980  0.0000E+00  0.3400E+02
   6.990  0.0000E+00  0.3400E+02
   7.000  0.0000E+00  0.3400E+02
   7.010  0.0000E+00  0.3400E+02
   7.020  0.0000E+00  0.3400E+02
   7.030  0.0000E+00  0.3400E+02
   7.040  0.0000E+00  0.3400E+02
   7.050  0.0000E+00  0.3400E+02
   7.060  0.0000E+00  0.3400E+02
   7.070  0.0000E+00  0.3400E+02
   7.080  0.0000E+00  0.3400E+02
   7.090  0.0000E+00  0.3400E+02
   7.100  0.0000E+00  0.3400E+02
   7.110  0.0000E+00  0.3400E+02
   7.120  0.0000E+00  0.3400E+02
   7.130  0.0000E+00  0.3400E+02
   7.140  0.0000E+00  0.3400E+02
   7.150  0.0000E+00  0.3400E+02
   7.160  0.0000E+00  0.3400E+02
   7.170  0.0000E+00  0.3400E+02
   7.180  0.0000E+00  0.3400E+02
   7.190  0.0000E+00  0.3400E+02
   7.200  0.0000E+00  0.3400E+02
   7.210  0.0000E+00  0.3400E+02
   7.220  0.0000E+00  0.3400E+02
   7.230  0.0000E+00  0.3400E+02
   7.240  0.0000E+00  0.3400E+02
   7.250  0.0000E+00  0.3400E+02
   7.260  0.0000E+00  0.3400E+02
   7.270  0.0000E+00  0.3400E+02
   7.280  0.0000E+00  0.3400E+02
   7.290  0.0000E+00  0.3400E+02
   7.300  0.0000E+00  0.3400E+02
   7.310  0.0000E+00  0.3400E+02
   7.320  0.0000E+00  0.3400E+02
   7.330  0.0000E+00  0.3400E+02
   7.340  0.0000E+00  0.3400E+02
   7.350  0.0000E+00  0.3400E+02
   7.360  0.0000E+00  0.3400E+02
   7.370  0.0000E+00  0.3400E+02
   7.380  0.0000E+00  0.3400E+02
   7.390  0.0000E+00  0.3400E+02
   7.400  0.0000E+00  0.3400E+02
   7.410  0.0000E+00  0.3400E+02
   7.420  0.0000E+00  0.3400E+02
   7.430  0.0000E+00  0.3400E+02
   7.440  0.0000E+00  0.3400E+02
   7.450  0.0000E+00  0.3400E+02
   7.460  0.0000E+00  0.3400E+02
   7.470  0.0000E+00  0.3400E+02
   7.480  0.0000E+00  0.3400E+02
   7.490  0.0000E+00  0.3400E+02
   7.500  0.0000E+00  0.3400E+02
   7.510  0.0000E+00  0.3400E+02
   7.520  0.0000E+00  0.3400E+02
   7.530  0.0000E+00  0.3400E+02
   7.540  0.0000E+00  0.3400E+02
   7.550  0.0000E+00  0.3400E+02
   7.560  0.0000E+00  0.3400E+02
   7.570  0.0000E+00  0.3400E+02
   7.580  0.0000E+00  0.3400E+02
   7.590  0.0000E+00  0.3400E+02
   7.600  0.0000E+00  0.3400E+02
   7.610  0.0000E+00  0.3400E+02
   7.620  0.0000E+00  0.3400E+02
   7.630  0.0000E+00  0.3400E+02
   7.640  0.0000E+00  0.3400E+02
   7.650  0.0000E+00  0.3400E+02
   7.660  0.0000E+00  0.3400E+02
   7.670  0.0000E+00  0.3400E+02
   7.680  0.0000E+00  0.3400E+02
   7.690  0.0000E+00  0.3400E+02
   7.700  0.0000E+00  0.3400E+02
   7.710  0.0000E+00  0.3400E+02
   7.720  0.0000E+00  0.3400E+02
   7.730  0.0000E+00  0.3400E+02
   7.740  0.0000E+00  0.3400E+02
   7.750  0.0000E+00  0.3400E+02
   7.760  0.0000E+00  0.3400E+02
   7.770  0.0000E+00  0.3400E+02
   7.780  0.0000E+00  0.3400E+02
   7.790  0.0000E+00  0.3400E+02
   7.800  0.0000E+00  0.3400E+02
   7.810  0.0000E+00  0.3400E+02
   7.820  0.0000E+00  0.3400E+02
   7.830  0.0000E+00  0.3400E+02
   7.840  0.0000E+00  0.3400E+02
   7.850  0.0000E+00  0.3400E+02
   7.860  0.0000E+00  0.3400E+02
   7.870  0.0000E+00  0.3400E+02
   7.880  0.0000E+00  0.3400E+02
   7.890  0.0000E+00  0.3400E+02
   7.900  0.0000E+00  0.3400E+02
   7.910  0.0000E+00  0.3400E+02
   7.920  0.0000E+00  0.3400E+02
   7.930  0.0000E+00  0.3400E+02
   7.940  0.0000E+00  0.3400E+02
   7.950  0.0000E+00  0.3400E+02
   7.960  0.0000E+00  0.3400E+02
   7.970  0.0000E+00  0.3400E+02
   7.980  0.0000E+00  0.3400E+02
   7.990  0.0000E+00  0.3400E+02
   8.000  0.0000E+00  0.3400E+02
   8.010  0.0000E+00  0.3400E+02
   8.020  0.0000E+00  0.3400E+02
   8.030  0.0000E+00  0.3400E+02
   8.040  0.0000E+00  0.3400E+02
   8.050  0.0000E+00  0.3400E+02
   8.060  0.0000E+00  0.3400E+02
   8.070  0.0000E+00  0.3400E+02
   8.080  0.0000E+00  0.3400E+02
   8.090  0.0000E+00  0.3400E+02
   8.100  0.0000E+00  0.3400E+02
   8.110  0.0000E+00  0.3400E+02
   8.120  0.0000E+00  0.3400E+02
   8.130  0.0000E+00  0.3400E+02
   8.140  0.0000E+00  0.3400E+02
   8.150  0.0000E+00  0.3400E+02
   8.160  0.0000E+00  0.3400E+02
   8.170  0.0000E+00  0.3400E+02
   8.180  0.0000E+00  0.3400E+02
   8.190  0.0000E+00  0.3400E+02
   8.200  0.0000E+00  0.3400E+02
   8.210  0.0000E+00  0.3400E+02
   8.220  0.0000E+00  0.3400E+02
   8.230  0.0000E+00  0.3400E+02
   8.240  0.0000E+00  0.3400E+02
   8.250  0.0000E+00  0.3400E+02
   8.260  0.0000E+00  0.3400E+02
   8.270  0.0000E+00  0.3400E+02
   8.280  0.0000E+00  0.3400E+02
   8.290  0.0000E+00  0.3400E+02
   8.300  0.0000E+00  0.3400E+02
   8.310  0.0000E+00  0.3400E+02
   8.320  0.0000E+00  0.3400E+02
   8.330  0.0000E+00  0.3400E+02
   8.340  0.0000E+00  0.3400E+02
   8.350  0.0000E+00  0.3400E+02
   8.360  0.0000E+00  0.3400E+02
   8.370  0.0000E+00  0.3400E+02
   8.380  0.0000E+00  0.3400E+02
   8.390  0.0000E+00  0.3400E+02
   8.400  0.0000E+00  0.3400E+02
   8.410  0.0000E+00  0.3400E+02
   8.420  0.0000E+00  0.3400E+02
   8.430  0.0000E+00  0.3400E+02
   8.440  0.0000E+00  0.3400E+02
   8.450  0.0000E+00  0.3400E+02
   8.460  0.0000E+00  0.3400E+02
   8.470  0.0000E+00  0.3400E+02
   8.480  0.0000E+00  0.3400E+02
   8.490  0.0000E+00  0.3400E+02
   8.500  0.0000E+00  0.3400E+02
   8.510  0.0000E+00  0.3400E+02
   8.520  0.0000E+00  0.3400E+02
   8.530  0.0000E+00  0.3400E+02
   8.540  0.0000E+00  0.3400E+02
   8.550  0.0000E+00  0.3400E+02
   8.560  0.0000E+00  0.3400E+02
   8.570  0.0000E+00  0.3400E+02
   8.580  0.0000E+00  0.3400E+02
   8.590  0.0000E+00  0.3400E+02
   8.600  0.0000E+00  0.3400E+02
   8.610  0.0000E+00  0.3400E+02
   8.620  0.0000E+00  0.3400E+02
   8.630  0.0000E+00  0.3400E+02
   8.640  0.0000E+00  0.3400E+02
   8.650  0.0000E+00  0.3400E+02
   8.660  0.0000E+00  0.3400E+02
   8.670  0.0000E+00  0.3400E+02
   8.680  0.0000E+00  0.3400E+02
   8.690  0.0000E+00  0.3400E+02
   8.700  0.0000E+00  0.3400E+02
   8.710  0.0000E+00  0.3400E+02
   8.720  0.0000E+00  0.3400E+02
   8.730  0.0000E+00  0.3400E+02
   8.740  0.0000E+00  0.3400E+02
   8.750  0.0000E+00  0.3400E+02
   8.760  0.0000E+00  0.3400E+02
   8.770  0.0000E+00  0.3400E+02
   8.780  0.0000E+00  0.3400E+02
   8.790  0.0000E+00  0.3400E+02
   8.800  0.0000E+00  0.3400E+02
   8.810  0.0000E+00  0.3400E+02
   8.820  0.0000E+00  0.3400E+02
   8.830  0.0000E+00  0.3400E+02
   8.840  0.0000E+00  0.3400E+02
   8.850  0.0000E+00  0.3400E+02
   8.860  0.0000E+00  0.3400E+02
   8.870  0.0000E+00  0.3400E+02
   8.880  0.0000E+00  0.3400E+02
   8.890  0.0000E+00  0.3400E+02
   8.900  0.0000E+00  0.3400E+02
   8.910  0.0000E+00  0.3400E+02
   8.920  0.0000E+00  0.3400E+02
   8.930  0.0000E+00  0.3400E+02
   8.940  0.0000E+00  0.3400E+02
   8.950  0.0000E+00  0.3400E+02
   8.960  0.0000E+00  0.3400E+02
   8.970  0.0000E+00  0.3400E+02
   8.980  0.0000E+00  0.3400E+02
   8.990  0.0000E+00  0.3400E+02
   9.000  0.0000E+00  0.3400E+02
   9.010  0.0000E+00  0.3400E+02
   9.020  0.0000E+00  0.3400E+02
   9.030  0.0000E+00  0.3400E+02
   9.040  0.0000E+00  0.3400E+02
   9.050  0.0000E+00  0.3400E+02
   9.060  0.0000E+00  0.3400E+02
   9.070  0.0000E+00  0.3400E+02
   9.080  0.0000E+00  0.3400E+02
   9.090  0.0000E+00  0.3400E+02
   9.100  0.0000E+00  0.3400E+02
   9.110  0.0000E+00  0.3400E+02
   9.120  0.0000E+00  0.3400E+02
   9.130  0.0000E+00  0.3400E+02
   9.140  0.0000E+00  0.3400E+02
   9.150  0.0000E+00  0.3400E+02
   9.160  0.0000E+00  0.3400E+02
   9.170  0.0000E+00  0.3400E+02
   9.180  0.0000E+00  0.3400E+02
   9.190  0.0000E+00  0.3400E+02
   9.200  0.0000E+00  0.3400E+02
   9.210  0.0000E+00  0.3400E+02
   9.220  0.0000E+00  0.3400E+02
   9.230  0.0000E+00  0.3400E+02
   9.240  0.0000E+00  0.3400E+02
   9.250  0.0000E+00  0.3400E+02
   9.260  0.0000E+00  0.3400E+02
   9.270  0.0000E+00  0.3400E+02
   9.280  0.0000E+00  0.3400E+02
   9.290  0.0000E+00  0.3400E+02
   9.300  0.0000E+00  0.3400E+02
   9.310  0.0000E+00  0.3400E+02
   9.320  0.0000E+00  0.3400E+02
   9.330  0.0000E+00  0.3400E+02
   9.340  0.0000E+00  0.3400E+02
   9.350  0.0000E+00  0.3400E+02
   9.360  0.0000E+00  0.3400E+02
   9.370  0.0000E+00  0.3400E+02
   9.380  0.0000E+00  0.3400E+02
   9.390  0.0000E+00  0.3400E+02
   9.400  0.0000E+00  0.3400E+02
   9.410  0.0000E+00  0.3400E+02
   9.420  0.0000E+00  0.3400E+02
   9.430  0.0000E+00  0.3400E+02
   9.440  0.0000E+00  0.3400E+02
   9.450  0.0000E+00  0.3400E+02
   9.460  0.0000E+00  0.3400E+02
   9.470  0.0000E+00  0.3400E+02
   9.480  0.0000E+00  0.3400E+02
   9.490  0.0000E+00  0.3400E+02
   9.500  0.0000E+00  0.3400E+02
   9.510  0.0000E+00  0.3400E+02
   9.520  0.0000E+00  0.3400E+02
   9.530  0.0000E+00  0.3400E+02
   9.540  0.0000E+00  0.3400E+02
   9.550  0.0000E+00  0.3400E+02
   9.560  0.0000E+00  0.3400E+02
   9.570  0.0000E+00  0.3400E+02
   9.580  0.0000E+00  0.3400E+02
   9.590  0.0000E+00  0.3400E+02
   9.600  0.0000E+00  0.3400E+02
   9.610  0.0000E+00  0.3400E+02
   9.620  0.0000E+00  0.3400E+02
   9.630  0.0000E+00  0.3400E+02
   9.640  0.0000E+00  0.3400E+02
   9.650  0.0000E+00  0.3400E+02
   9.660  0.0000E+00  0.3400E+02
   9.670  0.0000E+00  0.3400E+02
   9.680  0.0000E+00  0.3400E+02
   9.690  0.0000E+00  0.3400E+02
   9.700  0.0000E+00  0.3400E+02
   9.710  0.0000E+00  0.3400E+02
   9.720  0.0000E+00  0.3400E+02
   9.730  0.0000E+00  0.3400E+02
   9.740  0.0000E+00  0.3400E+02
   9.750  0.0000E+00  0.3400E+02
   9.760  0.0000E+00  0.3400E+02
   9.770  0.0000E+00  0.3400E+02
   9.780  0.0000E+00  0.3400E+02
   9.790  0.0000E+00  0.3400E+02
   9.800  0.0000E+00  0.3400E+02
   9.810  0.0000E+00  0.3400E+02
   9.820  0.0000E+00  0.3400E+02
   9.830  0.0000E+00  0.3400E+02
   9.840  0.0000E+00  0.3400E+02
   9.850  0.0000E+00  0.3400E+02
   9.860  0.0000E+00  0.3400E+02
   9.870  0.0000E+00  0.3400E+02
   9.880  0.0000E+00  0.3400E+02
   9.890  0.0000E+00  0.3400E+02
   9.900  0.0000E+00  0.3400E+02
   9.910  0.0000E+00  0.3400E+02
   9.920  0.0000E+00  0.3400E+02
   9.930  0.0000E+00  0.3400E+02
   9.940  0.0000E+00  0.3400E+02
   9.950  0.0000E+00  0.3400E+02
   9.960  0.0000E+00  0.3400E+02
   9.970  0.0000E+00  0.3400E+02
   9.980  0.0000E+00  0.3400E+02
   9.990  0.0000E+00  0.3400E+02
  10.000  0.0000E+00  0.3400E+02
