 &plot nbnd=   9, nks=   100 /
            0.000000  0.000000  0.000000
   -8.806   -5.093   -4.621   -4.621   -3.186   -3.186   -1.987    2.381    3.259
            0.013514 -0.007802  0.000000
   -8.798   -5.090   -4.624   -4.617   -3.205   -3.187   -1.964    2.388    3.266
            0.027027 -0.015604  0.000000
   -8.774   -5.082   -4.633   -4.605   -3.259   -3.189   -1.899    2.408    3.288
            0.040541 -0.023406  0.000000
   -8.735   -5.069   -4.649   -4.585   -3.338   -3.193   -1.799    2.441    3.325
            0.054054 -0.031208  0.000000
   -8.680   -5.051   -4.669   -4.558   -3.435   -3.199   -1.674    2.488    3.376
            0.067568 -0.039010  0.000000
   -8.609   -5.028   -4.695   -4.522   -3.542   -3.206   -1.531    2.549    3.442
            0.081081 -0.046812  0.000000
   -8.524   -4.999   -4.725   -4.480   -3.655   -3.215   -1.373    2.622    3.522
            0.094595 -0.054614  0.000000
   -8.425   -4.966   -4.759   -4.429   -3.771   -3.225   -1.203    2.710    3.616
            0.108108 -0.062416  0.000000
   -8.312   -4.929   -4.796   -4.372   -3.888   -3.237   -1.023    2.810    3.725
            0.121622 -0.070218  0.000000
   -8.187   -4.887   -4.834   -4.308   -4.006   -3.250   -0.834    2.924    3.848
            0.135135 -0.078020  0.000000
   -8.050   -4.874   -4.839   -4.238   -4.122   -3.264   -0.635    3.052    3.985
            0.148649 -0.085822  0.000000
   -7.903   -4.911   -4.788   -4.236   -4.161   -3.279   -0.428    3.193    4.135
            0.162162 -0.093624  0.000000
   -7.749   -4.944   -4.733   -4.349   -4.079   -3.295   -0.213    3.347    4.300
            0.175676 -0.101426  0.000000
   -7.590   -4.970   -4.674   -4.459   -3.992   -3.312    0.011    3.515    4.479
            0.189189 -0.109228  0.000000
   -7.431   -4.986   -4.610   -4.566   -3.900   -3.330    0.244    3.696    4.671
            0.202703 -0.117030  0.000000
   -7.275   -4.988   -4.670   -4.542   -3.804   -3.348    0.485    3.890    4.877
            0.216216 -0.124832  0.000000
   -7.129   -4.970   -4.771   -4.468   -3.704   -3.367    0.735    4.098    5.097
            0.229730 -0.132635  0.000000
   -7.000   -4.927   -4.868   -4.388   -3.601   -3.386    0.994    4.319    5.329
            0.243243 -0.140437  0.000000
   -6.893   -4.961   -4.857   -4.297   -3.496   -3.405    1.263    4.554    5.576
            0.256757 -0.148239  0.000000
   -6.812   -5.051   -4.761   -4.192   -3.424   -3.389    1.540    4.802    5.836
            0.270270 -0.156041  0.000000
   -6.758   -5.137   -4.646   -4.065   -3.443   -3.282    1.827    5.063    6.108
            0.283784 -0.163843  0.000000
   -6.729   -5.218   -4.526   -3.905   -3.462   -3.174    2.124    5.337    6.395
            0.297297 -0.171645  0.000000
   -6.720   -5.296   -4.412   -3.705   -3.480   -3.066    2.430    5.624    6.694
            0.310811 -0.179447  0.000000
   -6.727   -5.368   -4.312   -3.498   -3.465   -2.961    2.745    5.923    7.006
            0.324324 -0.187249  0.000000
   -6.745   -5.437   -4.224   -3.515   -3.189   -2.857    3.070    6.234    7.332
            0.337838 -0.195051  0.000000
   -6.771   -5.500   -4.148   -3.532   -2.885   -2.757    3.404    6.556    7.658
            0.351351 -0.202853  0.000000
   -6.801   -5.559   -4.080   -3.548   -2.660   -2.560    3.748    6.885    7.972
            0.364865 -0.210655  0.000000
   -6.834   -5.613   -4.019   -3.562   -2.569   -2.218    4.099    7.217    8.278
            0.378378 -0.218457  0.000000
   -6.867   -5.663   -3.965   -3.576   -2.483   -1.866    4.460    7.535    8.538
            0.391892 -0.226259  0.000000
   -6.899   -5.707   -3.917   -3.588   -2.403   -1.508    4.827    7.780    8.678
            0.405405 -0.234061  0.000000
   -6.930   -5.746   -3.874   -3.600   -2.331   -1.150    5.200    7.793    8.788
            0.418919 -0.241863  0.000000
   -6.958   -5.780   -3.837   -3.609   -2.267   -0.798    5.576    7.534    9.061
            0.432432 -0.249665  0.000000
   -6.982   -5.809   -3.805   -3.618   -2.212   -0.461    5.952    7.177    9.429
            0.445946 -0.257467  0.000000
   -7.003   -5.833   -3.779   -3.625   -2.165   -0.150    6.321    6.817    9.839
            0.459459 -0.265269  0.000000
   -7.020   -5.851   -3.759   -3.630   -2.129    0.122    6.497    6.671   10.271
            0.472973 -0.273071  0.000000
   -7.032   -5.864   -3.744   -3.634   -2.102    0.337    6.244    6.978   10.036
            0.486486 -0.280873  0.000000
   -7.039   -5.872   -3.735   -3.637   -2.087    0.476    6.081    7.203    9.801
            0.500000 -0.288675  0.000000
   -7.041   -5.875   -3.732   -3.638   -2.081    0.524    6.024    7.289    9.711
            0.493827 -0.270856  0.000000
   -7.035   -5.871   -3.735   -3.640   -2.101    0.502    6.073    7.223    9.790
            0.487654 -0.253036  0.000000
   -7.017   -5.860   -3.742   -3.647   -2.159    0.440    6.217    7.047   10.003
            0.481481 -0.235217  0.000000
   -6.987   -5.842   -3.754   -3.658   -2.254    0.346    6.446    6.804   10.292
            0.475309 -0.217397  0.000000
   -6.946   -5.818   -3.771   -3.673   -2.385    0.231    6.529    6.744   10.053
            0.469136 -0.199578  0.000000
   -6.892   -5.787   -3.795   -3.692   -2.547    0.105    6.241    7.095    9.706
            0.462963 -0.181758  0.000000
   -6.827   -5.751   -3.826   -3.714   -2.733   -0.025    5.952    7.476    9.390
            0.456790 -0.163939  0.000000
   -6.751   -5.710   -3.870   -3.737   -2.934   -0.155    5.670    7.845    9.128
            0.450617 -0.146120  0.000000
   -6.663   -5.666   -3.931   -3.761   -3.138   -0.283    5.397    8.099    8.985
            0.444444 -0.128300  0.000000
   -6.564   -5.619   -4.021   -3.785   -3.328   -0.408    5.135    8.101    8.995
            0.438272 -0.110481  0.000000
   -6.455   -5.571   -4.153   -3.808   -3.483   -0.532    4.888    7.937    8.947
            0.432099 -0.092661  0.000000
   -6.336   -5.524   -4.331   -3.827   -3.595   -0.654    4.655    7.730    8.794
            0.425926 -0.074842  0.000000
   -6.207   -5.480   -4.541   -3.842   -3.673   -0.776    4.437    7.522    8.608
            0.419753 -0.057022  0.000000
   -6.069   -5.439   -4.767   -3.851   -3.728   -0.899    4.235    7.323    8.422
            0.413580 -0.039203  0.000000
   -5.924   -5.405   -4.994   -3.852   -3.770   -1.023    4.049    7.139    8.245
            0.407407 -0.021383  0.000000
   -5.779   -5.377   -5.210   -3.845   -3.802   -1.149    3.879    6.973    8.083
            0.401235 -0.003564  0.000000
   -5.664   -5.378   -5.358   -3.830   -3.827   -1.278    3.726    6.824    7.932
            0.395062  0.014256  0.000000
   -5.724   -5.352   -5.347   -3.845   -3.806   -1.410    3.590    6.693    7.798
            0.388889  0.032075  0.000000
   -5.890   -5.344   -5.201   -3.857   -3.775   -1.545    3.471    6.581    7.683
            0.382716  0.049894  0.000000
   -6.058   -5.348   -5.027   -3.859   -3.739   -1.683    3.371    6.488    7.588
            0.376543  0.067714  0.000000
   -6.213   -5.358   -4.849   -3.850   -3.700   -1.824    3.289    6.415    7.513
            0.370370  0.085533  0.000000
   -6.352   -5.372   -4.675   -3.823   -3.660   -1.968    3.227    6.361    7.458
            0.364198  0.103353  0.000000
   -6.471   -5.389   -4.516   -3.770   -3.622   -2.114    3.185    6.326    7.423
            0.358025  0.121172  0.000000
   -6.571   -5.408   -4.386   -3.678   -3.588   -2.263    3.163    6.311    7.409
            0.351852  0.138992  0.000000
   -6.650   -5.428   -4.293   -3.560   -3.540   -2.412    3.162    6.315    7.415
            0.345679  0.156811  0.000000
   -6.708   -5.447   -4.232   -3.539   -3.361   -2.561    3.183    6.340    7.441
            0.339506  0.174631  0.000000
   -6.745   -5.464   -4.195   -3.528   -3.159   -2.704    3.226    6.384    7.488
            0.333333  0.192450  0.000000
   -6.761   -5.480   -4.172   -3.527   -2.989   -2.790    3.292    6.447    7.553
            0.323810  0.186952  0.000000
   -6.744   -5.434   -4.227   -3.515   -3.200   -2.861    3.057    6.222    7.319
            0.314286  0.181453  0.000000
   -6.731   -5.386   -4.288   -3.503   -3.397   -2.934    2.828    6.002    7.089
            0.304762  0.175954  0.000000
   -6.722   -5.336   -4.355   -3.577   -3.490   -3.008    2.603    5.788    6.865
            0.295238  0.170456  0.000000
   -6.720   -5.284   -4.429   -3.738   -3.477   -3.083    2.382    5.579    6.647
            0.285714  0.164957  0.000000
   -6.727   -5.230   -4.509   -3.879   -3.464   -3.158    2.167    5.377    6.437
            0.276190  0.159459  0.000000
   -6.742   -5.173   -4.593   -3.999   -3.451   -3.234    1.956    5.181    6.232
            0.266667  0.153960  0.000000
   -6.770   -5.114   -4.678   -4.102   -3.438   -3.310    1.750    4.992    6.034
            0.257143  0.148461  0.000000
   -6.810   -5.054   -4.757   -4.189   -3.424   -3.386    1.548    4.809    5.843
            0.247619  0.142963  0.000000
   -6.864   -4.991   -4.828   -4.265   -3.462   -3.411    1.352    4.633    5.658
            0.238095  0.137464  0.000000
   -6.931   -4.926   -4.887   -4.333   -3.536   -3.397    1.159    4.463    5.480
            0.228571  0.131966  0.000000
   -7.010   -4.932   -4.860   -4.395   -3.610   -3.384    0.972    4.300    5.309
            0.219048  0.126467  0.000000
   -7.101   -4.963   -4.791   -4.452   -3.683   -3.371    0.789    4.143    5.144
            0.209524  0.120969  0.000000
   -7.200   -4.981   -4.721   -4.506   -3.754   -3.357    0.610    3.994    4.986
            0.200000  0.115470  0.000000
   -7.306   -4.989   -4.649   -4.556   -3.823   -3.344    0.436    3.850    4.835
            0.190476  0.109971  0.000000
   -7.416   -4.987   -4.604   -4.576   -3.891   -3.331    0.266    3.714    4.690
            0.180952  0.104473  0.000000
   -7.528   -4.978   -4.650   -4.501   -3.957   -3.319    0.101    3.584    4.552
            0.171429  0.098974  0.000000
   -7.641   -4.963   -4.693   -4.424   -4.020   -3.307   -0.060    3.460    4.421
            0.161905  0.093476  0.000000
   -7.752   -4.943   -4.734   -4.347   -4.081   -3.295   -0.217    3.344    4.297
            0.152381  0.087977  0.000000
   -7.861   -4.920   -4.774   -4.267   -4.139   -3.283   -0.370    3.234    4.180
            0.142857  0.082479  0.000000
   -7.967   -4.895   -4.811   -4.195   -4.187   -3.272   -0.518    3.131    4.069
            0.133333  0.076980  0.000000
   -8.069   -4.869   -4.845   -4.248   -4.106   -3.262   -0.662    3.034    3.965
            0.123810  0.071481  0.000000
   -8.165   -4.879   -4.840   -4.297   -4.024   -3.252   -0.802    2.944    3.869
            0.114286  0.065983  0.000000
   -8.256   -4.910   -4.813   -4.344   -3.942   -3.243   -0.938    2.861    3.779
            0.104762  0.060484  0.000000
   -8.341   -4.938   -4.787   -4.387   -3.859   -3.234   -1.069    2.784    3.696
            0.095238  0.054986  0.000000
   -8.420   -4.965   -4.761   -4.427   -3.777   -3.226   -1.195    2.714    3.621
            0.085714  0.049487  0.000000
   -8.492   -4.989   -4.736   -4.463   -3.695   -3.218   -1.316    2.651    3.552
            0.076190  0.043989  0.000000
   -8.557   -5.010   -4.714   -4.496   -3.614   -3.212   -1.432    2.594    3.491
            0.066667  0.038490  0.000000
   -8.615   -5.029   -4.693   -4.525   -3.535   -3.206   -1.541    2.544    3.437
            0.057143  0.032991  0.000000
   -8.665   -5.046   -4.675   -4.550   -3.459   -3.200   -1.643    2.501    3.390
            0.047619  0.027493  0.000000
   -8.708   -5.060   -4.659   -4.572   -3.387   -3.196   -1.736    2.464    3.350
            0.038095  0.021994  0.000000
   -8.743   -5.072   -4.645   -4.590   -3.323   -3.192   -1.819    2.434    3.317
            0.028571  0.016496  0.000000
   -8.771   -5.081   -4.635   -4.603   -3.267   -3.189   -1.889    2.411    3.292
            0.019048  0.010997  0.000000
   -8.790   -5.088   -4.627   -4.613   -3.223   -3.187   -1.942    2.394    3.274
            0.009524  0.005499  0.000000
   -8.802   -5.092   -4.623   -4.619   -3.195   -3.186   -1.976    2.384    3.263
            0.000000  0.000000  0.000000
   -8.806   -5.093   -4.621   -4.621   -3.186   -3.186   -1.987    2.381    3.259
