 &plot nbnd=   9, nks=   100 /
            0.000000  0.000000  0.000000
   -8.155   -3.463   -2.930   -2.930   -1.928   -1.422   -1.422    2.219    3.026
            0.013514 -0.007802  0.000000
   -8.148   -3.461   -2.932   -2.926   -1.950   -1.422   -1.396    2.225    3.033
            0.027027 -0.015604  0.000000
   -8.127   -3.453   -2.941   -2.916   -2.007   -1.425   -1.328    2.243    3.053
            0.040541 -0.023406  0.000000
   -8.092   -3.441   -2.955   -2.899   -2.083   -1.428   -1.235    2.272    3.087
            0.054054 -0.031208  0.000000
   -8.043   -3.424   -2.975   -2.875   -2.167   -1.433   -1.127    2.313    3.134
            0.067568 -0.039010  0.000000
   -7.980   -3.403   -3.000   -2.845   -2.254   -1.440   -1.007    2.366    3.194
            0.081081 -0.046812  0.000000
   -7.904   -3.378   -3.028   -2.808   -2.343   -1.448   -0.879    2.431    3.267
            0.094595 -0.054614  0.000000
   -7.815   -3.348   -3.061   -2.765   -2.432   -1.457   -0.743    2.507    3.354
            0.108108 -0.062416  0.000000
   -7.712   -3.316   -3.096   -2.715   -2.520   -1.468   -0.599    2.595    3.453
            0.121622 -0.070218  0.000000
   -7.597   -3.283   -3.130   -2.660   -2.606   -1.479   -0.449    2.695    3.565
            0.135135 -0.078020  0.000000
   -7.470   -3.258   -3.156   -2.691   -2.600   -1.492   -0.291    2.807    3.690
            0.148649 -0.085822  0.000000
   -7.332   -3.263   -3.149   -2.774   -2.534   -1.505   -0.125    2.931    3.827
            0.162162 -0.093624  0.000000
   -7.183   -3.293   -3.114   -2.856   -2.463   -1.520    0.049    3.066    3.977
            0.175676 -0.101426  0.000000
   -7.025   -3.330   -3.067   -2.935   -2.387   -1.535    0.230    3.213    4.139
            0.189189 -0.109228  0.000000
   -6.858   -3.367   -3.015   -3.012   -2.308   -1.551    0.420    3.372    4.313
            0.202703 -0.117030  0.000000
   -6.685   -3.401   -3.087   -2.960   -2.225   -1.567    0.618    3.543    4.499
            0.216216 -0.124832  0.000000
   -6.507   -3.427   -3.159   -2.903   -2.138   -1.584    0.825    3.726    4.698
            0.229730 -0.132635  0.000000
   -6.328   -3.444   -3.229   -2.844   -2.049   -1.601    1.040    3.920    4.908
            0.243243 -0.140437  0.000000
   -6.150   -3.447   -3.296   -2.785   -1.958   -1.618    1.265    4.126    5.129
            0.256757 -0.148239  0.000000
   -5.979   -3.431   -3.361   -2.725   -1.865   -1.635    1.499    4.344    5.363
            0.270270 -0.156041  0.000000
   -5.818   -3.422   -3.393   -2.665   -1.771   -1.652    1.741    4.574    5.608
            0.283784 -0.163843  0.000000
   -5.674   -3.481   -3.327   -2.605   -1.678   -1.669    1.993    4.815    5.865
            0.297297 -0.171645  0.000000
   -5.550   -3.536   -3.229   -2.547   -1.686   -1.584    2.254    5.067    6.133
            0.310811 -0.179447  0.000000
   -5.450   -3.588   -3.096   -2.489   -1.702   -1.492    2.525    5.330    6.413
            0.324324 -0.187249  0.000000
   -5.374   -3.637   -2.928   -2.433   -1.717   -1.401    2.805    5.604    6.704
            0.337838 -0.195051  0.000000
   -5.320   -3.683   -2.728   -2.378   -1.732   -1.314    3.093    5.886    7.006
            0.351351 -0.202853  0.000000
   -5.284   -3.725   -2.505   -2.323   -1.746   -1.229    3.391    6.174    7.319
            0.364865 -0.210655  0.000000
   -5.264   -3.764   -2.313   -2.216   -1.759   -1.149    3.696    6.461    7.643
            0.378378 -0.218457  0.000000
   -5.254   -3.800   -2.249   -1.967   -1.771   -1.074    4.010    6.727    7.868
            0.391892 -0.226259  0.000000
   -5.253   -3.831   -2.206   -1.783   -1.691   -1.004    4.330    6.904    7.841
            0.405405 -0.234061  0.000000
   -5.256   -3.860   -2.168   -1.793   -1.409   -0.941    4.657    6.846    7.888
            0.418919 -0.241863  0.000000
   -5.262   -3.884   -2.135   -1.801   -1.129   -0.884    4.986    6.578    8.126
            0.432432 -0.249665  0.000000
   -5.270   -3.905   -2.108   -1.809   -0.859   -0.835    5.316    6.251    8.450
            0.445946 -0.257467  0.000000
   -5.277   -3.922   -2.085   -1.815   -0.794   -0.610    5.639    5.934    8.811
            0.459459 -0.265269  0.000000
   -5.284   -3.935   -2.067   -1.820   -0.762   -0.394    5.658    5.946    9.191
            0.472973 -0.273071  0.000000
   -5.289   -3.945   -2.054   -1.824   -0.739   -0.224    5.443    6.215    8.947
            0.486486 -0.280873  0.000000
   -5.292   -3.950   -2.046   -1.826   -0.725   -0.115    5.306    6.412    8.740
            0.500000 -0.288675  0.000000
   -5.294   -3.952   -2.043   -1.827   -0.720   -0.077    5.259    6.486    8.661
            0.493827 -0.270856  0.000000
   -5.289   -3.949   -2.045   -1.829   -0.766   -0.064    5.299    6.429    8.731
            0.487654 -0.253036  0.000000
   -5.276   -3.940   -2.051   -1.836   -0.890   -0.033    5.420    6.276    8.918
            0.481481 -0.235217  0.000000
   -5.255   -3.926   -2.061   -1.847   -1.069   -0.005    5.612    6.065    9.174
            0.475309 -0.217397  0.000000
   -5.224   -3.906   -2.075   -1.862   -1.282    0.013    5.825    5.867    9.000
            0.469136 -0.199578  0.000000
   -5.186   -3.881   -2.094   -1.880   -1.518    0.017    5.574    6.172    8.694
            0.462963 -0.181758  0.000000
   -5.139   -3.852   -2.123   -1.901   -1.762    0.009    5.323    6.510    8.416
            0.456790 -0.163939  0.000000
   -5.084   -3.819   -2.186   -1.984   -1.923   -0.012    5.077    6.852    8.184
            0.450617 -0.146120  0.000000
   -5.022   -3.784   -2.363   -2.096   -1.947   -0.044    4.839    7.128    8.053
            0.444444 -0.128300  0.000000
   -4.952   -3.747   -2.609   -2.141   -1.970   -0.084    4.612    7.200    8.118
            0.438272 -0.110481  0.000000
   -4.875   -3.710   -2.863   -2.173   -1.991   -0.133    4.398    7.089    8.232
            0.432099 -0.092661  0.000000
   -4.793   -3.673   -3.112   -2.202   -2.010   -0.189    4.196    6.920    8.107
            0.425926 -0.074842  0.000000
   -4.708   -3.639   -3.350   -2.231   -2.024   -0.251    4.007    6.741    7.901
            0.419753 -0.057022  0.000000
   -4.621   -3.609   -3.571   -2.258   -2.032   -0.320    3.832    6.568    7.712
            0.413580 -0.039203  0.000000
   -4.543   -3.765   -3.584   -2.285   -2.033   -0.393    3.671    6.407    7.540
            0.407407 -0.021383  0.000000
   -4.493   -3.911   -3.565   -2.310   -2.026   -0.471    3.523    6.260    7.384
            0.401235 -0.003564  0.000000
   -4.509   -3.970   -3.552   -2.334   -2.011   -0.554    3.390    6.129    7.246
            0.395062  0.014256  0.000000
   -4.599   -3.935   -3.546   -2.355   -1.989   -0.640    3.272    6.013    7.125
            0.388889  0.032075  0.000000
   -4.722   -3.844   -3.547   -2.374   -1.961   -0.729    3.168    5.914    7.022
            0.382716  0.049894  0.000000
   -4.849   -3.728   -3.553   -2.390   -1.928   -0.820    3.079    5.832    6.937
            0.376543  0.067714  0.000000
   -4.967   -3.601   -3.564   -2.403   -1.891   -0.913    3.007    5.767    6.869
            0.370370  0.085533  0.000000
   -5.072   -3.578   -3.467   -2.413   -1.854   -1.005    2.950    5.718    6.819
            0.364198  0.103353  0.000000
   -5.161   -3.594   -3.331   -2.419   -1.818   -1.094    2.911    5.687    6.788
            0.358025  0.121172  0.000000
   -5.233   -3.610   -3.197   -2.422   -1.786   -1.178    2.890    5.673    6.774
            0.351852  0.138992  0.000000
   -5.286   -3.627   -3.070   -2.420   -1.759   -1.252    2.887    5.676    6.779
            0.345679  0.156811  0.000000
   -5.321   -3.643   -2.955   -2.416   -1.740   -1.310    2.904    5.697    6.802
            0.339506  0.174631  0.000000
   -5.338   -3.657   -2.862   -2.408   -1.729   -1.343    2.940    5.735    6.844
            0.333333  0.192450  0.000000
   -5.335   -3.668   -2.798   -2.397   -1.727   -1.343    2.996    5.791    6.904
            0.323810  0.186952  0.000000
   -5.376   -3.636   -2.935   -2.435   -1.717   -1.405    2.794    5.593    6.693
            0.314286  0.181453  0.000000
   -5.428   -3.601   -3.056   -2.475   -1.706   -1.468    2.596    5.400    6.487
            0.304762  0.175954  0.000000
   -5.492   -3.565   -3.160   -2.515   -1.695   -1.533    2.403    5.211    6.286
            0.295238  0.170456  0.000000
   -5.567   -3.528   -3.246   -2.556   -1.683   -1.598    2.214    5.028    6.092
            0.285714  0.164957  0.000000
   -5.655   -3.489   -3.315   -2.597   -1.671   -1.664    2.030    4.850    5.903
            0.276190  0.159459  0.000000
   -5.753   -3.448   -3.368   -2.639   -1.730   -1.660    1.851    4.678    5.719
            0.266667  0.153960  0.000000
   -5.860   -3.406   -3.406   -2.681   -1.797   -1.648    1.676    4.511    5.542
            0.257143  0.148461  0.000000
   -5.974   -3.431   -3.362   -2.723   -1.862   -1.636    1.505    4.351    5.370
            0.247619  0.142963  0.000000
   -6.094   -3.444   -3.317   -2.766   -1.928   -1.623    1.340    4.196    5.204
            0.238095  0.137464  0.000000
   -6.218   -3.447   -3.271   -2.808   -1.993   -1.611    1.178    4.046    5.043
            0.228571  0.131966  0.000000
   -6.343   -3.443   -3.223   -2.849   -2.057   -1.599    1.022    3.903    4.889
            0.219048  0.126467  0.000000
   -6.470   -3.431   -3.174   -2.891   -2.120   -1.587    0.869    3.765    4.741
            0.209524  0.120969  0.000000
   -6.596   -3.415   -3.124   -2.931   -2.181   -1.575    0.721    3.634    4.598
            0.200000  0.115470  0.000000
   -6.720   -3.394   -3.072   -2.971   -2.241   -1.564    0.578    3.508    4.461
            0.190476  0.109971  0.000000
   -6.842   -3.371   -3.019   -3.010   -2.300   -1.552    0.438    3.388    4.330
            0.180952  0.104473  0.000000
   -6.960   -3.345   -3.047   -2.965   -2.357   -1.541    0.303    3.274    4.206
            0.171429  0.098974  0.000000
   -7.075   -3.318   -3.082   -2.910   -2.411   -1.530    0.172    3.166    4.087
            0.161905  0.093476  0.000000
   -7.186   -3.292   -3.114   -2.854   -2.464   -1.519    0.045    3.063    3.974
            0.152381  0.087977  0.000000
   -7.292   -3.269   -3.141   -2.797   -2.514   -1.509   -0.078    2.967    3.868
            0.142857  0.082479  0.000000
   -7.392   -3.256   -3.157   -2.739   -2.562   -1.499   -0.197    2.876    3.767
            0.133333  0.076980  0.000000
   -7.488   -3.261   -3.154   -2.680   -2.608   -1.490   -0.312    2.791    3.673
            0.123810  0.071481  0.000000
   -7.577   -3.278   -3.136   -2.651   -2.620   -1.481   -0.424    2.712    3.585
            0.114286  0.065983  0.000000
   -7.661   -3.301   -3.112   -2.691   -2.559   -1.473   -0.531    2.639    3.503
            0.104762  0.060484  0.000000
   -7.739   -3.324   -3.087   -2.728   -2.498   -1.465   -0.636    2.572    3.427
            0.095238  0.054986  0.000000
   -7.810   -3.347   -3.063   -2.762   -2.436   -1.458   -0.736    2.511    3.358
            0.085714  0.049487  0.000000
   -7.875   -3.368   -3.039   -2.794   -2.374   -1.451   -0.833    2.455    3.296
            0.076190  0.043989  0.000000
   -7.933   -3.387   -3.018   -2.822   -2.311   -1.445   -0.926    2.406    3.239
            0.066667  0.038490  0.000000
   -7.985   -3.405   -2.998   -2.847   -2.249   -1.440   -1.016    2.362    3.190
            0.057143  0.032991  0.000000
   -8.030   -3.420   -2.980   -2.869   -2.187   -1.435   -1.100    2.324    3.146
            0.047619  0.027493  0.000000
   -8.068   -3.433   -2.965   -2.887   -2.126   -1.431   -1.180    2.292    3.110
            0.038095  0.021994  0.000000
   -8.100   -3.444   -2.952   -2.902   -2.068   -1.428   -1.254    2.266    3.080
            0.028571  0.016496  0.000000
   -8.124   -3.452   -2.942   -2.914   -2.015   -1.425   -1.319    2.245    3.056
            0.019048  0.010997  0.000000
   -8.141   -3.458   -2.935   -2.923   -1.970   -1.423   -1.372    2.231    3.040
            0.009524  0.005499  0.000000
   -8.152   -3.462   -2.931   -2.928   -1.939   -1.422   -1.409    2.222    3.029
            0.000000  0.000000  0.000000
   -8.155   -3.463   -2.930   -2.930   -1.928   -1.422   -1.422    2.219    3.026
