 &plot nbnd=   9, nks=   100 /
            0.000000  0.000000  0.000000
   -8.400   -5.070   -4.672   -4.672   -3.655   -3.655   -1.901    2.285    3.182
            0.013514 -0.007802  0.000000
   -8.393   -5.068   -4.674   -4.669   -3.665   -3.655   -1.886    2.291    3.188
            0.027027 -0.015604  0.000000
   -8.372   -5.062   -4.681   -4.659   -3.695   -3.657   -1.844    2.308    3.208
            0.040541 -0.023406  0.000000
   -8.338   -5.052   -4.692   -4.644   -3.741   -3.660   -1.777    2.338    3.240
            0.054054 -0.031208  0.000000
   -8.290   -5.039   -4.708   -4.622   -3.802   -3.665   -1.687    2.380    3.286
            0.067568 -0.039010  0.000000
   -8.228   -5.021   -4.727   -4.594   -3.873   -3.670   -1.578    2.433    3.344
            0.081081 -0.046812  0.000000
   -8.154   -4.999   -4.750   -4.561   -3.951   -3.677   -1.453    2.499    3.415
            0.094595 -0.054614  0.000000
   -8.067   -4.974   -4.776   -4.522   -4.034   -3.685   -1.314    2.576    3.500
            0.108108 -0.062416  0.000000
   -7.968   -4.946   -4.804   -4.477   -4.121   -3.694   -1.163    2.665    3.596
            0.121622 -0.070218  0.000000
   -7.857   -4.914   -4.833   -4.427   -4.209   -3.703   -1.001    2.766    3.706
            0.135135 -0.078020  0.000000
   -7.736   -4.879   -4.862   -4.372   -4.298   -3.714   -0.828    2.879    3.828
            0.148649 -0.085822  0.000000
   -7.605   -4.892   -4.839   -4.387   -4.312   -3.726   -0.646    3.004    3.963
            0.162162 -0.093624  0.000000
   -7.467   -4.918   -4.797   -4.475   -4.248   -3.738   -0.455    3.141    4.110
            0.175676 -0.101426  0.000000
   -7.324   -4.940   -4.751   -4.562   -4.180   -3.751   -0.255    3.290    4.270
            0.189189 -0.109228  0.000000
   -7.177   -4.955   -4.701   -4.646   -4.109   -3.764   -0.046    3.450    4.442
            0.202703 -0.117030  0.000000
   -7.031   -4.960   -4.729   -4.648   -4.034   -3.778    0.171    3.623    4.626
            0.216216 -0.124832  0.000000
   -6.890   -4.951   -4.809   -4.589   -3.956   -3.792    0.397    3.808    4.823
            0.229730 -0.132635  0.000000
   -6.760   -4.926   -4.887   -4.522   -3.876   -3.806    0.632    4.004    5.031
            0.243243 -0.140437  0.000000
   -6.646   -4.961   -4.882   -4.446   -3.821   -3.794    0.875    4.212    5.252
            0.256757 -0.148239  0.000000
   -6.553   -5.033   -4.819   -4.354   -3.836   -3.711    1.126    4.432    5.484
            0.270270 -0.156041  0.000000
   -6.483   -5.101   -4.743   -4.240   -3.850   -3.628    1.387    4.664    5.728
            0.283784 -0.163843  0.000000
   -6.436   -5.166   -4.663   -4.095   -3.864   -3.544    1.656    4.907    5.985
            0.297297 -0.171645  0.000000
   -6.409   -5.228   -4.586   -3.915   -3.879   -3.461    1.934    5.161    6.253
            0.310811 -0.179447  0.000000
   -6.399   -5.286   -4.516   -3.892   -3.701   -3.379    2.220    5.425    6.532
            0.324324 -0.187249  0.000000
   -6.400   -5.341   -4.453   -3.905   -3.456   -3.299    2.515    5.699    6.823
            0.337838 -0.195051  0.000000
   -6.410   -5.392   -4.398   -3.918   -3.222   -3.186    2.818    5.980    7.126
            0.351351 -0.202853  0.000000
   -6.426   -5.439   -4.349   -3.930   -3.147   -2.895    3.129    6.262    7.441
            0.364865 -0.210655  0.000000
   -6.446   -5.482   -4.305   -3.941   -3.077   -2.590    3.447    6.531    7.640
            0.378378 -0.218457  0.000000
   -6.467   -5.521   -4.265   -3.952   -3.010   -2.273    3.773    6.729    7.656
            0.391892 -0.226259  0.000000
   -6.489   -5.556   -4.229   -3.961   -2.949   -1.948    4.105    6.697    7.661
            0.405405 -0.234061  0.000000
   -6.510   -5.587   -4.198   -3.970   -2.894   -1.621    4.441    6.402    7.872
            0.418919 -0.241863  0.000000
   -6.529   -5.614   -4.171   -3.977   -2.844   -1.297    4.780    6.016    8.185
            0.432432 -0.249665  0.000000
   -6.547   -5.637   -4.148   -3.984   -2.802   -0.984    5.118    5.623    8.537
            0.445946 -0.257467  0.000000
   -6.562   -5.656   -4.129   -3.989   -2.766   -0.691    5.255    5.449    8.913
            0.459459 -0.265269  0.000000
   -6.574   -5.671   -4.114   -3.993   -2.738   -0.432    4.934    5.760    9.166
            0.472973 -0.273071  0.000000
   -6.582   -5.681   -4.104   -3.996   -2.718   -0.224    4.681    6.033    8.888
            0.486486 -0.280873  0.000000
   -6.588   -5.687   -4.097   -3.998   -2.706   -0.088    4.517    6.230    8.677
            0.500000 -0.288675  0.000000
   -6.589   -5.690   -4.095   -3.999   -2.702   -0.040    4.460    6.304    8.597
            0.493827 -0.270856  0.000000
   -6.585   -5.687   -4.097   -4.000   -2.716   -0.066    4.509    6.247    8.667
            0.487654 -0.253036  0.000000
   -6.571   -5.678   -4.102   -4.005   -2.757   -0.140    4.654    6.093    8.858
            0.481481 -0.235217  0.000000
   -6.547   -5.664   -4.111   -4.014   -2.825   -0.251    4.881    5.878    9.124
            0.475309 -0.217397  0.000000
   -6.515   -5.645   -4.123   -4.025   -2.920   -0.386    5.178    5.633    9.106
            0.469136 -0.199578  0.000000
   -6.473   -5.621   -4.140   -4.038   -3.039   -0.533    5.374    5.529    8.790
            0.462963 -0.181758  0.000000
   -6.423   -5.592   -4.163   -4.054   -3.178   -0.682    5.115    5.919    8.496
            0.456790 -0.163939  0.000000
   -6.363   -5.560   -4.194   -4.071   -3.333   -0.828    4.859    6.331    8.230
            0.450617 -0.146120  0.000000
   -6.295   -5.525   -4.236   -4.089   -3.494   -0.968    4.612    6.735    8.014
            0.444444 -0.128300  0.000000
   -6.217   -5.489   -4.296   -4.107   -3.652   -1.101    4.376    7.045    7.913
            0.438272 -0.110481  0.000000
   -6.132   -5.451   -4.383   -4.123   -3.791   -1.228    4.151    7.111    8.019
            0.432099 -0.092661  0.000000
   -6.038   -5.414   -4.505   -4.138   -3.899   -1.349    3.940    6.994    8.103
            0.425926 -0.074842  0.000000
   -5.936   -5.379   -4.658   -4.149   -3.976   -1.467    3.742    6.831    8.010
            0.419753 -0.057022  0.000000
   -5.827   -5.346   -4.831   -4.155   -4.029   -1.583    3.558    6.664    7.827
            0.413580 -0.039203  0.000000
   -5.710   -5.319   -5.011   -4.156   -4.067   -1.697    3.389    6.504    7.654
            0.407407 -0.021383  0.000000
   -5.589   -5.297   -5.190   -4.151   -4.095   -1.810    3.235    6.358    7.499
            0.401235 -0.003564  0.000000
   -5.477   -5.347   -5.281   -4.139   -4.115   -1.924    3.097    6.227    7.361
            0.395062  0.014256  0.000000
   -5.552   -5.304   -5.272   -4.128   -4.121   -2.039    2.974    6.111    7.240
            0.388889  0.032075  0.000000
   -5.701   -5.270   -5.171   -4.133   -4.098   -2.155    2.868    6.011    7.137
            0.382716  0.049894  0.000000
   -5.842   -5.272   -5.031   -4.130   -4.071   -2.273    2.778    5.929    7.052
            0.376543  0.067714  0.000000
   -5.970   -5.280   -4.893   -4.115   -4.042   -2.392    2.705    5.863    6.985
            0.370370  0.085533  0.000000
   -6.082   -5.291   -4.763   -4.082   -4.012   -2.513    2.650    5.814    6.936
            0.364198  0.103353  0.000000
   -6.179   -5.304   -4.649   -4.023   -3.984   -2.636    2.614    5.783    6.905
            0.358025  0.121172  0.000000
   -6.259   -5.319   -4.560   -3.959   -3.929   -2.760    2.595    5.768    6.892
            0.351852  0.138992  0.000000
   -6.321   -5.334   -4.498   -3.938   -3.801   -2.885    2.596    5.771    6.898
            0.345679  0.156811  0.000000
   -6.367   -5.349   -4.458   -3.923   -3.642   -3.010    2.616    5.792    6.921
            0.339506  0.174631  0.000000
   -6.395   -5.363   -4.432   -3.915   -3.462   -3.135    2.656    5.830    6.963
            0.333333  0.192450  0.000000
   -6.406   -5.375   -4.416   -3.914   -3.278   -3.247    2.716    5.885    7.024
            0.323810  0.186952  0.000000
   -6.400   -5.339   -4.456   -3.905   -3.466   -3.302    2.503    5.688    6.812
            0.314286  0.181453  0.000000
   -6.398   -5.301   -4.499   -3.896   -3.641   -3.358    2.295    5.495    6.606
            0.304762  0.175954  0.000000
   -6.402   -5.261   -4.546   -3.886   -3.801   -3.416    2.091    5.305    6.406
            0.295238  0.170456  0.000000
   -6.412   -5.219   -4.597   -3.945   -3.876   -3.474    1.891    5.121    6.211
            0.285714  0.164957  0.000000
   -6.431   -5.175   -4.651   -4.072   -3.866   -3.532    1.695    4.942    6.022
            0.276190  0.159459  0.000000
   -6.460   -5.130   -4.708   -4.181   -3.856   -3.591    1.504    4.769    5.839
            0.266667  0.153960  0.000000
   -6.500   -5.083   -4.764   -4.273   -3.846   -3.650    1.317    4.601    5.662
            0.257143  0.148461  0.000000
   -6.551   -5.035   -4.817   -4.351   -3.836   -3.709    1.134    4.439    5.491
            0.247619  0.142963  0.000000
   -6.614   -4.985   -4.863   -4.418   -3.826   -3.768    0.955    4.282    5.326
            0.238095  0.137464  0.000000
   -6.688   -4.933   -4.901   -4.476   -3.826   -3.815    0.781    4.131    5.166
            0.228571  0.131966  0.000000
   -6.771   -4.929   -4.880   -4.528   -3.883   -3.805    0.611    3.987    5.013
            0.219048  0.126467  0.000000
   -6.862   -4.948   -4.826   -4.575   -3.939   -3.795    0.445    3.848    4.865
            0.209524  0.120969  0.000000
   -6.959   -4.958   -4.770   -4.619   -3.995   -3.785    0.284    3.715    4.724
            0.200000  0.115470  0.000000
   -7.060   -4.960   -4.713   -4.659   -4.049   -3.775    0.127    3.588    4.588
            0.190476  0.109971  0.000000
   -7.163   -4.956   -4.697   -4.654   -4.102   -3.765   -0.026    3.466    4.459
            0.180952  0.104473  0.000000
   -7.266   -4.947   -4.732   -4.595   -4.153   -3.756   -0.175    3.351    4.336
            0.171429  0.098974  0.000000
   -7.369   -4.934   -4.766   -4.535   -4.202   -3.746   -0.319    3.242    4.218
            0.161905  0.093476  0.000000
   -7.470   -4.918   -4.798   -4.473   -4.250   -3.737   -0.459    3.138    4.107
            0.152381  0.087977  0.000000
   -7.568   -4.900   -4.828   -4.412   -4.295   -3.729   -0.595    3.041    4.003
            0.142857  0.082479  0.000000
   -7.662   -4.880   -4.856   -4.349   -4.339   -3.720   -0.726    2.949    3.904
            0.133333  0.076980  0.000000
   -7.753   -4.883   -4.859   -4.380   -4.286   -3.713   -0.852    2.863    3.811
            0.123810  0.071481  0.000000
   -7.838   -4.908   -4.838   -4.418   -4.224   -3.705   -0.974    2.784    3.725
            0.114286  0.065983  0.000000
   -7.918   -4.932   -4.817   -4.455   -4.161   -3.698   -1.090    2.710    3.645
            0.104762  0.060484  0.000000
   -7.993   -4.953   -4.797   -4.489   -4.099   -3.691   -1.202    2.642    3.571
            0.095238  0.054986  0.000000
   -8.062   -4.973   -4.777   -4.520   -4.038   -3.685   -1.307    2.580    3.504
            0.085714  0.049487  0.000000
   -8.125   -4.991   -4.759   -4.548   -3.979   -3.680   -1.407    2.524    3.443
            0.076190  0.043989  0.000000
   -8.182   -5.008   -4.741   -4.574   -3.922   -3.674   -1.500    2.474    3.388
            0.066667  0.038490  0.000000
   -8.233   -5.022   -4.726   -4.596   -3.868   -3.670   -1.586    2.429    3.340
            0.057143  0.032991  0.000000
   -8.277   -5.035   -4.712   -4.616   -3.817   -3.666   -1.664    2.391    3.298
            0.047619  0.027493  0.000000
   -8.314   -5.046   -4.700   -4.633   -3.772   -3.663   -1.732    2.359    3.262
            0.038095  0.021994  0.000000
   -8.345   -5.054   -4.690   -4.647   -3.732   -3.660   -1.791    2.332    3.233
            0.028571  0.016496  0.000000
   -8.369   -5.061   -4.682   -4.658   -3.699   -3.658   -1.838    2.311    3.211
            0.019048  0.010997  0.000000
   -8.386   -5.066   -4.676   -4.665   -3.675   -3.656   -1.872    2.297    3.195
            0.009524  0.005499  0.000000
   -8.397   -5.069   -4.673   -4.670   -3.660   -3.655   -1.894    2.288    3.185
            0.000000  0.000000  0.000000
   -8.400   -5.070   -4.672   -4.672   -3.655   -3.655   -1.901    2.285    3.182
